13.9275020833333 14.0691570833333 12.9080570833333 12.6360645833333 12.9274445833333 16.3424891666667 15.4414383333333 17.0782333333333 18.6568195833333 17.6714820833333
14.0245208333333 14.14402625 13.0305070833333 12.7589770833333 13.2408625 16.380625 15.68894875 17.1303529166667 18.8041575 17.9438291666667
14.5029658333333 14.5059133333333 13.4041820833333 13.1482058333333 13.97554375 16.4670516666667 16.23332875 17.24633375 19.13602625 18.54848
15.0956008333333 14.9290454166667 13.9350383333333 13.4909291666667 13.54474125 16.7303445833333 16.9723625 17.512045 19.5773616666667 19.1072291666667
14.74392125 14.64750875 13.9539058333333 13.1078529166667 12.69088 16.98787125 17.5555333333333 17.7454391666667 20.0494916666667 18.9521029166667
13.9593820833333 14.6587916666667 13.7661716666667 12.6627833333333 12.4333925 17.1960533333333 18.7535504166667 18.4807154166667 21.1115270833333 19.2235858333333
14.4589375 15.7410641666667 14.5608220833333 12.9437266666667 13.01952625 17.2920633333333 18.6322283333333 19.1364025 21.6950266666667 18.92468
15.6017516666667 16.9638508333333 15.3260108333333 13.7444495833333 13.99851625 18.2118120833333 19.1423975 20.2745483333333 22.7783125 19.43684
16.4827758333333 18.0229075 16.2337925 14.73295125 14.74623375 19.6290375 19.7017020833333 21.5384104166667 24.2191416666667 20.3102383333333
17.7474379166667 19.155445 17.3376095833333 15.6031025 15.59760625 20.9406979166667 19.75553625 22.46132875 25.1292604166667 20.86996375
19.4313395833333 20.67274875 18.93245625 16.8347225 16.7463083333333 21.6082704166667 20.1505775 23.5302375 25.7193629166667 21.8193829166667
21.5658533333333 22.3305433333333 20.7366895833333 18.8814825 18.43047875 22.82635875 20.8982241666667 24.7990075 26.5951866666667 23.25406625
23.3927229166667 23.8832241666667 22.3231408333333 20.8498608333333 20.31096125 24.12851625 21.5562054166667 26.0003875 27.2803545833333 25.0400479166667
25.7827679166667 26.1080275 24.5837091666667 23.1305566666667 22.4997279166667 25.7076795833333 23.02799 27.5067620833333 28.4038616666667 26.9056908333333
28.2386795833333 28.29631625 27.1594891666667 25.95641 25.0696370833333 28.0135466666667 25.3944683333333 29.3851908333333 30.3292933333333 29.182075
30.7417266666667 30.32225625 29.7170458333333 28.8222116666667 27.9733033333333 30.5093820833333 27.48758375 31.2206204166667 32.12727 31.6378279166667
32.5898070833333 32.1875754166667 31.7244383333333 30.92051125 30.35916375 32.4220875 29.85084375 32.92875125 33.937995 33.41216375
34.6004358333333 34.08709 33.9516708333333 33.23970625 32.4342308333333 35.2673679166667 33.0537604166667 34.332395 36.2783954166667 35.3951329166667
36.7300979166667 36.0118579166667 36.26055375 35.6233804166667 35.1124225 37.9510429166667 35.6374175 36.1198925 38.3274708333333 37.5629191666667
38.2496041666667 37.3295070833333 38.0453433333333 37.5913133333333 38.6401379166667 38.677045 37.75747875 36.52096375 38.8375508333333 40.1973695833333
38.3206025 37.40029875 38.1607283333333 37.7731333333333 39.32358625 38.71702125 37.7969845833333 36.5330266666667 38.8728679166667 40.8000791666667
