13.7958779166667 13.510125 14.1114475 12.8708508333333 13.9750879166667 17.1207375 15.7799829166667 16.4105966666667 17.2488820833333 13.9981458333333
14.0744891666667 13.8338258333333 14.2905791666667 13.0162470833333 14.1918325 17.20848875 15.9908016666667 16.5161283333333 17.4185795833333 14.1812083333333
14.77532125 14.5855383333333 14.7535233333333 13.4708229166667 14.7494195833333 17.4482320833333 16.5241195833333 16.79683 17.8414516666667 14.7424454166667
15.2875779166667 14.5952158333333 14.7979279166667 13.35958625 14.06647375 17.9491604166667 17.0189841666667 17.12258 18.2378229166667 15.04369375
14.5209529166667 14.3786345833333 14.2643633333333 13.0477220833333 13.19161 18.16945625 17.4284175 17.2618679166667 18.2308241666667 15.0893333333333
13.91125875 13.8874733333333 13.6517970833333 12.90535875 12.8953208333333 19.0245666666667 17.94016 17.73365875 19.0613095833333 14.9175175
14.1681816666667 14.5650045833333 13.99424125 13.848225 13.74959125 19.0278279166667 17.864605 17.3035975 17.4337304166667 13.7413933333333
14.9741954166667 15.2792458333333 14.8734479166667 15.0621204166667 14.6113854166667 19.7218891666667 18.2603283333333 18.94240875 18.0990329166667 14.1634279166667
15.9568566666667 16.2302391666667 15.6200666666667 16.2150058333333 15.5213270833333 21.8663491666667 18.9045670833333 20.8078591666667 19.5154608333333 15.09309375
17.0774358333333 17.23043125 16.5749804166667 17.2277925 16.5235516666667 22.2649304166667 19.2760520833333 21.76245625 20.26137375 15.8398775
18.7266583333333 18.4810666666667 17.75438375 18.6741570833333 17.8173254166667 22.1199291666667 19.7656241666667 22.22246 20.9735520833333 16.4659933333333
20.4321904166667 20.0756804166667 19.31172625 20.4781183333333 19.5763829166667 23.30255 20.78906125 23.13773 22.30654 17.69217
22.4917975 21.82551125 21.0870966666667 22.2018445833333 21.4396970833333 24.48294625 22.0810341666667 24.2846375 23.8668175 19.3625708333333
24.7870095833333 23.94477875 23.2692770833333 24.65829875 23.61020625 25.5382225 23.6321708333333 25.7233658333333 25.56473625 21.4733666666667
27.5325725 26.4503916666667 25.8494 27.307945 26.0844533333333 27.6429908333333 26.03875 27.8729229166667 28.0966395833333 24.06508375
30.4440483333333 29.2016254166667 28.62364875 29.8158879166667 28.7686675 29.7933170833333 27.9983579166667 30.1904979166667 30.37534375 26.7745854166667
32.3234033333333 31.3018525 31.2581108333333 32.09344375 31.27316 31.8694208333333 29.7145858333333 32.1392833333333 32.756615 28.7700325
34.7356608333333 33.57406625 33.70839 34.4038529166667 33.6250454166667 34.6824875 32.20596375 34.81765125 35.62193 31.6340891666667
37.3653879166667 36.1307408333333 36.6057645833333 36.5735825 36.2578829166667 37.5899783333333 34.29195625 37.33006625 37.97730375 34.3691154166667
39.5125745833333 39.0914745833333 39.5170575 38.4312304166667 39.2925466666667 38.8923695833333 37.7400958333333 38.20926125 39.1247916666667 38.96231375
39.60625125 39.4200529166667 39.7642583333333 39.01091625 39.6495954166667 38.9269229166667 37.7961779166667 38.218265 39.1682754166667 39.4208770833333
