16.34655125 14.6879070833333 14.1783629166667 14.3897570833333 14.15837625 15.9173316666667 15.5234795833333 15.93288375 13.2260970833333 18.1751604166667
16.4595191666667 14.8717070833333 14.2707833333333 14.4834191666667 14.5050804166667 15.98655125 15.59869875 15.9775204166667 13.2698208333333 18.2776941666667
16.7593179166667 15.368215 14.555295 14.7279504166667 15.2521958333333 16.0769066666667 15.7915604166667 16.0411 13.3542304166667 18.5297983333333
17.0338654166667 15.7023233333333 15.01652 14.8482420833333 15.08909125 16.24693375 16.1297654166667 16.2344004166667 13.59279875 19.1374370833333
17.0173895833333 15.9562466666667 15.2214566666667 14.4966283333333 14.52353125 16.4067425 16.6800183333333 16.5183095833333 13.4747716666667 19.98212125
17.2791170833333 15.8019916666667 15.2797416666667 14.0950683333333 13.5561845833333 17.0063433333333 17.6735408333333 17.1574270833333 13.28968875 21.33014125
18.13598125 16.18708625 15.9288570833333 14.6772425 13.90374625 17.94374875 19.1131341666667 18.0019775 13.1829491666667 22.3118445833333
19.25212875 16.8952116666667 17.08859625 15.771455 14.57463625 18.776055 20.619255 18.7747604166667 13.35661125 23.2990475
20.34561625 17.55662375 18.087245 16.9965791666667 15.529545 20.2762895833333 21.932695 20.2827575 14.3149683333333 24.0977195833333
21.56374625 18.5002241666667 19.2408141666667 18.1078208333333 16.4629979166667 21.6014604166667 23.1625833333333 21.448625 15.8690433333333 25.2287558333333
23.1613858333333 19.7632045833333 20.6615325 19.6949129166667 17.5678979166667 22.14976875 23.9175025 22.2513266666667 18.4357370833333 25.9038033333333
24.85437125 21.433035 22.1437529166667 21.8520033333333 19.2103083333333 22.0017075 24.7747745833333 23.45786 20.30826625 27.2495683333333
26.6065533333333 23.1006495833333 23.5956691666667 23.8004920833333 21.0054766666667 23.13974875 25.6946241666667 24.7329820833333 21.3358166666667 27.9750441666667
28.5808241666667 25.1094341666667 25.7419141666667 26.1460995833333 23.144595 24.6917704166667 26.2170454166667 26.19752125 22.9393316666667 28.4031325
30.7914383333333 27.3695491666667 27.9080166666667 28.3446520833333 25.545035 26.6368716666667 27.5624758333333 27.8910120833333 25.0194116666667 30.0373666666667
32.63984875 29.6491691666667 30.0058495833333 30.50549875 28.2464304166667 28.58747625 29.1552245833333 29.5387158333333 26.9245829166667 31.9942308333333
34.3282304166667 31.761665 32.1204970833333 32.52342375 30.6032679166667 30.6459075 31.0165879166667 30.7871379166667 28.8704791666667 33.7237883333333
35.973615 33.9841466666667 34.6794270833333 34.3821295833333 32.6321058333333 32.7459975 33.4809279166667 32.2294791666667 30.75602125 35.7581595833333
37.1540620833333 36.1719429166667 36.5722908333333 35.94303125 35.1373229166667 34.7366425 35.81446125 33.0867875 32.5729225 37.5546291666667
37.91413375 37.8873604166667 37.5714216666667 36.87181 37.81391375 35.31941125 36.7488966666667 33.5965275 33.2486366666667 38.3095620833333
37.9510425 38.0334641666667 37.6210054166667 36.9479695833333 38.4209225 35.3542745833333 36.79002375 33.625765 33.2917254166667 38.3458075
