15.7766970833333 14.5656604166667 14.32046875 12.9689166666667 13.5806554166667 16.686345 13.3883608333333 16.6894558333333 16.8069979166667 17.6651445833333
15.8374575 14.8387791666667 14.4839195833333 13.2776233333333 13.7923945833333 16.7859975 13.6872841666667 17.0007308333333 16.9826708333333 17.8514404166667
16.1982804166667 15.3379566666667 14.9774595833333 14.11820625 14.3496554166667 17.1796645833333 14.12742625 17.6632225 17.4684241666667 18.28050875
16.3527995833333 15.0757304166667 15.0907520833333 14.1120304166667 14.0688783333333 17.86578 14.5590916666667 18.5725445833333 18.05349875 18.5754933333333
16.0848829166667 14.6209945833333 15.2219383333333 12.9789108333333 13.0570466666667 18.0501433333333 14.7266054166667 18.9799891666667 18.3439604166667 18.3869204166667
15.4965545833333 14.2516766666667 15.1206529166667 11.4333625 12.89756625 18.9863479166667 14.3807525 19.90923375 18.71610875 18.1918170833333
15.9853208333333 15.13821375 15.86134125 12.0224916666667 13.8962541666667 18.5349158333333 14.04198375 18.9716475 18.35706 17.67139875
17.18874125 16.1588825 17.2459091666667 12.8298225 14.819245 18.6669720833333 14.7630616666667 19.87636 18.8674283333333 18.3188879166667
18.2774558333333 17.2495816666667 17.8820133333333 13.3745354166667 15.7361983333333 20.06970625 15.28778125 20.5978729166667 20.0146283333333 19.3594241666667
19.4003954166667 18.40304 18.838335 14.1904775 16.7380133333333 20.88006125 15.7759716666667 20.9232641666667 20.7233054166667 20.1005775
20.9922816666667 19.7912320833333 20.0130366666667 15.5194829166667 18.1205466666667 21.2838245833333 16.5135429166667 21.27717375 21.6370883333333 21.0789791666667
22.8814366666667 21.54585375 21.5783345833333 17.4702029166667 19.7697170833333 22.26976375 17.9211920833333 22.43590375 22.8711266666667 22.5262658333333
24.61099625 23.4210054166667 23.4676604166667 19.6978504166667 21.6269325 23.8082495833333 19.59002 23.9541620833333 23.63747125 24.0995804166667
26.7716904166667 25.8382354166667 25.727785 22.0937 23.7749979166667 25.1533208333333 21.3828883333333 25.3214195833333 25.31345125 26.0454325
29.116785 28.5487875 28.1507233333333 25.08045 26.2943783333333 27.3491383333333 24.2774308333333 27.45983375 27.7186458333333 28.9728854166667
31.4854891666667 31.32856125 30.5362341666667 28.65857 29.3440670833333 29.6851254166667 26.37243125 29.8197270833333 29.911595 31.1769133333333
33.4823566666667 33.39784625 32.72439875 31.1415491666667 31.38162875 31.6710129166667 28.3285758333333 31.8942908333333 31.9497154166667 33.2066979166667
35.5912054166667 35.4810404166667 34.7461891666667 33.6332008333333 33.7462829166667 34.4951179166667 31.4363804166667 34.8197195833333 34.5684904166667 35.88654
37.3244645833333 37.9710091666667 36.952485 37.07471375 36.4342104166667 36.7243108333333 34.2255479166667 37.0721066666667 37.4042375 38.3905675
38.66911875 40.2547208333333 39.2555729166667 41.01698375 40.05455625 38.6618108333333 36.9558420833333 40.3506116666667 39.6645841666667 40.87833125
38.7477266666667 40.4581433333333 39.40816625 41.65971 40.2981183333333 38.7171325 37.0084995833333 40.3730704166667 39.7070079166667 41.2648079166667
