7.91118511363635 9.01878784090908 7.58436443181819 7.553205 7.89251931818181 9.25534602272727 9.0928425 8.16842215909092 8.45579693181819 8.52292363636362
7.93347238636365 9.04047852272727 7.60357602272727 7.57216568181819 7.91154988636365 9.28721045454546 9.10973659090908 8.19218318181819 8.47523284090908 8.54805306818181
7.95886568181819 9.06874602272727 7.62328295454546 7.59643261363635 7.96083647727273 9.31219772727273 9.1451475 8.21122193181819 8.49970602272727 8.58349636363635
7.99566545454546 9.10586386363635 7.64868170454546 7.62652772727273 7.99680340909092 9.34021943181819 9.18133193181819 8.24154511363635 8.53004318181819 8.62574284090908
8.02992920454546 9.17596568181819 7.68437931818181 7.66068681818181 8.03830090909092 9.37451488636362 9.22392545454546 8.27073 8.561535 8.66053363636365
8.08174670454546 9.22602238636365 7.72340488636365 7.7029725 8.10970875 9.41480318181819 9.27460636363635 8.31411272727273 8.59699022727273 8.69622204545454
8.17321227272727 9.29805443181819 7.77856909090908 7.78176170454546 8.20203238636365 9.49929988636365 9.35783011363638 8.35576840909092 8.65586931818181 8.77624568181819
8.45837965909092 9.54417647727273 8.06193443181819 8.01030102272727 8.46559465909092 9.82295420454546 9.56815261363638 8.52903 8.9019975 9.0153675
8.75731806818181 9.81289227272727 8.38191409090908 8.29582704545454 8.75076170454546 10.1587977272727 9.87725522727273 8.75960761363635 9.18695488636365 9.31392136363635
9.30257693181819 10.3711210227273 8.93708284090908 8.85047318181819 9.26634613636365 10.5602082954545 10.39968375 9.17337613636365 9.63020829545454 9.78532670454546
10.5465957954545 11.7683297727273 10.3082314772727 10.1841361363636 10.4849117045455 11.5480970454545 11.4588644318182 10.0440593181818 10.5404621590909 10.6589856818182
13.3561384090909 14.6085518181818 13.0490181818182 12.8344298863636 13.3101163636364 13.8663317045455 13.8422498863636 12.3140382954545 12.7291121590909 12.7322744318182
16.6374470454545 17.3511129545455 16.2304564772727 15.9450753409091 16.1473953409091 16.7945863636364 16.6792575 15.3235711363636 15.7747503409091 15.4596831818182
19.4281459090909 19.6739792045455 19.0603956818182 18.7266255681818 18.5727371590909 19.3085965909091 19.1308639772727 18.1331331818182 18.3820588636364 18.0170785227273
21.4643546590909 21.5891120454545 21.2653056818182 20.8839886363636 20.6328156818182 21.1984520454545 21.0109711363637 20.2508614772727 20.5521855681818 20.3834495454545
22.81008 22.9134354545455 22.7020953409091 22.3951032954545 22.3266061363636 22.5457946590909 22.3105595454545 21.7167460227273 22.0747401136363 22.0247730681818
23.4800669318182 23.6154136363636 23.4822467045454 23.1513722727273 23.1925748863636 23.2664151136364 23.2139219318182 22.8078954545455 22.9356903409091 22.9279990909091
23.6585672727273 23.7939732954545 23.7020515909091 23.4789507954545 23.50084125 23.6453072727273 23.5120336363637 23.3615567045455 23.3562146590909 23.3321928409091
23.6877054545455 23.8095681818182 23.7315289772727 23.67516375 23.7071965909091 23.7811370454545 23.6383626136364 23.4898694318182 23.4173819318182 23.47183875
23.6932090909091 23.8243817045454 23.7319319318182 23.6929029545455 23.7208319318182 23.80792875 23.6605360227273 23.5194671590909 23.4303361363636 23.5029848863636
23.6997190909091 23.8249714772727 23.7321521590909 23.6950189772727 23.7241360227273 23.8097154545454 23.6703804545455 23.5230535227273 23.4425911363636 23.5177547727273
