8.11577454545454 8.98853556818181 8.13402 8.32132806818181 9.44305465909092 9.11586477272727 9.13321261363638 9.70275954545454 9.71255590909092 9.74081761363638
8.13552545454546 9.01274147727273 8.15770465909092 8.34362522727273 9.47013545454546 9.15128863636365 9.15221761363638 9.72679193181819 9.73628045454546 9.76811965909092
8.16465477272727 9.04376659090908 8.19988534090908 8.37135238636365 9.52233272727273 9.180975 9.2014425 9.74555488636365 9.76294670454546 9.81122045454546
8.21061886363635 9.07939125 8.24048011363638 8.40349125 9.57015306818181 9.21679227272727 9.23668738636365 9.77832306818181 9.79643556818181 9.85557068181819
8.25892636363635 9.14083909090908 8.29063568181819 8.44526829545454 9.64052693181819 9.25666909090908 9.30120443181819 9.81456068181819 9.84055125 9.90171136363635
8.32601113636362 9.19662375 8.36059022727273 8.50638715909092 9.71986465909092 9.30202977272727 9.3751575 9.88547590909092 9.91173102272727 9.95879079545454
8.45901 9.31458 8.49256977272727 8.59087295454546 9.89218329545454 9.38311875 9.47060590909092 9.97738772727273 9.99355840909092 10.0363909090909
8.74643045454546 9.55877590909092 8.79629693181819 8.88481329545454 10.1375580681818 9.65815840909092 9.74918795454546 10.2494853409091 10.2049745454545 10.2406609090909
9.09572829545454 9.87312 9.10576568181819 9.22956818181819 10.4637221590909 9.88741090909092 10.01744625 10.5420180681818 10.4720717045455 10.5238261363636
9.69862670454546 10.5058551136364 9.65814715909092 9.83617125 10.9588503409091 10.3090111363636 10.4506353409091 11.0574047727273 10.9635017045455 11.0192478409091
11.2105489772727 11.9561382954545 11.0344196590909 11.3488288636364 12.2344885227273 11.3611169318182 11.3870655681818 12.1683064772727 12.1094178409091 12.0044127272727
14.2197296590909 14.8185214772727 13.7964920454545 14.2502679545455 14.9059885227273 13.7565248863636 13.4984669318182 14.6283923863636 14.4386795454545 14.2343693181818
17.3975570454545 17.4844806818182 16.7443636363636 17.139975 17.4260229545455 16.7313893181818 15.8833728409091 17.4879715909091 16.9946181818182 16.7886784090909
19.8147848863636 19.6952590909091 19.2912439772727 19.6099336363636 19.5796632954545 19.2797372727273 18.2196767045455 19.8627511363636 19.1625821590909 18.9768688636363
21.5573464772727 21.5786519318182 21.213315 21.660135 21.4614855681818 21.23291625 20.0870659090909 21.57934125 21.0342395454545 20.7887396590909
22.9449378409091 22.9180165909091 22.5072013636363 22.9728473863636 22.8874564772727 22.5425468181818 21.5309014772727 22.8196442045455 22.4884984090909 22.2745769318182
23.58237375 23.4544063636364 23.2458559090909 23.5274082954545 23.599425 23.3645025 22.7590929545455 23.53914 23.3611363636364 23.1852371590909
23.7266365909091 23.60965875 23.5641913636364 23.7109254545454 23.8166775 23.6464377272727 23.2758531818182 23.7663344318182 23.7341048863636 23.56476
23.7435402272727 23.7010428409091 23.6297468181818 23.7409932954545 23.8426431818182 23.7036617045455 23.4236635227273 23.8169253409091 23.8246735227273 23.67745125
23.7456446590909 23.7092290909091 23.6363151136363 23.7433936363636 23.8428576136364 23.7088356818182 23.4613823863636 23.8226369318182 23.8320893181818 23.6991477272727
23.7465702272727 23.7133742045455 23.6402290909091 23.7455495454545 23.8429970454545 23.7138207954545 23.4762507954545 23.8227760227273 23.8348878409091 23.7072388636363
