2.08410829268293 2.08938268292683 1.00816658536585 1.66613878048781 1.27290780487805 2.87011463414634 2.33153682926829 2.19209317073171 2.66131073170732 2.09647024390244
2.09894975609756 2.10143682926829 1.0162556097561 1.67593219512195 1.28018902439024 2.87106463414634 2.34082195121951 2.20475 2.66797682926829 2.10915414634146
2.12572170731707 2.12088829268293 1.02393097560976 1.69728536585366 1.2969556097561 2.90081780487805 2.36475829268293 2.22868390243902 2.69577 2.12806756097561
2.13701317073171 2.17713926829268 1.03281609756098 1.72331219512195 1.32195707317073 2.96147487804878 2.38861195121951 2.28310634146341 2.73520634146342 2.15537317073171
2.17098341463415 2.22546707317073 1.05253878048781 1.76871073170732 1.35972512195122 2.94417609756098 2.43175048780488 2.29773024390244 2.78717756097561 2.19080926829268
2.2153987804878 2.29214487804878 1.07823146341463 1.78942487804878 1.39842853658537 3.04246585365854 2.49102756097561 2.35238756097561 2.8513356097561 2.2313087804878
2.29357414634146 2.40173634146341 1.11504414634146 1.83605341463415 1.44191902439024 3.07271097560976 2.55241975609756 2.41566219512195 2.93562731707317 2.28392073170732
2.46400048780488 2.60077219512195 1.2256656097561 1.97573780487805 1.5568843902439 3.21717341463415 2.67271682926829 2.55167634146341 3.11110536585366 2.43235829268293
2.74375682926829 2.89087731707317 1.3981256097561 2.22077195121951 1.7761187804878 3.41350634146341 2.85986073170732 2.77858585365854 3.33223902439024 2.63525024390244
3.2013812195122 3.34020878048781 1.68986341463415 2.60550585365854 2.14692219512195 3.62962926829268 3.13738780487805 3.10445756097561 3.6449956097561 2.94956731707317
3.77736024390244 4.01936195121951 2.35799634146341 3.31879073170732 2.86673585365854 3.96637146341463 3.50655195121951 3.53894902439024 4.00358097560976 3.42133829268293
4.56583926829268 4.69172317073171 3.48480073170732 4.31046804878049 3.85076024390244 4.53966756097561 4.2222156097561 4.27624634146341 4.63075926829268 4.15305024390244
5.00032731707317 5.06437829268293 4.31333658536585 4.88567414634146 4.54258585365854 4.89423195121951 4.75409756097561 4.7902643902439 5.03459146341463 4.71114634146341
5.17270658536585 5.18859121951219 4.79099829268293 5.10076585365854 4.93453658536585 5.06749609756098 5.03974585365854 5.07449048780488 5.17981365853659 5.03996268292683
5.22538658536585 5.22860707317073 5.05066097560976 5.22515 5.16847414634146 5.16716195121951 5.18912268292683 5.19433634146341 5.22751146341463 5.19532268292683
5.23170731707317 5.23170731707317 5.17863975609756 5.23170731707317 5.22663878048781 5.22367 5.23163536585366 5.2221843902439 5.23170731707317 5.2306412195122
5.23170731707317 5.23170731707317 5.22852926829268 5.23170731707317 5.23170731707317 5.23170731707317 5.23170731707317 5.2263687804878 5.23170731707317 5.23170731707317
5.23170731707317 5.23170731707317 5.23170731707317 5.23170731707317 5.23170731707317 5.23170731707317 5.23170731707317 5.22643170731707 5.23170731707317 5.23170731707317
5.23170731707317 5.23170731707317 5.23170731707317 5.23170731707317 5.23170731707317 5.23170731707317 5.23170731707317 5.22649487804878 5.23170731707317 5.23170731707317
5.23170731707317 5.23170731707317 5.23170731707317 5.23170731707317 5.23170731707317 5.23170731707317 5.23170731707317 5.22655804878049 5.23170731707317 5.23170731707317
5.23170731707317 5.23170731707317 5.23170731707317 5.23170731707317 5.23170731707317 5.23170731707317 5.23170731707317 5.22662146341463 5.23170731707317 5.23170731707317
