0.609020243902439 0.947270975609756 1.10107365853659 0.923487804878049 1.13866975609756 1.82171804878049 3.0426 2.15962365853659 2.19045634146341 1.42433536585366
0.614136097560976 0.95353756097561 1.10735268292683 0.917318536585366 1.14709268292683 1.8383843902439 3.06414268292683 2.18481414634146 2.20753243902439 1.43250682926829
0.624903902439024 0.961301707317073 1.1164056097561 0.928276829268293 1.16444902439024 1.85355048780488 3.09385317073171 2.18089951219512 2.22993073170732 1.45771170731707
0.637371463414634 0.989837804878049 1.12950512195122 0.954069024390244 1.18806390243902 1.90342682926829 3.13141414634146 2.24281780487805 2.26120780487805 1.47957926829268
0.658662926829268 0.998999756097561 1.14184975609756 0.998530731707317 1.21589219512195 1.90897585365854 3.17390268292683 2.26347170731707 2.29727268292683 1.52109804878049
0.681177073170732 1.02227829268293 1.17490536585366 1.0303443902439 1.26987951219512 1.97069024390244 3.22601926829268 2.34582292682927 2.32902634146342 1.57550390243902
0.721008292682927 1.06866390243902 1.21941219512195 1.09121463414634 1.31939341463415 1.9926487804878 3.3132956097561 2.44865268292683 2.38691365853659 1.65182926829268
0.852312926829268 1.17991292682927 1.35117048780488 1.23613878048781 1.46668804878049 2.13316243902439 3.47381341463415 2.61207658536585 2.51470609756098 1.81828024390244
1.05475317073171 1.37663804878049 1.54394853658537 1.43514756097561 1.68165926829268 2.39988853658537 3.65899170731707 2.83867024390244 2.68552219512195 2.02260682926829
1.38006243902439 1.73028682926829 1.92336292682927 1.72960048780488 2.09484219512195 2.69204609756098 3.92151975609756 3.11545390243902 2.89034365853658 2.33529170731707
1.97834463414634 2.51809926829268 2.69856902439024 2.49241682926829 2.90012804878049 3.12245463414634 4.27751317073171 3.56820756097561 3.30385829268293 2.93859
3.11843756097561 3.77546219512195 3.82991341463415 3.70966170731707 3.9664087804878 4.03515317073171 4.74129609756097 4.34613073170732 4.04619707317073 3.86759536585366
4.06733926829268 4.55024975609756 4.56630487804878 4.45260951219512 4.67484829268293 4.62125365853659 5.10638926829268 4.84915097560976 4.59422146341463 4.5196943902439
4.67927268292683 4.91020463414634 4.91634195121951 4.85186926829268 5.03509292682927 4.99192243902439 5.21301463414634 5.10322951219512 4.91970195121951 4.92523195121951
5.04499731707317 5.14380951219512 5.15795512195122 5.14852634146341 5.21221804878049 5.1607743902439 5.23170731707317 5.21162 5.09672414634146 5.14260609756098
5.21578853658537 5.22806731707317 5.22835536585366 5.22644512195122 5.23170731707317 5.22649317073171 5.23170731707317 5.23095756097561 5.20993512195122 5.2188443902439
5.23170731707317 5.23170731707317 5.23170731707317 5.23170731707317 5.23170731707317 5.23170731707317 5.23170731707317 5.23170731707317 5.23170731707317 5.23130804878049
5.23170731707317 5.23170731707317 5.23170731707317 5.23170731707317 5.23170731707317 5.23170731707317 5.23170731707317 5.23170731707317 5.23170731707317 5.23170731707317
5.23170731707317 5.23170731707317 5.23170731707317 5.23170731707317 5.23170731707317 5.23170731707317 5.23170731707317 5.23170731707317 5.23170731707317 5.23170731707317
5.23170731707317 5.23170731707317 5.23170731707317 5.23170731707317 5.23170731707317 5.23170731707317 5.23170731707317 5.23170731707317 5.23170731707317 5.23170731707317
5.23170731707317 5.23170731707317 5.23170731707317 5.23170731707317 5.23170731707317 5.23170731707317 5.23170731707317 5.23170731707317 5.23170731707317 5.23170731707317
