0.660281219512195 0.564478292682927 1.22645024390244 1.68754829268293 1.00058853658537 3.11878707317073 3.02195853658537 3.45044585365854 2.98605634146341 3.28672463414634
0.664891219512195 0.570315609756098 1.23192487804878 1.70016902439024 1.00769512195122 3.13704219512195 3.02800463414634 3.47210829268293 3.01185975609756 3.29621780487805
0.677692682926829 0.580583902439024 1.25385341463415 1.73124634146341 1.02547268292683 3.1511787804878 3.04470487804878 3.49807707317073 3.03183073170732 3.31247707317073
0.690158292682927 0.604414634146341 1.27664682926829 1.77281243902439 1.04036292682927 3.19956609756097 3.07356804878049 3.57678390243902 3.07140731707317 3.34429731707317
0.718053414634146 0.622226829268293 1.29728975609756 1.82447780487805 1.06829853658537 3.19728097560976 3.10599341463415 3.59022341463415 3.12050414634146 3.37299682926829
0.753353658536585 0.653635853658536 1.33230219512195 1.88108097560976 1.10072585365854 3.26122682926829 3.15232219512195 3.64167682926829 3.16741097560976 3.42721121951219
0.807218780487805 0.709283658536585 1.39060731707317 1.98137756097561 1.1589043902439 3.29474780487805 3.22923731707317 3.69291341463415 3.23140390243903 3.47009878048781
0.926368048780488 0.827798536585366 1.52706902439024 2.17141365853659 1.29816341463415 3.41719975609756 3.36537219512195 3.81368024390244 3.36578951219512 3.58501048780488
1.15535292682927 1.05130170731707 1.73030390243902 2.4872056097561 1.48380804878049 3.6091843902439 3.56646317073171 3.97615341463415 3.5753556097561 3.77724219512195
1.56759829268293 1.48893292682927 2.07392317073171 2.91371414634146 1.81075414634146 3.80434902439024 3.83713097560975 4.16243243902439 3.81923512195122 4.02134829268293
2.34503268292683 2.34665365853659 2.69098926829268 3.55206756097561 2.48264146341463 4.07471463414634 4.19012073170732 4.41498902439024 4.14296804878049 4.30793487804878
3.47503292682927 3.57016634146341 3.8144087804878 4.36813804878049 3.59651073170732 4.60203365853658 4.67359292682927 4.85333170731707 4.68263829268293 4.81943170731707
4.27915195121951 4.42756463414634 4.54950512195122 4.83496 4.37856512195122 4.95787756097561 4.98820926829268 5.08883487804878 5.01533097560976 5.1165356097561
4.76423780487805 4.86702487804878 4.91142609756097 5.09350707317073 4.83776512195122 5.13525609756098 5.15700609756098 5.19769902439024 5.17934975609756 5.19985975609756
5.05421341463415 5.12599682926829 5.12649341463415 5.20680975609756 5.11151512195122 5.2081143902439 5.22245414634146 5.22283878048781 5.22278463414634 5.22908536585366
5.18460804878049 5.21279536585366 5.21147609756098 5.23165341463415 5.22324487804878 5.21300146341463 5.23146317073171 5.22984 5.23003780487805 5.23170731707317
5.22746609756098 5.22995585365854 5.23050707317073 5.23170731707317 5.23170731707317 5.21390365853659 5.23170731707317 5.22989048780488 5.23170731707317 5.23170731707317
5.23170731707317 5.23170731707317 5.23170731707317 5.23170731707317 5.23170731707317 5.21444317073171 5.23170731707317 5.22994073170732 5.23170731707317 5.23170731707317
5.23170731707317 5.23170731707317 5.23170731707317 5.23170731707317 5.23170731707317 5.21497756097561 5.23170731707317 5.2299912195122 5.23170731707317 5.23170731707317
5.23170731707317 5.23170731707317 5.23170731707317 5.23170731707317 5.23170731707317 5.21551682926829 5.23170731707317 5.23004146341463 5.23170731707317 5.23170731707317
5.23170731707317 5.23170731707317 5.23170731707317 5.23170731707317 5.23170731707317 5.21605048780488 5.23170731707317 5.23009195121951 5.23170731707317 5.23170731707317
