0.631191219512195 1.52471414634146 1.09329170731707 0.929621951219512 1.24729804878049 2.27298341463415 2.96009292682927 2.22703024390244 1.92155024390244 1.38770219512195
0.638296829268293 1.53273780487805 1.10082048780488 0.934294146341463 1.25732853658537 2.28896975609756 2.97251317073171 2.23774073170732 1.93242048780488 1.40265
0.648309268292683 1.55288195121951 1.11006146341463 0.945332926829268 1.26084048780488 2.32303682926829 3.00326902439024 2.25254463414634 1.95818731707317 1.42285926829268
0.668603658536585 1.62201707317073 1.12611146341463 0.960397073170732 1.27630146341463 2.40694926829268 3.03072829268293 2.30333195121951 2.00491365853659 1.44672585365854
0.696697804878049 1.68293951219512 1.14181146341463 0.996861707317073 1.29073707317073 2.41851024390244 3.08399292682927 2.31701195121951 2.04438219512195 1.47190463414634
0.735221707317073 1.78319926829268 1.1703743902439 1.01892024390244 1.31478 2.52713146341463 3.13941170731707 2.36868634146341 2.1131887804878 1.51506219512195
0.798077073170732 1.89294097560976 1.20614195121951 1.07928926829268 1.35816926829268 2.56824317073171 3.25324414634146 2.43499073170732 2.19704926829268 1.57426317073171
0.955107560975609 2.05897707317073 1.33817073170732 1.21176463414634 1.48286219512195 2.75108 3.44083487804878 2.57276414634146 2.35343975609756 1.73847634146342
1.19083487804878 2.32226951219512 1.53102219512195 1.42890658536585 1.68166780487805 2.96952780487805 3.61547975609756 2.74797170731707 2.65224048780488 1.97029341463415
1.58097073170732 2.68877804878049 1.88998853658537 1.79731609756098 2.0065043902439 3.19198707317073 3.82143853658537 3.00675756097561 2.95624756097561 2.36175243902439
2.43314536585366 3.32161243902439 2.64122195121951 2.59643487804878 2.69006658536585 3.59847512195122 4.09042926829268 3.45176658536585 3.38435829268293 2.97322878048781
3.6650056097561 4.20754097560976 3.72128829268293 3.77592536585366 3.75179609756097 4.3449412195122 4.60104682926829 4.24026780487805 4.16987634146341 3.84572780487805
4.44529731707317 4.77522853658537 4.47112682926829 4.51318975609756 4.48709341463415 4.84665341463415 4.94987243902439 4.80235804878049 4.8271643902439 4.5218443902439
4.88940487804878 5.07625341463415 4.89410609756098 4.90081902439024 4.90885658536585 5.1411 5.15551902439024 5.07787707317073 5.13812024390244 4.96730707317073
5.15310658536585 5.20682390243902 5.16387048780488 5.15003024390244 5.14200926829268 5.21852731707317 5.22491756097561 5.21831365853659 5.22261609756098 5.18850243902439
5.22801804878049 5.22970341463415 5.22869878048781 5.21998365853659 5.22886365853659 5.23016365853659 5.23108682926829 5.23128243902439 5.23170731707317 5.23122170731707
5.23170731707317 5.23170731707317 5.23170731707317 5.23170731707317 5.23170731707317 5.23170731707317 5.23170731707317 5.23170731707317 5.23170731707317 5.23170731707317
5.23170731707317 5.23170731707317 5.23170731707317 5.23170731707317 5.23170731707317 5.23170731707317 5.23170731707317 5.23170731707317 5.23170731707317 5.23170731707317
5.23170731707317 5.23170731707317 5.23170731707317 5.23170731707317 5.23170731707317 5.23170731707317 5.23170731707317 5.23170731707317 5.23170731707317 5.23170731707317
5.23170731707317 5.23170731707317 5.23170731707317 5.23170731707317 5.23170731707317 5.23170731707317 5.23170731707317 5.23170731707317 5.23170731707317 5.23170731707317
5.23170731707317 5.23170731707317 5.23170731707317 5.23170731707317 5.23170731707317 5.23170731707317 5.23170731707317 5.23170731707317 5.23170731707317 5.23170731707317
