2.13222243902439 1.84116414634146 1.37739853658537 1.46155756097561 1.21819902439024 3.35065756097561 2.92182634146341 3.46674268292683 1.7454687804878 2.64177219512195
2.14641365853659 1.85055634146341 1.39063682926829 1.47372292682927 1.22929609756098 3.36799219512195 2.93449146341463 3.47673341463415 1.75569536585366 2.65654097560976
2.1731956097561 1.86997487804878 1.40547292682927 1.48680024390244 1.25095024390244 3.39441219512195 2.95932146341463 3.49205707317073 1.78226 2.67659658536585
2.20021317073171 1.92968512195122 1.43589487804878 1.50980170731707 1.27394756097561 3.47765146341463 2.97984975609756 3.53905926829268 1.82264902439024 2.72329926829268
2.25135170731707 1.96291634146341 1.47400585365854 1.53845390243902 1.30158243902439 3.48496390243902 3.01450219512195 3.53117853658537 1.8532956097561 2.76044487804878
2.33912609756098 2.00915024390244 1.50863195121951 1.56583048780488 1.33679829268293 3.57089853658537 3.04184707317073 3.54402853658536 1.89073975609756 2.80204707317073
2.46466170731707 2.0934612195122 1.5741543902439 1.61202878048781 1.38515658536585 3.61075609756098 3.09602243902439 3.59376268292683 1.96252926829268 2.89053707317073
2.66444609756098 2.24969585365854 1.72774512195122 1.73297487804878 1.5133512195122 3.71621317073171 3.20481512195122 3.67876463414634 2.13503487804878 3.04828243902439
2.93149756097561 2.51482243902439 1.93166268292683 1.93051365853659 1.73569121951219 3.88078829268293 3.37121780487805 3.79438658536585 2.37120292682927 3.26572487804878
3.30050097560976 2.91296414634146 2.35453146341463 2.22366512195122 2.11610829268293 4.06881292682927 3.5773143902439 3.94665292682927 2.68685804878049 3.51394097560976
3.87925170731707 3.46077292682927 3.12372609756098 2.91774682926829 2.90022609756098 4.33367780487805 3.87358780487805 4.15909268292683 3.15597975609756 3.83454975609756
4.6378587804878 4.33071926829268 4.04634707317073 3.86777853658537 3.93964536585366 4.74048097560976 4.49741292682927 4.64800317073171 3.92814097560976 4.46669780487805
5.0132143902439 4.88479097560976 4.67259024390244 4.47428487804878 4.62423341463415 5.01461097560976 4.94618024390244 4.98277682926829 4.53036536585366 4.89197243902439
5.16665829268293 5.09962902439024 4.98369975609756 4.81235121951219 4.95060073170732 5.15175024390244 5.10143097560976 5.12268707317073 4.87389780487805 5.13429585365854
5.23053365853659 5.20555780487805 5.17770365853658 5.08204268292683 5.15301317073171 5.21473170731707 5.18409487804878 5.21062658536585 5.10411536585366 5.21373195121951
5.23170731707317 5.22898146341463 5.23018512195122 5.21188707317073 5.22663268292683 5.21799463414634 5.22990512195122 5.22262268292683 5.22346634146342 5.22633902439024
5.23170731707317 5.23170731707317 5.23170731707317 5.23170731707317 5.23170731707317 5.21994097560976 5.23170731707317 5.22355463414634 5.23045975609756 5.23170731707317
5.23170731707317 5.23170731707317 5.23170731707317 5.23170731707317 5.23170731707317 5.22033 5.23170731707317 5.22371195121951 5.23170731707317 5.23170731707317
5.23170731707317 5.23170731707317 5.23170731707317 5.23170731707317 5.23170731707317 5.22069658536585 5.23170731707317 5.22386951219512 5.23170731707317 5.23170731707317
5.23170731707317 5.23170731707317 5.23170731707317 5.23170731707317 5.23170731707317 5.22104804878049 5.23170731707317 5.22402707317073 5.23170731707317 5.23170731707317
5.23170731707317 5.23170731707317 5.23170731707317 5.23170731707317 5.23170731707317 5.22136902439024 5.23170731707317 5.22418487804878 5.23170731707317 5.23170731707317
