1.45263463414634 1.65103609756098 1.54561512195122 0.631192926829268 1.35657268292683 1.80768804878049 2.89169682926829 1.60934390243902 2.24390365853659 2.58771048780488
1.45916463414634 1.66067048780488 1.56279073170732 0.637497317073171 1.36988853658537 1.81513195121951 2.90400268292683 1.62455804878049 2.26427487804878 2.60724804878049
1.48033414634146 1.68799463414634 1.57850243902439 0.650186585365854 1.37851292682927 1.83431975609756 2.93578975609756 1.64755902439024 2.28012926829268 2.63056926829268
1.50267024390244 1.72623780487805 1.60414097560976 0.660251951219512 1.39990365853659 1.87884 2.96934146341463 1.71620292682927 2.31130268292683 2.68087487804878
1.54736609756098 1.76366048780488 1.63967463414634 0.688616341463415 1.42325268292683 1.90632731707317 3.00028097560976 1.74805268292683 2.35740536585366 2.72809682926829
1.5971287804878 1.79946512195122 1.68920756097561 0.70318487804878 1.44930682926829 1.96964756097561 3.03908902439024 1.7887012195122 2.39440170731707 2.78527975609756
1.68305073170732 1.85244048780488 1.75876 0.737950975609756 1.50090878048781 2.01912341463415 3.10647195121951 1.87696756097561 2.46843097560976 2.85865097560976
1.83650317073171 2.00382536585366 1.94935487804878 0.84258487804878 1.60754512195122 2.15123146341463 3.27421097560976 2.04258780487805 2.61550634146341 2.99094243902439
2.0945456097561 2.26430804878049 2.1804743902439 1.04667634146341 1.7903443902439 2.36971268292683 3.48348878048781 2.25809390243902 2.82688219512195 3.18123780487805
2.52380048780488 2.64912097560976 2.57329195121951 1.36840658536585 2.13211024390244 2.68052463414634 3.76754219512195 2.62574975609756 3.11901292682927 3.41070975609756
3.28987853658537 3.29314975609756 3.22456951219512 2.08550853658537 2.90678243902439 3.11230902439024 4.14293707317073 3.11811 3.53625365853659 3.75804219512195
4.17817219512195 4.23468317073171 4.21805243902439 3.31574 3.98661707317073 3.96131829268293 4.72548073170732 4.07567951219512 4.27269097560976 4.44542512195122
4.75378414634146 4.80149707317073 4.83194634146341 4.22840634146341 4.68718170731707 4.62010341463415 5.0887543902439 4.66118902439024 4.83935195121951 4.85175926829268
5.05309804878049 5.05921268292683 5.10397463414634 4.72143097560976 5.02610243902439 5.04351024390244 5.20980585365854 4.99051585365854 5.12947170731707 5.08349658536585
5.20028219512195 5.18939926829268 5.22130780487805 5.04350780487805 5.19999902439024 5.20517634146341 5.22991048780488 5.17382731707317 5.22460829268293 5.17774048780488
5.22658634146342 5.22799170731707 5.23170731707317 5.1980812195122 5.22950878048781 5.23170731707317 5.23170731707317 5.22843 5.22951682926829 5.22147926829268
5.23170731707317 5.23170731707317 5.23170731707317 5.2298087804878 5.23170731707317 5.23170731707317 5.23170731707317 5.23170731707317 5.23170731707317 5.23170731707317
5.23170731707317 5.23170731707317 5.23170731707317 5.23170731707317 5.23170731707317 5.23170731707317 5.23170731707317 5.23170731707317 5.23170731707317 5.23170731707317
5.23170731707317 5.23170731707317 5.23170731707317 5.23170731707317 5.23170731707317 5.23170731707317 5.23170731707317 5.23170731707317 5.23170731707317 5.23170731707317
5.23170731707317 5.23170731707317 5.23170731707317 5.23170731707317 5.23170731707317 5.23170731707317 5.23170731707317 5.23170731707317 5.23170731707317 5.23170731707317
5.23170731707317 5.23170731707317 5.23170731707317 5.23170731707317 5.23170731707317 5.23170731707317 5.23170731707317 5.23170731707317 5.23170731707317 5.23170731707317
