3.52178083333333 3.75972416666667 3.65082541666667 3.81900666666667 4.0272225 4.1928625 4.41263708333333 3.88368791666667 4.54586875 4.6182375
3.53067958333333 3.7689025 3.66036833333333 3.82957708333333 4.04005541666667 4.2040275 4.42564458333333 3.89514541666667 4.55802958333333 4.63065958333333
3.54036833333333 3.77973208333333 3.672165 3.84212625 4.05422833333333 4.2169975 4.439935 3.90742208333333 4.57062 4.64389541666667
3.55183666666667 3.79253083333333 3.68659791666667 3.85786166666667 4.070875 4.23344375 4.46385625 3.92078583333333 4.58505791666667 4.66191791666667
3.56473083333333 3.82281458333333 3.70364625 3.87586083333333 4.09150125 4.25023458333333 4.49666958333333 3.93503125 4.60255625 4.68232708333333
3.57975541666667 3.85635916666667 3.724555 3.89833416666667 4.13218041666667 4.27304458333333 4.53956041666667 3.95291583333333 4.62563916666667 4.71803333333333
3.63061291666667 3.90434208333333 3.75726875 3.935615 4.17221791666667 4.30672375 4.58784041666667 3.99058375 4.66594416666667 4.78737708333333
3.73223708333333 4.03234 3.86777625 4.04213833333333 4.30369541666667 4.39170666666667 4.67646041666667 4.08957041666667 4.76972125 4.92416333333333
3.9239525 4.22699291666667 4.036925 4.26538041666667 4.52446708333333 4.564025 4.89815666666667 4.24264 4.9841625 5.11462458333333
4.32649375 4.56486666666667 4.33089208333333 4.63692208333333 4.92090208333333 4.88043375 5.35310875 4.50199625 5.310965 5.50621458333333
5.13952375 5.22502833333333 5.03063041666667 5.2727025 5.63851375 5.51569083333333 6.02510291666667 4.98822583333333 5.85604625 6.07357541666667
6.47988291666667 6.49903625 6.32453166666667 6.50133375 6.81817541666667 6.71503083333333 7.11921208333333 6.03663208333333 6.83864541666667 7.02110291666667
7.88235916666666 7.96903166666667 7.72796875 7.928345 7.94771416666666 8.09511166666667 8.34708541666667 7.31960041666667 8.11998541666667 8.03826958333334
9.15356458333333 9.21604708333333 9.0519775 9.19559375 8.995495 9.360505 9.38749083333333 8.55993166666667 9.20299083333333 9.01394333333333
10.1568195833333 10.3818620833333 10.1608675 10.2162675 9.95346875 10.4582320833333 10.50288625 9.83903666666667 10.2593379166667 10.1081520833333
10.9676375 11.1873508333333 10.9802941666667 10.95745375 10.7652983333333 11.1956633333333 11.2447995833333 10.8148466666667 11.1501433333333 10.9894479166667
11.41823625 11.58935875 11.4198166666667 11.32057625 11.3602929166667 11.5789116666667 11.5621679166667 11.4095325 11.57264375 11.4561483333333
11.6249341666667 11.72149 11.6106283333333 11.5561254166667 11.6233075 11.70174875 11.6634508333333 11.6089608333333 11.7327241666667 11.6414229166667
11.6984916666667 11.7535654166667 11.6884695833333 11.6241129166667 11.7433708333333 11.72289375 11.6981508333333 11.6406766666667 11.7574466666667 11.7183883333333
11.7033020833333 11.7541654166667 11.7030529166667 11.6291445833333 11.7470195833333 11.7256379166667 11.7029416666667 11.6477083333333 11.7590091666667 11.72609375
11.706255 11.75467625 11.7058641666667 11.6340058333333 11.7482479166667 11.7279466666667 11.7073391666667 11.6529929166667 11.7591854166667 11.7275954166667
