3.56711958333333 3.99955416666667 3.78220083333333 4.0749075 4.05687958333333 3.98648708333333 4.51917 4.2599125 4.52786291666667 4.59192166666667
3.57808416666667 4.01204333333333 3.79181833333333 4.08483833333333 4.068575 3.99805291666667 4.53164208333333 4.27230041666667 4.53971083333333 4.60516791666667
3.59144041666667 4.03656666666667 3.80433708333333 4.09930958333333 4.08300875 4.00953958333333 4.54764458333333 4.28623708333333 4.55433375 4.61922791666667
3.60505833333333 4.07597291666667 3.8193825 4.11948625 4.10736708333333 4.02440333333333 4.57739291666667 4.30211416666667 4.57083833333333 4.63535125
3.62032583333333 4.10335791666667 3.83980541666667 4.14878125 4.13139083333333 4.04211791666667 4.61410833333333 4.32004708333333 4.58774291666667 4.6540675
3.63822083333333 4.13287708333333 3.86235416666667 4.20887166666667 4.17188041666667 4.0632175 4.64748291666667 4.33980791666667 4.606785 4.67561125
3.66484875 4.1837025 3.91359541666667 4.2574275 4.22647375 4.09165458333333 4.70903083333333 4.38244625 4.63550333333333 4.71651416666667
3.76256916666667 4.31140541666667 4.02098625 4.41324541666667 4.32066875 4.18428125 4.83292 4.45528041666667 4.70723875 4.85014625
3.91454583333333 4.5532925 4.18181416666667 4.61440083333333 4.49573541666667 4.375395 4.99993041666667 4.60798708333333 4.85032458333333 5.03715958333333
4.29002791666667 4.92237291666667 4.4861075 5.02507458333333 4.87311333333333 4.77034916666667 5.37139208333333 4.89095875 5.19597416666667 5.412565
4.99134583333333 5.60957833333333 5.15671958333333 5.71430833333333 5.43173916666667 5.36077416666667 5.92982 5.38506416666667 5.71540125 5.98116083333333
6.183225 6.67741291666667 6.26629041666667 6.958595 6.47079708333333 6.38977 7.02087166666667 6.44534708333333 6.6335625 6.92932625
7.55231166666667 7.75438791666667 7.53733916666667 8.20424208333334 7.60108916666667 7.61525166666667 7.99324083333333 7.58204583333333 7.88461916666667 8.01134625
8.88600375 8.81211083333333 8.64702083333333 9.27630708333333 8.83086958333334 8.83962791666667 9.07872666666667 8.56904625 8.95216416666667 9.02340916666666
10.04022875 9.99828541666667 9.77488208333333 10.3284783333333 10.02396875 9.95232125 10.1637958333333 9.60989125 9.93393208333333 10.0958554166667
10.9998554166667 10.86706375 10.7810158333333 11.2151854166667 10.8706945833333 10.7521345833333 11.0098366666667 10.6430695833333 10.6521125 10.989145
11.5045816666667 11.39273375 11.35818625 11.5842891666667 11.4076270833333 11.3337495833333 11.4406883333333 11.2474691666667 11.1421575 11.50187625
11.6805966666667 11.6732425 11.6015129166667 11.7307695833333 11.6286404166667 11.640725 11.56640875 11.5307879166667 11.50267875 11.7001029166667
11.7561320833333 11.7391495833333 11.6689841666667 11.7550079166667 11.7478020833333 11.70710625 11.6240233333333 11.6194375 11.71346125 11.7253791666667
11.7570908333333 11.7416466666667 11.6781933333333 11.7556641666667 11.7497620833333 11.7096525 11.6311733333333 11.6260316666667 11.7386745833333 11.72805625
11.7576066666667 11.74298625 11.6822391666667 11.7562029166667 11.7513879166667 11.71201625 11.6381408333333 11.6320666666667 11.7404066666667 11.7305545833333
