3.69745791666667 4.35488083333333 3.66088208333333 3.58383583333333 3.75116208333333 4.41253916666667 4.26749291666667 3.94729083333333 4.13794291666667 4.03276958333333
3.70653 4.36448625 3.671975 3.59318583333333 3.76165458333333 4.42395208333333 4.27920291666667 3.95656291666667 4.14620166666667 4.04363041666667
3.71870166666667 4.38167958333333 3.68180416666667 3.60491875 3.78710416666667 4.43486625 4.29170291666667 3.96824458333333 4.15655708333333 4.05579833333333
3.73386375 4.40475125 3.6914675 3.61889875 3.80538125 4.446355 4.30702916666667 3.98292958333333 4.16984958333333 4.06968583333333
3.75694875 4.42310041666667 3.70319833333333 3.64048666666667 3.82761666666667 4.46321583333333 4.32679125 3.99588625 4.1842825 4.08398833333333
3.77924208333333 4.44562083333333 3.71972125 3.67937333333333 3.8561875 4.48109375 4.34740625 4.01300791666667 4.20318208333333 4.101275
3.80597083333333 4.47865125 3.74406791666667 3.72425833333333 3.88723125 4.52084916666667 4.37778 4.03651541666667 4.22847375 4.16480416666667
3.88811166666667 4.59618916666667 3.86043625 3.82743083333333 3.97017125 4.67541083333333 4.45764041666667 4.12798958333333 4.29215083333333 4.27060625
4.09032375 4.77685083333333 4.06347666666667 3.99830041666667 4.15051208333333 4.88955083333333 4.65851208333333 4.31142916666667 4.41277541666667 4.40491666666667
4.49264 5.15576875 4.40701041666667 4.36070708333333 4.47414 5.23254458333333 5.02582666666667 4.62483208333333 4.70653625 4.6969775
5.18218208333333 5.92193875 5.06166 5.06005083333333 5.07466916666667 5.95787208333334 5.66389916666667 5.14279041666667 5.27921583333333 5.19542708333333
6.47638791666667 7.18872416666667 6.27346583333333 6.22649041666667 6.2438075 7.15150833333333 6.82764375 6.24451541666667 6.35353625 6.11891125
7.9498825 8.35833916666667 7.67951583333333 7.59368 7.50439333333334 8.33223583333333 8.27391625 7.560005 7.74560625 7.25807041666667
9.26018 9.42386166666667 9.11402791666666 8.90623041666666 8.73303375 9.50385125 9.43475791666667 8.88321125 9.0171475 8.45302125
10.3405195833333 10.48001 10.3527845833333 10.0972983333333 9.82893625 10.4795854166667 10.3793808333333 10.0016058333333 10.0986058333333 9.59109833333333
11.13989125 11.25108125 11.229315 10.9643208333333 10.78282625 11.2101741666667 11.0668516666667 10.9095295833333 10.9186870833333 10.5488908333333
11.5668708333333 11.6300204166667 11.6309941666667 11.3829941666667 11.3816795833333 11.5504579166667 11.4584129166667 11.448335 11.4787954166667 11.13843125
11.7052375 11.7502983333333 11.74854875 11.5958595833333 11.6037920833333 11.6683133333333 11.63796875 11.655845 11.66169375 11.4489191666667
11.72307625 11.7545508333333 11.75950625 11.7377975 11.7376791666667 11.7398295833333 11.6493220833333 11.6778 11.69495 11.5686745833333
11.7256570833333 11.75513375 11.7596516666667 11.7447425 11.7443008333333 11.7462179166667 11.6535695833333 11.6815220833333 11.69774125 11.5831470833333
11.7275954166667 11.7557429166667 11.7597475 11.7460841666667 11.7456983333333 11.74704125 11.6573316666667 11.68445375 11.700375 11.5901179166667
