2.444977 2.829222 2.30863 2.503152 2.708182 3.00439 3.297332 2.848248 2.936503 3.10903
2.455786 2.840966 2.319559 2.513769 2.719368 3.017612 3.312219 2.860671 2.949806 3.12265
2.468234 2.8581 2.331285 2.526535 2.731864 3.03287 3.329489 2.874079 2.964746 3.138116
2.482359 2.878443 2.344108 2.540508 2.745844 3.049434 3.347754 2.889112 2.981168 3.155266
2.498747 2.901769 2.359192 2.556744 2.762447 3.068542 3.368961 2.90672 3.000176 3.175004
2.519636 2.929533 2.378217 2.577799 2.783889 3.092856 3.394885 2.930667 3.022713 3.199183
2.574564 2.976169 2.412936 2.62134 2.813741 3.137535 3.439668 2.98998 3.053632 3.230698
2.823446 3.149562 2.610681 2.843512 2.950308 3.383754 3.606234 3.201213 3.224351 3.387456
3.29731 3.656089 3.064028 3.311241 3.423993 3.792667 4.023684 3.606138 3.610679 3.757225
3.872372 4.36383 3.612852 3.872965 4.062305 4.29934 4.600042 4.119272 4.145005 4.272476
4.497029 5.151715 4.214166 4.498391 4.775266 4.843916 5.239112 4.655392 4.729711 4.843806
5.16384 5.992542 4.871016 5.171851 5.55459 5.457395 5.929433 5.237729 5.377145 5.480047
5.891715 6.905728 5.572576 5.903611 6.407394 6.155357 6.726383 5.919294 6.126049 6.193855
6.723702 7.901256 6.364071 6.745099 7.363658 6.93845 7.633765 6.697544 6.961975 7.038841
7.66906 8.992966 7.28064 7.685551 8.432172 7.775951 8.639622 7.581235 7.844728 7.956188
8.719708 10.125648 8.293203 8.689504 9.582419 8.635372 9.692209 8.493059 8.78307 8.895715
9.696772 11.198546 9.304329 9.652139 10.650668 9.486341 10.699494 9.330022 9.665665 9.767938
10.542699 12.099666 10.212809 10.444773 11.557372 10.180657 11.526285 10.028081 10.403165 10.532524
11.101284 12.703241 10.853322 10.982325 12.166132 10.590222 12.111721 10.496209 10.91462 11.051594
11.331005 12.962078 11.153197 11.215052 12.441399 10.698876 12.290704 10.624421 11.08538 11.212949
11.422387 13.080646 11.262934 11.311575 12.56074 10.772231 12.378176 10.702384 11.164488 11.282774
