2.73428571428571 3.11142857142857 2.88244371428572 2.56570828571429 2.95647685714286 2.65295542857143 2.86953571428571 2.60857142857143 2.95341657142857 2.74959714285714
2.90614857142857 3.29851628571429 3.25016457142857 3.24672085714286 3.01951085714286 3.10936942857143 3.21378914285714 2.93857142857143 3.20481571428571 3.07964628571429
2.98527285714286 3.15718085714286 3.41147514285714 3.46657114285714 3.37762257142857 3.26651057142857 3.544652 3.08 3.42571428571429 3.18975428571429
3.00106314285714 3.25195771428572 3.66144457142857 3.56158028571429 3.47660171428571 3.53362971428571 3.73538371428571 3.26857142857143 3.48857142857143 3.346974
3.07971142857143 3.33062628571429 3.560206 3.78356685714286 3.63344657142857 3.72265742857143 3.95592857142857 3.48857142857143 3.64571428571429 3.58277371428571
3.18978628571429 3.39401028571429 3.78500428571429 3.94293542857143 3.74437057142857 3.72428571428571 3.94309571428571 3.61428571428572 3.81857142857143 3.56714285714286
3.58272 3.64540457142857 3.55244342857143 3.84928428571429 3.85904514285714 3.73990342857143 3.94076514285714 3.64571428571429 4.10142857142857 3.61428571428571
3.73993885714286 3.64562857142857 3.826222 4.038394 4.04857257142857 3.85 3.84673828571429 3.77142857142857 3.91285714285714 3.61428571428572
3.80285714285714 4.05428571428571 3.81222714285714 4.16428571428571 4.23837114285714 3.81857142857143 4.11457142857143 3.88142857142857 4.13285714285714 3.78714285714286
4.38428571428571 4.03857142857143 4.070808 4.08571428571429 4.09906428571429 4.00633714285714 4.22664514285714 3.96 4.22714285714286 3.85
4.29 4.11714285714286 4.42332942857143 4.22714285714286 4.41571428571429 4.33714285714286 4.24285714285714 4.24285714285714 4.27428571428571 4.10142857142857
4.68285714285714 4.46285714285714 4.49382657142857 4.35285714285714 4.47857142857143 4.44714285714286 4.27428571428571 4.16428571428572 4.35285714285714 4.19571428571429
4.99714285714286 4.51 4.91857142857143 5.04428571428571 4.76142857142857 4.44714285714286 4.44714285714286 4.57285714285714 4.69857142857143 4.47857142857143
5.28 4.90285714285714 5.31142857142857 5.13857142857143 5.04428571428571 4.68911485714286 4.68293885714286 4.65145057142857 4.87041342857143 4.46305542857143
5.34386514285714 5.091664 5.38020342857143 5.34302085714286 5.18571428571428 4.80571714285714 4.87460714285714 4.86798542857143 5.04513 4.71500714285714
5.40583314285714 5.16425485714286 5.33252171428571 5.26455142857143 5.21203285714286 4.84101228571429 4.83860114285714 4.98386685714286 5.02307142857143 4.79389828571429
5.33826714285714 5.17091514285714 5.33404085714286 5.35563028571429 5.194184 5.26224542857143 5.18588085714286 5.17698685714286 5.31184914285714 5.07228685714286
5.30560342857143 5.26315742857143 5.31679628571429 5.34945628571429 5.32418971428571 5.32232942857143 5.39545771428571 5.39676514285714 5.44147171428571 5.34751228571429
5.35395942857143 5.30203285714286 5.37920685714286 5.369746 5.29340371428571 5.40464 5.43802285714286 5.401292 5.43982542857143 5.41307057142857
5.35784285714286 5.32098085714286 5.32153228571429 5.36196457142857 5.25096685714286 5.30301114285714 5.35985314285714 5.33136571428571 5.350004 5.21376971428571
5.26660771428571 5.32623885714286 5.323684 5.25677942857143 5.27982971428571 5.29943085714286 5.32833571428571 5.265196 5.332792 5.21381428571429
