3.05682057142857 2.751724 2.45206057142857 2.38376457142857 2.81080171428571 2.93715914285714 2.85605028571429 2.88998885714286 2.65571428571429 2.86307457142857
3.42474428571429 2.81019971428572 3.08291142857143 2.63033371428571 3.18446542857143 3.34476828571429 3.09913628571429 3.31507971428572 3.23714285714286 3.16676257142857
3.55580057142857 3.150994 3.535164 2.89104828571429 3.31130171428571 3.597342 3.29196457142857 3.44087285714286 3.55142857142857 3.17917571428571
3.68521485714286 3.415796 3.60686228571429 3.14224657142857 3.59208314285714 4.03643914285714 3.522886 3.69238857142857 3.81857142857143 3.45355085714286
3.60540971428572 3.30587457142857 3.63156742857143 3.45970742857143 3.797218 4.05315457142857 3.55598457142857 3.83390685714286 3.97571428571429 3.42537057142857
3.72015028571429 3.31384085714286 3.69688628571429 3.42206971428571 3.72648971428571 3.91176828571429 3.63970542857143 3.84971085714286 4.05428571428572 3.653882
3.87546514285714 3.65354142857143 3.723652 3.64517942857143 3.80210428571429 4.03775314285714 3.80599142857143 3.84969428571429 3.99142857142857 3.96015914285714
4.19675571428571 3.71770428571429 3.91815771428571 3.70878914285714 3.82402685714286 3.88142857142857 4.02866371428571 4.14857142857143 3.94428571428572 3.78076371428571
4.13486485714286 3.68290228571429 3.89046114285714 3.98958314285714 3.84253542857143 4.10142857142857 4.26135628571429 4.07 4.13285714285714 3.96929314285714
4.43885714285714 3.96564228571429 3.89985514285714 3.93657685714286 3.80162771428572 4.11714285714286 4.12629971428571 4.32142857142857 3.99142857142857 4.03315657142857
4.33734028571429 3.93177085714286 4.09729428571428 4.03582085714286 4.10060857142857 4.36831142857143 4.15950257142857 4.32142857142857 4.19571428571429 4.10843342857143
4.63320314285714 4.28630857142857 4.33262685714286 4.39563542857143 4.29 4.52571428571429 4.53955971428572 4.60428571428571 4.29 4.29846857142857
5.10708828571429 4.72953571428571 5.09142857142857 5.08865685714286 4.36857142857143 4.80857142857143 4.58857142857143 4.68285714285714 4.65142857142857 4.24084714285714
5.29571428571428 5.17 5.37428571428571 5.35326942857143 4.87142857142857 5.02690085714286 4.88714285714286 4.82428571428571 4.88719314285714 4.47754914285714
5.32723057142857 5.06000657142857 5.34715714285714 5.37084 5.06018485714286 5.097856 4.98150171428571 5.15429771428571 4.99732685714286 4.71348342857143
5.31200142857143 5.18135485714286 5.40578228571429 5.34376514285714 5.17028971428572 5.18219857142857 5.27327057142857 5.31755228571429 5.12439257142857 4.78847285714286
5.37500914285714 5.22340714285714 5.38535971428571 5.31055028571429 5.26522028571429 5.26199742857143 5.34356 5.362868 5.33429657142857 4.98428742857143
5.36557371428571 5.22850857142857 5.33354914285714 5.28954942857143 5.30085171428571 5.43836628571429 5.40531571428571 5.37906285714286 5.33043742857143 5.28451114285714
5.396766 5.30029142857143 5.39602057142857 5.32592142857143 5.34627828571428 5.44152485714286 5.42488514285714 5.36404885714286 5.34698542857143 5.38349228571429
5.28984971428571 5.272106 5.31507342857143 5.35968628571429 5.28455028571428 5.43046857142857 5.36193371428571 5.33393257142857 5.29554628571429 5.25736028571428
5.26480142857143 5.29694857142857 5.25674142857143 5.28344628571429 5.31374514285714 5.38157485714286 5.35180857142857 5.24733914285714 5.29182942857143 5.26012514285714
