3.04778 2.89142857142857 2.81647085714286 3.30238485714286 2.72776628571429 3.19587342857143 2.693532 3.26161314285714 2.80759085714286 2.635434
3.47211485714286 3.42571428571429 3.52018542857143 3.40824257142857 3.18157485714286 3.83150314285714 2.81951371428571 3.64490485714286 3.60951 3.09072057142857
3.44142771428571 3.66142857142857 3.53273114285714 3.57168314285714 3.22912942857143 4.15180371428572 3.16513771428572 4.06779514285714 3.78267457142857 3.15621885714286
3.84970142857143 3.70857142857143 3.80665771428571 3.83352542857143 3.35874828571429 4.38952971428571 3.40165228571429 4.36654914285714 3.97124257142857 3.22671885714286
3.91285714285714 3.86571428571429 3.94442228571429 3.87462457142857 3.42478428571429 4.45803085714286 3.56334057142857 4.48134685714286 4.11021228571429 3.32230542857143
3.85 3.89714285714286 4.05976028571429 3.87672342857143 3.47275828571429 4.54333171428571 3.62971142857143 4.42265142857143 4.15980028571429 3.54527828571429
3.94428571428571 3.89714285714286 3.95206428571429 4.05091371428571 3.52 4.239338 3.77142857142857 4.42340457142857 4.05255428571428 3.42778571428571
4.08571428571429 4.00714285714286 3.95709542857143 4.31882514285714 3.53571428571429 4.232608 3.78714285714286 4.36272314285714 4.11677371428571 3.76334285714286
4.18 4.16428571428571 4.17725885714286 4.22805085714286 3.77096085714286 4.47483828571429 4.02285714285714 4.05136142857143 4.28805571428571 3.93902
4.21142857142857 4.27428571428572 4.22450257142857 4.46097514285714 3.94428571428571 4.26033771428571 4.07 4.19448257142857 4.05428571428571 4.19140257142857
4.47857142857143 4.43142857142857 4.25731142857143 4.51152914285714 4.14857142857143 4.40288828571429 4.29 4.21142857142857 4.4 4.14845571428571
4.76142857142857 4.44714285714286 4.63571428571429 4.78620942857143 4.32142857142857 4.38103228571429 4.4 4.27428571428571 4.52571428571428 4.57285714285714
5.24857142857143 4.95 5.35857142857143 5.31142857142857 4.77714285714286 4.74514085714286 4.57285714285714 4.80857142857143 4.65142857142857 4.60428571428571
5.45285714285714 5.20142857142857 5.5 5.46857142857143 5.01285714285714 5.18639485714286 4.95008485714286 5.18571428571429 4.99764942857143 5.13857142857143
5.48412857142857 5.34140885714286 5.49489428571429 5.49417057142857 5.20149942857143 5.263686 5.10738285714286 5.29061771428572 5.14110857142857 5.09532771428571
5.47700485714286 5.34608942857143 5.49714485714286 5.45235457142857 5.248088 5.29732971428571 5.18929742857143 5.36140114285714 5.38729 5.31865657142857
5.43197285714286 5.30240771428571 5.433872 5.44830057142857 5.25410114285714 5.34953085714286 5.35287171428571 5.41728942857143 5.37492142857143 5.30887685714286
5.38965257142857 5.28971657142857 5.36672657142857 5.44247228571429 5.29733628571429 5.33439885714286 5.40840942857143 5.38214314285714 5.39933171428571 5.29934028571429
5.40921257142857 5.37633714285714 5.36866171428571 5.45692228571429 5.381428 5.39627228571429 5.42460285714286 5.39568314285714 5.38189371428571 5.33476657142857
5.36584514285714 5.21924257142857 5.35460628571429 5.39741228571429 5.32647314285714 5.35137885714286 5.32858628571429 5.33434971428571 5.33140828571429 5.193226
5.34993857142857 5.21063057142857 5.26988085714286 5.33779657142857 5.33094142857143 5.30985685714286 5.27191714285714 5.29764028571429 5.30035771428571 5.17938
