3.18181971428571 3.14112314285714 2.89713171428571 3.10887342857143 2.65044657142857 3.37658742857143 2.343566 2.95428571428572 3.119676 2.05757314285714
3.79321914285714 3.40605628571429 3.724952 3.62740171428571 2.78288657142857 4.088974 2.89045428571429 3.59821571428571 3.69824485714286 2.658106
4.03041228571429 3.54896514285714 4.09115485714286 3.89407571428571 2.92409885714286 4.483106 3.19041457142857 3.77088857142857 3.96628428571429 3.04292028571429
4.28135657142857 3.81741657142857 4.18919942857143 4.162002 3.10153228571429 4.90644942857143 3.58821485714286 4.25857142857143 4.34660142857143 3.45769942857143
4.38867857142857 3.88027685714286 4.36053 4.21095285714286 3.14168371428572 4.68998714285714 3.70033085714286 4.27428571428571 4.28563942857143 3.616914
4.38126371428571 4.03759885714286 4.36584485714286 4.13285714285714 3.28994257142857 4.73774857142857 3.83940657142857 4.14857142857143 4.30287142857143 3.63055942857143
4.24068685714286 3.86550314285714 4.31991542857143 3.80285714285714 3.49307914285714 4.52056228571429 3.606512 4.18 4.16226485714286 3.76275485714286
4.14717628571429 4.00608942857143 4.21037657142857 4.02285714285714 3.66084914285714 4.64629685714286 3.81314 4.11714285714286 4.19568028571429 3.83006257142857
4.25808514285714 4.03857142857143 4.14857142857143 4.18 4.04945542857143 4.46102342857143 4.12817771428571 3.99142857142857 4.25857142857143 3.91132971428571
4.22714285714286 4.4 4.10142857142857 4.43142857142857 4.151338 4.41571428571428 4.33714285714286 4.24285714285714 4.33714285714286 4.220646
4.43142857142857 4.16428571428572 4.36857142857143 4.62 4.35629428571429 4.57285714285714 4.19571428571429 4.22714285714286 4.27428571428571 4.32142857142857
4.84 4.66714285714286 4.77714285714286 4.88714285714286 4.64953571428571 4.74571428571429 4.4 4.73 4.79285714285714 4.58614371428571
5.26428571428571 5.20142857142857 5.28 5.31142857142857 5.04428571428571 4.96571428571428 4.65142857142857 5.12285714285714 4.79285714285714 4.90285714285714
5.43714285714286 5.34285714285714 5.43714285714286 5.40571428571429 5.31142857142857 5.32224714285714 4.95 5.37428571428571 5.109848 5.232896
5.446374 5.46864314285714 5.40583485714286 5.448188 5.32715628571428 5.30950228571429 5.23333028571428 5.39016857142857 5.202934 5.35864228571429
5.41918228571429 5.46322142857143 5.35869571428571 5.41430657142857 5.31206542857143 5.35202914285714 5.34324485714286 5.42131057142857 5.27461028571428 5.40221828571429
5.40333371428571 5.47326771428571 5.31914771428571 5.43742571428571 5.374794 5.33493885714286 5.41107828571428 5.36009628571429 5.283096 5.42621942857143
5.34079942857143 5.44276028571429 5.26108085714286 5.36606171428571 5.39767142857143 5.41112771428571 5.38021457142857 5.36343942857143 5.33209428571428 5.39543342857143
5.37282542857143 5.42187942857143 5.27396485714286 5.38735714285714 5.36676771428571 5.41494514285714 5.40245342857143 5.38407085714286 5.40539742857143 5.40094314285714
5.35499685714286 5.36444742857143 5.24988 5.36969485714286 5.33032028571429 5.30091142857143 5.37156 5.26341742857143 5.38050371428571 5.33959314285714
5.35031342857143 5.33392028571429 5.14097114285714 5.29227428571429 5.18207971428571 5.31901057142857 5.31829228571429 5.26801742857143 5.313716 5.32965
