3.66435333333333 4.01950230769231 3.7704541025641 3.8969382051282 4.19269384615385 3.72526512820513 4.39679794871795 4.56850769230769 4.74503487179487 4.69536974358974
3.67366461538462 4.03056487179487 3.78112564102564 3.90642384615385 4.20223717948718 3.73468333333333 4.4120158974359 4.58021230769231 4.75712384615385 4.70769333333333
3.69642256410256 4.05746076923077 3.79960641025641 3.91871282051282 4.22615205128205 3.75667051282051 4.44708128205128 4.59879461538462 4.77583743589744 4.73625
3.82243358974359 4.18613153846154 3.92010256410256 4.03548769230769 4.35056923076923 3.8741141025641 4.59200666666667 4.72009076923077 4.90279435897436 4.84514
4.07379282051282 4.45066538461538 4.19454153846154 4.29546794871795 4.64314307692308 4.1134441025641 4.88504102564103 4.93854358974359 5.12834948717949 5.07097205128205
4.38717974358974 4.77285230769231 4.52761128205128 4.60251846153846 5.00396820512821 4.40374846153846 5.25257 5.16534128205129 5.39148333333334 5.34531717948718
4.79096512820513 5.19617128205128 4.96253923076923 5.02513717948718 5.46233769230769 4.74910333333333 5.69531230769231 5.42232615384615 5.72220743589744 5.68659128205128
5.22760769230769 5.66513025641026 5.44806923076923 5.49733282051282 5.98976384615385 5.07511615384615 6.13119717948718 5.68054717948718 6.01912871794872 6.04669641025641
5.62751897435898 6.10105128205128 5.91519743589744 5.94487205128205 6.50582051282051 5.37269102564102 6.53864666666667 5.89908717948718 6.27641282051282 6.38787102564103
6.00090820512821 6.50890025641026 6.36663923076923 6.35828871794872 7.00122128205128 5.6444482051282 6.9261623076923 6.06124025641026 6.49920076923077 6.66996384615385
6.36441102564103 6.90907743589743 6.81019871794872 6.76466487179487 7.5037741025641 5.86443102564103 7.27609974358975 6.18929897435897 6.68441461538461 6.94578974358975
6.69736564102564 7.2833858974359 7.21325153846154 7.13761051282051 7.97200769230769 6.01785461538462 7.56854923076923 6.27374051282051 6.81297 7.20949102564103
6.97938282051282 7.60194256410256 7.55917794871795 7.46145358974359 8.37601487179487 6.09506871794872 7.78686564102564 6.31686307692308 6.88231153846154 7.41360487179487
7.19019923076923 7.87311743589744 7.85636282051282 7.73880512820513 8.73482897435897 6.12834743589744 7.91737846153846 6.34832128205128 6.92132692307692 7.55703461538462
7.30605205128205 8.03554641025641 8.05014358974359 7.89900794871795 8.98388256410256 6.14531974358974 7.9778558974359 6.36745153846154 6.94457051282051 7.62414717948718
7.36527333333333 8.13488846153846 8.16245512820513 7.98402102564103 9.11546461538461 6.15798384615385 8.00452692307692 6.38312051282051 6.96303871794872 7.64969974358974
7.38883538461538 8.17898743589744 8.20461820512821 8.0200317948718 9.16843538461538 6.16701282051282 8.02142794871795 6.39425512820513 6.97588923076923 7.66519948717949
7.39859230769231 8.19540230769231 8.21928025641026 8.03333820512821 9.18386871794872 6.17424102564102 8.03319102564102 6.40297102564103 6.98602692307692 7.67650384615385
7.40490358974359 8.20322256410256 8.22680435897436 8.04037820512821 9.19067205128205 6.18091282051282 8.04263333333333 6.41057 6.99455076923077 7.68525358974359
7.41007205128205 8.20947871794872 8.23293641025641 8.04663897435897 9.19664256410256 6.18745487179487 8.05154333333333 6.41787051282051 7.00260128205128 7.69360205128205
7.41566948717949 8.21588128205128 8.23915435897436 8.05251846153846 9.20261256410257 6.19368846153846 8.06029153846154 6.42482846153846 7.01001615384615 7.70149358974359
