4.46191666666667 4.66636846153846 3.53418564102564 3.96777051282051 3.94049538461538 4.54839692307692 4.52192435897436 3.7967341025641 4.54852769230769 4.01268641025641
4.47295128205128 4.67774846153846 3.54343076923077 3.97803794871795 3.94963282051282 4.55914051282051 4.53359564102564 3.80609717948718 4.5602458974359 4.02268230769231
4.49375333333333 4.69635743589744 3.55715923076923 3.99797871794872 3.96328076923077 4.57806794871795 4.54989333333333 3.81911333333333 4.57934282051282 4.03679384615385
4.66194743589744 4.84066358974359 3.67557230769231 4.15288666666667 4.07947717948718 4.68734948717949 4.65010230769231 3.90780923076923 4.69029358974359 4.12175487179487
4.91761 5.15118923076923 3.93367179487179 4.40863 4.35876205128205 4.86216358974359 4.89012076923077 4.10209846153846 4.91524256410257 4.35193974358974
5.22426974358974 5.49641538461539 4.23639435897436 4.73076564102564 4.6913982051282 5.06676846153846 5.17217794871795 4.35125717948718 5.16787358974359 4.62249
5.61788923076923 5.97161307692308 4.63488 5.14558923076923 5.12788923076923 5.31169051282051 5.52514897435897 4.68607307692308 5.47755897435897 4.98205282051282
6.0019158974359 6.49218333333333 5.10133307692308 5.55836641025641 5.63807794871795 5.53341923076923 5.89984230769231 5.00331794871795 5.77162333333333 5.35694846153846
6.34096769230769 6.97096794871795 5.53673615384615 5.94190974358974 6.13834282051282 5.72175769230769 6.24848615384616 5.29552487179487 6.02240205128205 5.69372974358974
6.63943384615384 7.38798769230769 5.92468 6.2766982051282 6.61578384615385 5.88044487179487 6.54708717948718 5.58430794871795 6.21163487179487 5.99659692307692
6.93664487179487 7.80903153846154 6.29723153846154 6.60061076923077 7.08737820512821 6.01833666666667 6.83162564102564 5.85142282051282 6.36858205128205 6.27646307692308
7.19221051282052 8.20377769230769 6.65552512820513 6.90015384615385 7.5434558974359 6.11371128205128 7.08709230769231 6.07225128205128 6.47715153846154 6.53133512820513
7.39045282051282 8.50843615384616 6.95394102564103 7.1359041025641 7.93921897435897 6.16408230769231 7.2808717948718 6.21123128205128 6.53516615384615 6.71383358974359
7.55539948717949 8.76965025641026 7.21680076923077 7.32686846153846 8.2977841025641 6.18888538461538 7.41120076923077 6.27551230769231 6.5720558974359 6.81541487179487
7.64678512820513 8.9310417948718 7.38518307692308 7.44282897435897 8.54479282051282 6.20519666666667 7.47811 6.29994230769231 6.59492717948718 6.85883153846154
7.70195641025641 9.03086871794872 7.48339205128205 7.50897743589744 8.68579538461538 6.21749692307692 7.50257 6.31524282051282 6.61220871794872 6.88106769230769
7.72296 9.07207461538462 7.5239641025641 7.53412897435897 8.73725 6.22625846153846 7.51651153846154 6.32539897435898 6.62554435897436 6.89601384615384
7.73178846153846 9.08686051282051 7.5403758974359 7.54255974358974 8.75042358974359 6.23310230769231 7.52725615384616 6.33297384615385 6.63611358974359 6.90601384615385
7.73798230769231 9.0943517948718 7.54794384615384 7.54875564102564 8.75723333333333 6.23993897435897 7.53622948717949 6.34003641025641 6.64417666666667 6.91408666666667
7.74344846153846 9.10051717948718 7.55443923076923 7.55449512820513 8.76324846153846 6.24644717948718 7.54473282051282 6.34687333333333 6.65218102564103 6.92200153846154
7.74888743589744 9.10722128205128 7.56042589743589 7.56008897435897 8.76913282051282 6.25267282051282 7.55309256410256 6.35395205128205 6.65982538461539 6.92985358974359
