3.0867975 3.07822916666667 3.01066291666667 2.84853166666667 3.06947583333333 3.22444708333333 3.07826208333333 2.99351 3.11450125 3.34300833333333
3.09774208333333 3.08947666666667 3.01637666666667 2.85625125 3.07496416666667 3.22952083333333 3.08347583333333 2.99961958333333 3.11986125 3.34960166666667
3.12546416666667 3.1126975 3.02614416666667 2.87615666666667 3.08782416666667 3.23535666666667 3.09011458333333 3.00768 3.12554166666667 3.35885416666667
3.17181208333333 3.149075 3.05701416666667 2.92370166666667 3.12857375 3.24175708333333 3.0978675 3.01401541666667 3.13235958333333 3.37475541666667
3.23549625 3.19827125 3.1147 2.98962458333333 3.20286625 3.249085 3.10731291666667 3.02077416666667 3.14055958333333 3.39204958333333
3.29775958333333 3.24927583333333 3.18744583333333 3.0687175 3.28851 3.25614666666667 3.11621166666667 3.02972083333333 3.14954833333333 3.411535
3.35438791666667 3.30690708333333 3.26932125 3.14993333333333 3.38200916666667 3.26594083333333 3.12662125 3.04241625 3.16208375 3.43871625
3.41109416666667 3.36322875 3.35650916666667 3.21840291666667 3.47581625 3.27630916666667 3.13962458333333 3.05543833333333 3.17894625 3.46767625
3.46151083333333 3.407185 3.4413275 3.28066625 3.56625833333333 3.28463208333333 3.15250583333333 3.06655666666667 3.1921975 3.49133625
3.49918291666667 3.43898083333333 3.50714166666667 3.33970291666667 3.64145541666667 3.28966708333333 3.16246416666667 3.0774825 3.19975625 3.50857458333333
3.52397666666667 3.46109416666667 3.55147833333333 3.39131291666667 3.69388666666667 3.29336 3.16944208333333 3.08163166666667 3.2044975 3.51866916666667
3.53969875 3.47475333333333 3.58110458333333 3.41792583333333 3.72425625 3.29701708333333 3.17376833333333 3.08435041666667 3.20875833333333 3.52303791666667
3.54815125 3.4822975 3.59621 3.43070875 3.73844416666667 3.30075666666667 3.17784791666667 3.08902666666667 3.21301375 3.52698083333333
3.55259416666667 3.48654875 3.6038575 3.43510375 3.74369625 3.30442166666667 3.18193375 3.0928175 3.21729708333333 3.53094958333333
3.55583791666667 3.48953333333333 3.60810875 3.43805708333333 3.74742541666667 3.30815916666667 3.18608458333333 3.096525 3.21953625 3.53491708333333
3.55873833333333 3.49236583333333 3.61151791666667 3.44103708333333 3.75044041666667 3.31191083333333 3.18891375 3.10039166666667 3.22592791666667 3.53888541666667
3.56165208333333 3.49517541666667 3.614285 3.4440275 3.75346875 3.31567083333333 3.19303208333333 3.10407333333333 3.23026416666667 3.54284791666667
3.56456333333333 3.49797458333333 3.61833916666667 3.44755875 3.75648916666667 3.31942625 3.19715041666667 3.10785958333333 3.23460583333333 3.54680625
3.56747291666667 3.5007725 3.62110583333333 3.44999125 3.75875958333333 3.32317166666667 3.20248083333333 3.11163458333333 3.23894708333333 3.55073791666667
3.56979125 3.50356375 3.62515791666667 3.45296958333333 3.76198291666667 3.32691791666667 3.206575 3.11541 3.24329333333333 3.55463083333333
3.57329 3.50635291666667 3.62793125 3.45650541666667 3.76548166666667 3.33065083333333 3.20941833333333 3.11918125 3.24763791666667 3.5585025
