2.68634333333333 3.08638625 2.93943041666667 2.9961175 3.18730708333333 3.056345 3.34023916666667 3.36053958333333 3.14036541666667 3.41687833333333
2.691725 3.09448875 2.94491541666667 3.00234333333333 3.19656791666667 3.06205083333333 3.3452775 3.36671958333333 3.14575791666667 3.42635541666667
2.70210875 3.11215458333333 2.95683708333333 3.0141175 3.22038291666667 3.07042708333333 3.35108583333333 3.3743075 3.15366833333333 3.44239083333333
2.7311875 3.15954541666667 2.99088166666667 3.04804458333333 3.27117958333333 3.0856 3.35843666666667 3.38624333333333 3.16969583333333 3.46658333333333
2.79593666666667 3.24281666666667 3.05027 3.10451416666667 3.34300125 3.10409791666667 3.36693166666667 3.40070208333333 3.19719791666667 3.49311916666667
2.88020375 3.33866708333333 3.12093416666667 3.17816958333333 3.41599958333333 3.12705666666667 3.37693416666667 3.41756125 3.22476083333333 3.52124208333333
2.9753775 3.43669791666667 3.19957833333333 3.26486375 3.49068875 3.15608375 3.38905333333333 3.43961041666667 3.25523583333333 3.56045708333333
3.07310958333333 3.53987041666667 3.28135083333333 3.35084416666667 3.56667 3.1894075 3.40087708333333 3.46069416666667 3.28855458333333 3.59504875
3.16899541666667 3.64282291666667 3.35971375 3.43374 3.636025 3.2198125 3.40903625 3.47906458333333 3.32601541666667 3.61795375
3.26413541666667 3.73305 3.42530375 3.50611291666667 3.67738583333333 3.24751666666667 3.4146325 3.49174666666667 3.35804 3.63508166666667
3.35658875 3.80064125 3.47365208333333 3.55864 3.70171791666667 3.26520833333333 3.41885833333333 3.49735875 3.38139625 3.64469916666667
3.43985208333333 3.83604666666667 3.50485041666667 3.5863375 3.7154725 3.27402333333333 3.42300166666667 3.50344666666667 3.39527791666667 3.64896
3.48810125 3.85025958333333 3.5212375 3.5986875 3.72240333333333 3.28092166666667 3.42717333333333 3.50781291666667 3.4037875 3.65306791666667
3.51245083333333 3.85568458333333 3.52912166666667 3.60374583333333 3.72645708333333 3.28421791666667 3.4313725 3.51216875 3.40945083333333 3.65720458333333
3.52291833333333 3.85928125 3.53330333333333 3.60706291666667 3.72960916666667 3.28778833333333 3.43559416666667 3.51653708333333 3.41139541666667 3.66133583333333
3.52823208333333 3.86257583333333 3.53655 3.6102125 3.73261291666667 3.29425208333333 3.43981166666667 3.52091083333333 3.41778416666667 3.6654675
3.529795 3.86596166666667 3.53973333333333 3.61340041666667 3.73492375 3.29865958333333 3.44405125 3.52528416666667 3.4219175 3.66839416666667
3.53449291666667 3.86935041666667 3.5429175 3.61653166666667 3.73862791666667 3.30181416666667 3.44828541666667 3.52861375 3.42605416666667 3.67367375
3.53853666666667 3.8727375 3.54609458333333 3.61973958333333 3.7416275 3.30520416666667 3.45250041666667 3.53400041666667 3.43019041666667 3.677745
3.5419625 3.87612041666667 3.54927666666667 3.62288416666667 3.74461 3.31187375 3.45671625 3.53730916666667 3.43430541666667 3.681795
3.54478666666667 3.8795075 3.55188041666667 3.62603208333333 3.74759416666667 3.31366291666667 3.46092708333333 3.54265458333333 3.4384175 3.68580541666667
