2.77874625 2.90047208333333 2.61882916666667 2.85262125 3.07516 3.10699583333333 3.1512375 2.8201925 2.97407833333333 3.47833666666667
2.78349291666667 2.90569125 2.62689083333333 2.860105 3.08469208333333 3.11208583333333 3.15611833333333 2.82472666666667 2.9780975 3.48425625
2.79239 2.91357416666667 2.64077583333333 2.87472 3.10346791666667 3.11786041666667 3.16171958333333 2.82931708333333 2.9826375 3.49255083333333
2.81768958333333 2.94211791666667 2.66794333333333 2.90283833333333 3.13567458333333 3.12524458333333 3.16962041666667 2.83369833333333 2.98841375 3.5067575
2.8600475 2.99642791666667 2.71471958333333 2.94848166666667 3.19028166666667 3.13459416666667 3.17847791666667 2.8408975 2.99472583333333 3.53332333333333
2.91516416666667 3.06727916666667 2.77220208333333 3.00826375 3.25318208333333 3.14471791666667 3.18786333333333 2.84811625 3.00217125 3.55767166666667
2.97297208333333 3.140465 2.83435458333333 3.06295 3.32300416666667 3.15881666666667 3.19924666666667 2.8595275 3.01158583333333 3.58970208333333
3.0276425 3.21440208333333 2.89338125 3.12298833333333 3.39067208333333 3.17562375 3.21261083333333 2.8730875 3.02039166666667 3.62544166666667
3.08212166666667 3.28659333333333 2.95581333333333 3.18874583333333 3.46088458333333 3.19095 3.2238525 2.88374083333333 3.026895 3.65745583333333
3.132435 3.34741875 3.00922833333333 3.23845041666667 3.52629333333333 3.2038075 3.23129291666667 2.89042791666667 3.03103333333333 3.67725375
3.16545083333333 3.38831083333333 3.04925708333333 3.26497 3.58554458333333 3.21041958333333 3.23532208333333 2.89603791666667 3.03457416666667 3.69180333333333
3.18332791666667 3.41126875 3.07568291666667 3.27845583333333 3.61914791666667 3.21464125 3.23911541666667 2.90009375 3.03805208333333 3.70086166666667
3.19055125 3.42184916666667 3.08905916666667 3.28476 3.6369475 3.21869041666667 3.24294625 2.90401208333333 3.04154791666667 3.70533458333333
3.19406583333333 3.42724291666667 3.09411083333333 3.2884525 3.64296083333333 3.22278416666667 3.24680958333333 2.9079425 3.04506375 3.70934416666667
3.19695791666667 3.43073375 3.097265 3.2915725 3.64621 3.22689708333333 3.25069625 2.91184708333333 3.04860166666667 3.7133525
3.19983791666667 3.43401791666667 3.10077291666667 3.29458083333333 3.6491575 3.23102833333333 3.25458583333333 2.91569916666667 3.05215125 3.71735416666667
3.20272666666667 3.43732208333333 3.10364791666667 3.29755208333333 3.65200333333333 3.23516416666667 3.25848375 2.91858416666667 3.05571125 3.72134541666667
3.20562041666667 3.44062041666667 3.10653083333333 3.30047625 3.65483041666667 3.23929541666667 3.26239041666667 2.92381666666667 3.05927541666667 3.7253275
3.20849958333333 3.44389375 3.10940708333333 3.30344458333333 3.65702 3.2434225 3.26629375 2.92786833333333 3.062835 3.72930541666667
3.2113725 3.44659958333333 3.11163791666667 3.30633416666667 3.66046333333333 3.24754208333333 3.27020125 2.93181291666667 3.0664025 3.733265
3.21427583333333 3.45050708333333 3.11516875 3.30924458333333 3.66326416666667 3.25165833333333 3.27411208333333 2.93587625 3.06995333333333 3.73721583333333
