3.04502958333333 3.34063875 2.95669916666667 2.92267041666667 3.21404041666667 3.17772791666667 3.11854458333333 3.37319875 3.22297583333333 3.626635
3.0497925 3.3485575 2.96586666666667 2.93150458333333 3.22172791666667 3.18199333333333 3.1230075 3.37882541666667 3.22746791666667 3.63181083333333
3.05616875 3.3693275 2.98127875 2.95199541666667 3.24151916666667 3.18889458333333 3.12811041666667 3.385515 3.23293041666667 3.63857833333333
3.0737275 3.41161791666667 3.0132575 2.99582291666667 3.28668583333333 3.19705125 3.1354175 3.393615 3.23867208333333 3.65037541666667
3.10998458333333 3.47208583333333 3.06209125 3.05819958333333 3.35050541666667 3.20686041666667 3.14433708333333 3.403865 3.24740958333333 3.66555
3.15708166666667 3.54331416666667 3.11876958333333 3.14192458333333 3.42255166666667 3.216095 3.15607583333333 3.41470375 3.25793375 3.6812975
3.21304125 3.61013125 3.18247916666667 3.2214325 3.49611166666667 3.22752833333333 3.16931958333333 3.429785 3.26903166666667 3.69949083333333
3.27000916666667 3.67239375 3.2471475 3.29715375 3.57128458333333 3.24518958333333 3.18196916666667 3.449275 3.28036083333333 3.71621166666667
3.31959291666667 3.72784291666667 3.3056875 3.378825 3.63621291666667 3.26207 3.19108875 3.46799375 3.29077458333333 3.73112833333333
3.35477166666667 3.76772083333333 3.35107416666667 3.44699125 3.68445791666667 3.27110833333333 3.19637791666667 3.47898458333333 3.29679875 3.745455
3.37889375 3.7923575 3.38518541666667 3.49324291666667 3.71244416666667 3.27517375 3.19920708333333 3.48275291666667 3.30081708333333 3.75349916666667
3.3940675 3.80815666666667 3.40918666666667 3.5191275 3.73204583333333 3.280315 3.20295416666667 3.4883875 3.30480916666667 3.75763458333333
3.40056958333333 3.81538208333333 3.42296166666667 3.52847875 3.74151958333333 3.28424208333333 3.20773208333333 3.49254458333333 3.30882041666667 3.76152375
3.40450083333333 3.82001083333333 3.42835208333333 3.53356625 3.7464925 3.28819375 3.21151208333333 3.49673208333333 3.312745 3.76538541666667
3.40764875 3.82377958333333 3.43150625 3.536745 3.74988083333333 3.29216208333333 3.21528916666667 3.500925 3.31672583333333 3.76924833333333
3.4107675 3.82736708333333 3.43513958333333 3.53988625 3.75279708333333 3.2961425 3.2190675 3.50512541666667 3.32072125 3.77310875
3.4138925 3.83091916666667 3.43815 3.54304958333333 3.75508791666667 3.30013458333333 3.22284916666667 3.5093175 3.32471875 3.77696625
3.41701958333333 3.83443916666667 3.44119708333333 3.54620791666667 3.75861333333333 3.30413416666667 3.226625 3.51348333333333 3.32871208333333 3.78082
3.42014041666667 3.83788083333333 3.4441275 3.5493725 3.76150666666667 3.30812666666667 3.23038416666667 3.51763375 3.33269833333333 3.78466083333333
3.42325041666667 3.84123208333333 3.44716458333333 3.5519775 3.76438416666667 3.31210583333333 3.23413625 3.52177208333333 3.3366675 3.78849083333333
3.42636333333333 3.84451166666667 3.45016916666667 3.55569541666667 3.767265 3.31488083333333 3.23789125 3.52590666666667 3.34066333333333 3.7923125
