4.24281552631579 4.78136342105263 4.75602315789474 3.87681210526316 4.67066078947368 5.8996102631579 6.00181710526316 4.76261263157895 5.18405947368421 4.78180236842105
4.24854789473684 4.793765 4.76838763157895 3.89369710526316 4.67639447368421 5.91543 6.01400157894737 4.77231131578947 5.19411921052632 4.78922421052631
4.26854052631579 4.82986289473684 4.79741131578947 3.94702815789474 4.69071078947368 5.96003578947369 6.03915657894737 4.79033105263158 5.21552157894737 4.81458447368421
4.30478763157895 4.89934421052632 4.86100105263158 4.03217578947369 4.72844973684211 6.05216447368421 6.07935052631579 4.81695315789474 5.25913710526316 4.87068447368421
4.38419921052632 5.01851026315789 4.95526368421053 4.15323315789474 4.80235184210526 6.21217052631579 6.13800421052632 4.88346210526316 5.34948578947369 4.95324052631579
4.52188815789474 5.20440684210526 5.11716342105263 4.34520342105263 4.92843552631579 6.39022315789474 6.273695 5.01734894736842 5.50993526315789 5.10461947368421
4.72076868421053 5.45189157894737 5.33800578947368 4.52879657894737 5.12933315789474 6.66437763157895 6.40061447368421 5.17405289473684 5.62286578947368 5.34199552631579
4.94227078947368 5.73238210526316 5.57646105263158 4.74619289473684 5.38874157894737 6.87405631578947 6.51440131578947 5.381735 5.89126447368421 5.53014289473684
5.15129710526316 6.04144368421052 5.79598710526316 5.04052315789474 5.62086710526316 7.09659736842105 6.72363394736842 5.51435078947368 6.26120578947368 5.69758605263158
5.3666147368421 6.32645894736842 6.09593789473684 5.35400394736842 5.88448131578947 7.30381973684211 6.98006763157895 5.68113394736842 6.55109552631579 5.94175657894737
5.69056947368421 6.64919157894737 6.43813078947368 5.68733421052632 6.23688526315789 7.45261763157895 7.17544368421053 5.91538131578947 6.92223 6.2824702631579
6.21465605263158 6.93813710526316 6.83440763157895 6.07364078947368 6.66235289473684 7.59244578947368 7.34789421052632 6.37838605263158 7.12883736842105 6.99511157894737
6.66996236842105 7.20827157894737 7.17369894736842 6.31090921052632 7.09473657894737 7.77912052631579 7.49055947368421 6.50923315789473 7.38769 7.29314657894737
7.00243605263158 7.34342789473684 7.37555210526316 6.66720289473684 7.39955631578948 7.82212026315789 7.50045763157895 6.74411789473684 7.42329026315789 7.63530684210526
7.17584131578947 7.421985 7.42447605263158 6.83510236842105 7.568845 7.83311578947368 7.50779421052632 7.12974605263158 7.44203105263158 7.65738184210526
7.23121973684211 7.43457289473684 7.43402368421053 7.00748631578947 7.60580078947368 7.83960842105263 7.51475552631579 7.17424552631579 7.45883552631579 7.6753247368421
7.23579421052631 7.43849052631579 7.43851605263158 7.03867263157895 7.61352289473684 7.84324789473684 7.51944473684211 7.19198236842105 7.46250473684211 7.68443131578947
7.23850789473684 7.44153342105263 7.44218 7.04191210526316 7.61688710526316 7.84612 7.52349578947369 7.19547263157895 7.46627447368421 7.68875815789474
7.24124210526316 7.44451447368421 7.44578973684211 7.04410921052632 7.62012447368421 7.84891526315789 7.52788105263158 7.19776710526316 7.47002105263158 7.69305210526316
7.24389552631579 7.44745447368421 7.44901947368421 7.04650710526316 7.62330078947368 7.8516 7.53203868421053 7.20255552631579 7.47380868421053 7.69715815789474
7.24650631578947 7.45037552631579 7.45238447368421 7.04946210526316 7.62477210526316 7.85444947368421 7.53607236842105 7.20594947368421 7.47742947368421 7.70162815789474
