4.17240947368421 4.31100210526316 4.401895 3.96083552631579 4.53595052631579 4.29239421052632 5.84573157894737 5.21112105263158 5.02166842105263 5.67917578947368
4.178925 4.32051 4.41063105263158 3.98661947368421 4.54558315789474 4.29878684210526 5.85767552631579 5.23052078947368 5.04280789473684 5.69939263157895
4.20228236842105 4.3416202631579 4.43178157894737 4.04777 4.57087578947368 4.31898868421053 5.90249026315789 5.26738131578947 5.08204447368421 5.72477263157895
4.24270236842105 4.38366710526316 4.48131131578947 4.12770605263158 4.62351947368421 4.36201631578947 5.97477815789474 5.3422952631579 5.13687052631579 5.75741210526316
4.31386421052632 4.45929394736842 4.5643302631579 4.25283078947368 4.71290578947368 4.48152894736842 6.11714184210526 5.45872736842105 5.19289421052632 5.80981657894737
4.43165842105263 4.57714921052631 4.68046052631579 4.42579157894737 4.85041868421053 4.68700473684211 6.31020684210526 5.60443631578947 5.33829736842105 5.8933947368421
4.5976052631579 4.76894026315789 4.84681842105263 4.63653868421053 5.04598973684211 4.93172105263158 6.4732202631579 5.72888736842105 5.46931052631579 6.00447605263158
4.84272736842105 4.99752605263158 5.05370815789474 4.86954552631579 5.24965684210526 5.25496421052632 6.66534684210526 5.91167552631579 5.60816 6.17290289473684
5.065085 5.1961047368421 5.3392147368421 5.08428289473684 5.47915894736842 5.66225973684211 6.8771297368421 6.18972657894737 5.76332894736842 6.29866368421053
5.25219105263158 5.41941657894737 5.52441921052632 5.34913868421053 5.71831684210526 6.15921578947369 7.06596447368421 6.37550842105263 6.07632263157895 6.43631552631579
5.455485 5.63236026315789 5.70380631578948 5.67033736842105 5.98536657894737 6.44520210526316 7.20297921052631 6.53775631578947 6.31124552631579 6.59513842105263
5.81605421052632 5.89730026315789 5.97091078947368 5.97833552631579 6.32751026315789 6.77557184210526 7.3656347368421 6.67472552631579 6.59020710526316 6.94195078947368
6.28583131578947 6.26581631578947 6.37372368421053 6.25170868421053 6.72427657894737 7.04830868421053 7.45633684210526 6.77008184210526 6.69744368421053 7.33067815789474
6.68927210526316 6.47221868421053 6.79944710526316 6.48605789473684 7.10521078947369 7.10572631578947 7.48050421052631 6.77501657894737 6.79441736842105 7.65166447368421
6.94852973684211 6.65052315789474 7.06083236842105 6.64702605263158 7.35958789473684 7.1270102631579 7.48989789473685 6.79116131578947 6.81177868421053 7.93983763157895
7.08535736842105 6.66567921052631 7.20213394736842 6.71773236842105 7.482785 7.15015605263158 7.498215 6.803705 6.830785 8.02682552631579
7.09433052631579 6.6694547368421 7.22982394736842 6.73054315789474 7.49206526315789 7.15474921052632 7.50353894736842 6.80465157894737 6.83190263157895 8.041805
7.09693868421053 6.67220815789474 7.23255578947368 6.73237263157895 7.49433368421053 7.15807894736842 7.50771394736842 6.80876789473684 6.83445526315789 8.04918578947369
7.09958105263158 6.67495710526316 7.23512263157895 6.73436447368421 7.49796210526316 7.16134394736842 7.51184447368421 6.80873421052632 6.83701921052632 8.05154473684211
7.10214578947369 6.677665 7.23758394736842 6.73628342105263 7.50097131578947 7.16452710526316 7.51469842105263 6.81484131578947 6.83956315789474 8.05662184210527
7.10470394736842 6.680385 7.24011842105263 6.73833921052632 7.50370657894737 7.16771105263158 7.51997552631579 6.81821763157895 6.84205657894737 8.06021131578948
