3.52690315789474 3.68047552631579 3.87098342105263 3.90585815789474 4.60881736842105 5.29417078947368 5.24307736842105 5.01836684210526 5.17034289473684 6.17944026315789
3.53245052631579 3.68930342105263 3.87847526315789 3.92113894736842 4.61735815789474 5.31185105263158 5.27150657894737 5.02933736842105 5.18194394736842 6.18842052631579
3.55219026315789 3.70444947368421 3.90663710526316 3.95929052631579 4.63599289473684 5.37123342105263 5.31366315789474 5.05409605263158 5.19242947368421 6.20757105263158
3.59358210526316 3.73779605263158 3.96120052631579 4.02588842105263 4.67921131578947 5.44174394736842 5.38334131578947 5.07045078947368 5.27588052631579 6.25921105263158
3.66850868421053 3.81168105263158 4.05509078947368 4.12309131578947 4.76571789473684 5.5450752631579 5.51184736842105 5.12806789473684 5.61947894736842 6.35606868421053
3.8099802631579 3.9274702631579 4.19251157894737 4.259015 4.91058105263158 5.75369736842105 5.62898657894737 5.31407763157895 5.72974078947368 6.50361815789474
3.99201105263158 4.10037157894737 4.41476131578947 4.46306789473684 5.11714052631579 5.8761997368421 5.76486157894737 5.43900368421053 5.82308736842105 6.69163131578947
4.17580105263158 4.35164526315789 4.64109 4.62392 5.34538552631579 5.99656289473684 5.89725289473684 5.4814702631579 5.90121394736842 6.89506105263158
4.44032078947369 4.59519815789474 4.82748684210526 4.81459578947369 5.57460921052632 6.14677947368421 6.02555342105263 5.48904368421053 5.90609736842105 7.27556
4.71027631578947 4.80013394736842 5.08825105263158 5.07606368421053 5.86386657894737 6.29042289473684 6.13055736842105 5.51765684210526 5.90901315789474 7.58285157894737
5.04772052631579 5.09180710526316 5.39591710526316 5.40667684210526 6.22623105263158 6.43852684210526 6.25825763157895 5.59492184210526 5.91096973684211 7.64737263157895
5.39307526315789 5.52611421052631 5.84114184210526 5.73308368421053 6.67292473684211 6.54425263157895 6.30172289473684 5.64702078947368 5.91363263157895 7.75377578947368
5.770365 6.05309078947368 6.23743684210526 5.93296157894737 7.03964842105263 6.62437105263158 6.33296052631579 5.6548897368421 5.92061842105263 7.85416605263158
6.14644421052632 6.50927973684211 6.43636473684211 6.04156605263158 7.24063631578947 6.66969921052632 6.34060815789474 5.68801763157895 5.95161736842105 7.86953315789474
6.30705842105263 6.78963105263158 6.610555 6.05348078947368 7.34954894736842 6.71337289473684 6.34844710526316 5.68781052631579 5.95113921052632 7.87541710526316
6.37559105263158 6.83159447368421 6.64984236842105 6.06046631578947 7.39415 6.7239702631579 6.35383710526316 5.68678842105263 5.95232526315789 7.88094
6.39073 6.84374263157895 6.65841947368421 6.06286921052632 7.40971842105263 6.72860578947368 6.35501131578947 5.6868 5.95382789473684 7.88330052631579
6.39345210526316 6.85086184210526 6.66101605263158 6.06511868421053 7.41420026315789 6.73058447368421 6.35901157894737 5.68748368421053 5.95540631578947 7.88589342105263
6.39409210526316 6.85379157894737 6.66366 6.06731605263158 7.41689473684211 6.73260263157895 6.36182947368421 5.68769552631579 5.9573397368421 7.88670447368421
6.39804342105263 6.8568052631579 6.66616131578947 6.06954631578947 7.41881552631579 6.73449394736842 6.36458657894737 5.68966184210526 5.95920447368421 7.89235947368421
6.400925 6.85971105263158 6.66879605263158 6.07173236842105 7.42220921052632 6.73634157894737 6.36728 5.69095710526316 5.96104763157895 7.89386315789474
