9.32348569444445 8.91052611111111 9.22996055555556 8.91862666666666 8.37540625 11.4845172222222 11.1392855555556 11.6118959722222 10.8823265277778 8.0911475
9.41507486111111 8.99290541666666 9.29736041666667 9.01782888888889 8.43939666666667 11.5522183333333 11.2293515277778 11.6753613888889 10.9459411111111 8.15483
9.58956277777778 9.14347069444445 9.41290194444445 9.16580125 8.54311333333333 11.6784090277778 11.3661819444444 11.7861794444444 11.0492930555556 8.26878152777778
9.85915819444445 9.34107694444444 9.59103166666667 9.34222402777778 8.69369375 11.8548258333333 11.5464908333333 11.9383119444444 11.1862093055556 8.41724291666666
10.2098981944444 9.57623305555556 9.81871208333333 9.58202638888889 8.90982833333333 12.0956908333333 11.7613919444444 12.1453516666667 11.3870611111111 8.61302166666667
10.7008251388889 9.85859944444445 10.056125 9.89826402777778 9.25431486111111 12.4075244444444 12.0172501388889 12.4706034722222 11.6338866666667 8.86594708333333
10.6793926388889 9.90324388888889 10.0064818055556 9.89982250000001 9.25533722222222 12.7389458333333 12.3677163888889 12.9191794444444 11.8685523611111 9.13367402777778
10.2516159722222 9.77692569444445 9.81525583333333 9.8018525 8.98549611111111 12.8613504166667 12.3704069444444 13.1375875 11.8165791666667 8.95870305555555
10.4062269444444 9.96118861111111 10.0358779166667 10.0315975 9.15147083333333 12.6165934722222 12.1974654166667 12.9407141666667 11.5701647222222 8.59774972222222
10.8799534722222 10.3604348611111 10.4359990277778 10.5122402777778 9.54152930555556 12.8910744444444 12.4004348611111 13.2092502777778 11.8472679166667 8.79120125
11.5446638888889 10.9738911111111 11.0057581944444 11.1920163888889 10.1099270833333 13.4906363888889 12.9623541666667 13.9298226388889 12.4889931944444 9.31772347222222
12.2881390277778 11.6679769444444 11.7481861111111 12.0181275 10.7484554166667 14.287445 13.5772188888889 14.6812831944444 13.1830161111111 9.89776444444444
13.1749606944444 12.5104738888889 12.59983875 12.9881418055556 11.4548698611111 15.1970219444444 14.3837486111111 15.61064875 13.9561093055556 10.5317565277778
14.2634672222222 13.5430463888889 13.6121579166667 14.1534215277778 12.2773926388889 16.2461519444444 15.3167026388889 16.7256988888889 14.9110333333333 11.3004019444444
15.5828126388889 14.7520308333333 14.8673220833333 15.5357951388889 13.2555480555556 17.4587386111111 16.4838825 18.0516963888889 15.9885298611111 12.1651123611111
17.1417156944444 16.3639806944444 16.3508452777778 17.1124977777778 14.4020920833333 19.0857855555556 18.2350683333333 19.6975144444444 17.2138283333333 13.4884365277778
19.3200713888889 18.985815 18.4785647222222 19.2926370833333 16.1387930555556 22.13674625 21.3531501388889 22.2712984722222 19.3352616666667 16.2500579166667
22.6138345833333 20.9351397222222 21.45067875 22.5332120833333 18.63806125 24.7852736111111 22.8925838888889 24.7835061111111 22.5638222222222 17.9321513888889
25.0898141666667 23.1915676388889 23.4033066666667 24.5327747222222 20.1603688888889 26.6940552777778 25.1732222222222 27.0520615277778 24.9316406944444 19.6605638888889
29.4238344444444 26.1278005555556 26.6337279166667 28.0458877777778 23.3689805555556 31.1115658333333 27.9934734722222 30.8463334722222 29.0152973611111 23.5053258333333
30.5995127777778 26.4396672222222 27.3708245833333 29.3297356944444 23.9353661111111 31.7277401388889 28.21163875 31.2570543055556 29.58104625 24.46071375
