12.6888431944444 10.5378702777778 10.48397375 10.75102375 8.69697305555556 12.5671406944444 11.6705133333333 13.4454813888889 10.1933804166667 12.9030309722222
12.7627906944444 10.6386002777778 10.56825 10.8233513888889 8.77992416666667 12.6404043055556 11.7315938888889 13.5069159722222 10.2530619444444 12.9675784722222
12.91245 10.7820998611111 10.6985130555556 10.9482909722222 8.93651013888889 12.7665580555556 11.8247086111111 13.58778625 10.3472083333333 13.0826956944444
13.1243711111111 10.9399969444444 10.8660806944444 11.1271722222222 9.15136291666666 12.9480305555556 11.9409684722222 13.7048673611111 10.4620788888889 13.2523259722222
13.3909925 11.145605 11.1181283333333 11.3602854166667 9.36101444444444 13.1808716666667 12.09534875 13.8492129166667 10.6094048611111 13.497535
13.7573681944444 11.3422098611111 11.42634125 11.6790502777778 9.59166277777778 13.4549676388889 12.3120201388889 14.0387531944444 10.7849156944444 13.8686040277778
13.9110145833333 11.24005125 11.5386838888889 11.8285495833333 9.46997125 13.7651531944444 12.6116670833333 14.2565331944444 10.9524144444444 14.36719
13.8958684722222 11.0721220833333 11.5998963888889 11.6025140277778 9.13913958333333 13.7970269444444 12.8706829166667 14.4570808333333 11.0091644444444 14.8603405555556
14.3257733333333 11.2686254166667 11.9590577777778 11.9976384722222 9.21269388888889 13.21909125 12.9715972222222 14.4137538888889 10.6815247222222 14.9446451388889
14.9577075 11.68464875 12.4741415277778 12.6651147222222 9.54410444444445 13.1686493055556 13.30434 14.6938208333333 10.9730947222222 15.0676863888889
15.7333036111111 12.26606 13.2713069444444 13.5213979166667 10.0603172222222 13.7119416666667 13.9018125 15.5041497222222 11.77337125 15.5794766666667
16.5912905555556 13.0096026388889 14.2458636111111 14.3560426388889 10.6568606944444 14.2560943055556 14.6650634722222 16.2324641666667 12.5478216666667 16.3876066666667
17.5851101388889 13.9002272222222 15.3119340277778 15.3378488888889 11.3316330555555 15.0701863888889 15.6294476388889 17.2596154166667 13.5486811111111 17.3191305555556
18.7552356944444 14.9988798611111 16.577805 16.5623525 12.18989875 16.2113759722222 16.7743354166667 18.4661490277778 14.7516495833333 18.4478525
20.0933380555556 16.3245955555556 18.0854901388889 17.9756222222222 13.2339220833333 17.52863 18.1365827777778 19.8532097222222 16.1190504166667 19.7937645833333
21.6375143055556 17.8942694444444 19.9040427777778 19.7240433333333 14.46582375 19.0779551388889 19.6827325 21.3545519444444 17.6689941666667 21.5937161111111
23.6579229166667 20.0131806944444 22.41291375 22.0400905555556 16.1633019444444 21.9395118055556 22.4228066666667 23.4331644444444 20.2956165277778 23.89783125
26.2830440277778 22.5481265277778 25.2605431944444 25.0914988888889 18.4743740277778 24.7518295833333 24.6992763888889 26.0591790277778 23.8542523611111 26.0596620833333
28.4771130555556 24.46394875 28.1714056944445 27.8539031944444 20.0858629166667 26.9757545833333 27.22326125 28.2957088888889 26.1757131944444 28.1220704166667
31.47851 27.2282315277778 30.7943116666667 31.1667573611111 23.5385722222222 32.18086375 30.9134609722222 31.7001555555556 32.1729547222222 30.6281226388889
32.0628177777778 27.7728880555555 31.1267777777778 31.6520954166667 24.3513518055556 33.5056030555555 31.31382875 32.5982440277778 33.6026683333333 31.3704541666667
