9.14984347222222 7.4327475 9.38692722222222 10.2003602777778 8.15823208333333 13.1606001388889 11.1935270833333 12.2543175 11.0073643055556 14.157555
9.24835125 7.49061208333334 9.45304458333333 10.2894393055556 8.23926569444444 13.2175547222222 11.2743022222222 12.3409434722222 11.0756093055556 14.28477375
9.39653361111111 7.61742375 9.55156791666666 10.4595027777778 8.39867819444444 13.2839551388889 11.3949772222222 12.4727634722222 11.1828461111111 14.4354075
9.60915347222222 7.81920791666667 9.69047263888889 10.6891186111111 8.62624444444444 13.3664161111111 11.5533336111111 12.6146151388889 11.3143343055556 14.6080623611111
9.92744138888889 8.14019097222222 9.94138791666666 10.991745 8.90184625 13.4627304166667 11.7501833333333 12.8050011111111 11.4711559722222 14.7966388888889
10.3716802777778 8.59247527777778 10.3497608333333 11.2549415277778 9.15923055555556 13.5862756944444 12.0465291666667 13.019185 11.6764022222222 15.0104495833333
10.5454923611111 8.68899236111111 10.7836018055556 11.1489893055556 9.03585180555555 13.7348398611111 12.3403179166667 13.2579418055556 11.9073536111111 15.2930015277778
10.47395625 8.51459333333333 10.8979936111111 11.1083513888889 8.75051291666667 13.7093404166667 12.5743556944444 13.3361066666667 11.9969934722222 15.3592697222222
10.9030858333333 8.72059972222222 11.1686065277778 11.5709881944444 8.86864097222222 13.5777576388889 12.7033673611111 13.2468343055556 11.8741170833333 15.1020829166667
11.5828506944444 9.18881541666667 11.7200113888889 12.1305579166667 9.19056819444444 13.9358570833333 13.0959773611111 13.5349680555556 12.1666495833333 15.2543155555556
12.3977658333333 9.83735069444444 12.5134384722222 12.8903504166667 9.7108725 14.66038875 13.8427219444444 14.1121155555556 12.8871873611111 15.7257469444445
13.2745890277778 10.5408398611111 13.4672756944444 13.7900852777778 10.2496386111111 15.3802972222222 14.7486505555556 14.92971875 13.6453955555556 16.3854459722222
14.2846522222222 11.3772620833333 14.5334940277778 14.8769640277778 10.9348380555556 16.2274431944444 15.7443813888889 15.8603418055556 14.5537969444444 17.2715319444444
15.4638736111111 12.4163906944444 15.7505666666667 16.1598561111111 11.8273030555556 17.3103927777778 16.9853534722222 17.0504522222222 15.6629554166667 18.2813741666667
16.9137827777778 13.6046888888889 17.1754406944444 17.6942752777778 12.9452880555556 18.5256638888889 18.4576668055556 18.4319966666667 16.9377793055556 19.4861118055556
18.5797851388889 15.0435845833333 18.8394336111111 19.4833122222222 14.2648761111111 19.9303622222222 20.2123506944444 19.98602 18.4015823611111 20.9477933333333
20.8956530555556 17.2452201388889 20.9310573611111 21.7684661111111 16.1432133333333 22.4782561111111 23.0939991666667 22.4613863888889 20.8023519444445 23.017635
24.2455508333333 20.2416575 24.1805926388889 24.9048283333333 18.4985383333333 25.1249336111111 25.6643765277778 25.4680518055556 23.94387 25.0881931944444
26.8729822222222 22.1433526388889 26.5891202777778 27.3470129166667 20.3709823611111 27.3569704166667 28.2314027777778 28.5035506944444 26.2819893055556 26.5443965277778
30.9738883333333 26.2122663888889 30.0912469444444 31.0230256944445 24.10711 31.9649688888889 31.0977445833333 32.2437968055555 31.3326730555556 29.32736875
31.7197072222222 26.9827308333333 30.5474415277778 31.9857576388889 24.9030905555555 32.8296854166666 31.5351411111111 33.2412113888889 32.3441963888889 30.0250458333333
