7.66881694444445 7.54642527777778 8.78160625 8.11503583333333 8.34871402777778 9.59459111111111 9.96738916666667 8.86733513888889 10.6725101388889 8.31059722222222
7.77865541666667 7.62756388888889 8.85368138888889 8.21407597222223 8.41521861111111 9.68323805555556 10.0373752777778 8.93184152777778 10.7742504166667 8.37700888888889
7.9792575 7.78983222222222 8.98688527777778 8.41852291666667 8.51754819444445 9.84738555555555 10.1264859722222 9.03425527777778 10.9188325 8.49543013888889
8.23145430555555 8.02982833333333 9.16361916666667 8.71876444444444 8.64842361111111 10.0612995833333 10.2492970833333 9.18029791666667 11.094055 8.65616319444444
8.55274222222222 8.29622041666666 9.42889125 9.09744486111111 8.85276097222222 10.3486736111111 10.3933176388889 9.358425 11.296085 8.83624972222223
8.99605402777778 8.53173583333334 9.77019680555555 9.45933277777778 9.09391333333334 10.7392972222222 10.6057440277778 9.57740541666666 11.5293318055556 9.05541916666667
9.09088263888889 8.48362569444445 9.77714430555556 9.36449333333333 8.97145097222222 11.156105 10.8190638888889 9.81418402777778 11.77381875 9.34853611111111
8.72699486111111 8.34073861111111 9.53963291666667 9.15734805555556 8.74730569444444 11.1395065277778 10.7070644444444 9.6572161111111 11.7972248611111 9.296165
8.84897305555555 8.55241416666666 9.59728430555556 9.40400208333333 8.98351708333333 10.8653336111111 10.8778801388889 9.50106958333333 11.48742875 9.07646597222222
9.24628402777778 9.06018972222222 9.96326013888889 9.82197888888889 9.41116319444444 11.02379375 11.1011151388889 9.66092472222222 11.5687413888889 9.22519041666666
9.88867347222222 9.78291791666667 10.5005734722222 10.5004161111111 10.0324644444444 11.5809294444444 11.7179977777778 10.2282941666667 12.0699111111111 9.7327825
10.6804505555556 10.4990809722222 11.1449148611111 11.2504645833333 10.7155519444444 12.2279998611111 12.3399173611111 10.8766327777778 12.6644536111111 10.2802345833333
11.6339848611111 11.248105 11.9140027777778 12.1288438888889 11.3889368055556 13.1387531944444 13.1098951388889 11.6750254166667 13.4624972222222 10.9678751388889
12.8056547222222 12.2095895833333 12.9045756944444 13.1741077777778 12.2627079166667 14.264425 14.1277823611111 12.7482104166667 14.5154243055556 11.8386675
14.2080502777778 13.4234313888889 14.1496030555556 14.4360959722222 13.3947629166667 15.7814475 15.8283144444444 14.1209726388889 15.8737931944444 12.9733866666667
15.8794691666667 15.1311901388889 15.8611947222222 16.0663888888889 14.9093181944444 17.8039398611111 18.2916327777778 16.0225084722222 17.7109122222222 14.7237259722222
18.3199990277778 17.6348594444444 18.1415945833333 18.7671538888889 16.9893986111111 20.6800938888889 19.95393375 18.5076040277778 20.0914126388889 17.0837105555556
21.711505 19.7365729166667 20.1799413888889 21.3044020833333 19.2123702777778 22.80319125 22.4502204166667 20.8052290277778 22.5925713888889 18.9394134722222
23.91823875 22.1492598611111 22.0815904166667 23.4862170833333 21.4638384722222 25.5678801388889 25.258425 23.3402252777778 25.3933438888889 21.6609644444444
28.23261375 25.6180451388889 24.6590638888889 27.5239773611111 23.8753272222222 28.1682808333333 25.8399977777778 25.6600865277778 28.8309208333333 24.47807625
29.4109526388889 25.989415 24.9609893055556 27.9562469444444 24.1233779166667 28.4896406944444 26.0015270833333 25.8838519444444 29.1530644444444 24.9247333333333
