8.92735199999999 9.88738912499999 8.947422 9.15346087499999 10.387360125 10.02745125 10.046533875 10.6730355 10.6838115 10.714899375
8.94907800000001 9.914015625 8.97347512500001 9.17798775 10.417149 10.0664175 10.067439375 10.699471125 10.7099085 10.744931625
8.98112025 9.94814324999999 9.01987387499999 9.20848762500002 10.474566 10.0990725 10.12158675 10.720110375 10.739241375 10.7923425
9.03168074999999 9.987330375 9.06452812500002 9.243840375 10.527168375 10.1384715 10.160356125 10.756155375 10.776079125 10.84112775
9.08481899999999 10.054923 9.11969925000001 9.28979512499999 10.604579625 10.182336 10.231324875 10.79601675 10.824606375 10.8918825
9.15861224999998 10.116286125 9.19664925 9.35702587500001 10.691851125 10.23223275 10.31267325 10.8740235 10.902904125 10.954669875
9.304911 10.246038 9.34182675 9.44996025000001 10.881401625 10.321430625 10.4176665 10.9751265 10.99291425 11.04003
9.62107350000001 10.5146535 9.67592662500001 9.77329462499999 11.151313875 10.62397425 10.72410675 11.274433875 11.225472 11.264727
10.005301125 10.860432 10.01634225 10.152525 11.510094375 10.876152 11.019190875 11.596219875 11.519278875 11.57620875
10.668489375 11.556440625 10.623961875 10.819788375 12.054735375 11.33991225 11.495698875 12.16314525 12.059851875 12.121172625
12.331603875 13.151752125 12.137861625 12.48371175 13.457937375 12.497228625 12.525772125 13.385137125 13.320359625 13.204854
15.641702625 16.300373625 15.17614125 15.67529475 16.396587375 15.132177375 14.848313625 16.091231625 15.8825475 15.65780625
19.13731275 19.23292875 18.4188 18.8539725 19.16862525 18.40452825 17.471710125 19.23676875 18.69408 18.46754625
21.796263375 21.664785 21.220368375 21.570927 21.537629625 21.207711 20.041644375 21.84902625 21.078840375 20.87455575
23.713081125 23.736517125 23.3346465 23.8261485 23.607634125 23.356207875 22.0957725 23.737275375 23.1376635 22.867613625
25.239431625 25.20981825 24.7579215 25.270132125 25.176202125 24.7968015 23.683991625 25.101608625 24.73734825 24.502034625
25.940611125 25.799847 25.5704415 25.880149125 25.9593675 25.70095275 25.03500225 25.893054 25.69725 25.503760875
26.09930025 25.970624625 25.9206105 26.082018 26.19834525 26.0110815 25.6034385 26.142967875 26.107515375 25.921236
26.11789425 26.071147125 25.9927215 26.115092625 26.2269075 26.074027875 25.766029875 26.198617875 26.207140875 26.045196375
26.120209125 26.080152 25.999946625 26.117733 26.227143375 26.07971925 25.807520625 26.204900625 26.21529825 26.0690625
26.12122725 26.084711625 26.004252 26.1201045 26.22729675 26.085202875 25.823875875 26.205053625 26.218376625 26.07796275
