3.77933416666666 4.01743466666666 3.77063866666666 3.87744408333334 4.184703875 4.68023325 4.546881625 4.57589 4.14619470833334 5.05441154166666
3.79130629166666 4.034111125 3.78157679166666 3.887604875 4.194708375 4.69205916666666 4.55799025 4.58750508333334 4.15820808333334 5.06608941666666
3.80810833333334 4.05131558333334 3.79388166666666 3.90116879166666 4.20488383333334 4.70497683333334 4.57159679166666 4.601612125 4.17386383333334 5.07898554166666
3.84793291666666 4.07416533333334 3.81000079166666 3.92055995833334 4.21948770833334 4.71896608333334 4.58470054166666 4.61757404166666 4.19205645833334 5.094276
3.89409808333334 4.10029858333334 3.82871041666666 3.94169829166666 4.23714958333334 4.73480608333334 4.60206816666666 4.63553245833334 4.212256125 5.11116970833334
3.948278125 4.14462583333334 3.84889129166666 3.97028316666666 4.26030229166666 4.755103375 4.62166054166666 4.657863375 4.23609954166666 5.14350329166666
4.00984191666666 4.21365679166666 3.88178816666666 4.03053429166666 4.29487758333334 4.78021179166666 4.64974033333334 4.689966875 4.27137333333334 5.22188745833334
4.182248125 4.34688833333334 3.96178383333334 4.13723475 4.38441070833334 4.849714375 4.76433925 4.77681920833334 4.35753816666666 5.36169104166666
4.46068470833334 4.54967883333334 4.132731625 4.34989775 4.58039908333334 4.98952620833334 4.98310679166666 4.95429595833334 4.51118891666666 5.55877758333334
4.94273541666666 4.912183375 4.50196083333334 4.73212391666666 4.96152341666666 5.273599375 5.39168895833334 5.31416370833334 4.86291345833334 5.89803820833334
5.72268445833334 5.63418441666666 5.25447220833334 5.445682 5.78426108333334 5.86666116666666 6.084271875 5.90125295833334 5.56064804166666 6.49274679166666
7.07570416666666 6.89997779166666 6.655528 6.72636570833334 7.149377125 7.04604541666666 7.20534833333334 7.055382125 6.69604741666666 7.52115970833334
8.45103783333334 8.31276920833334 8.203691375 8.175946625 8.656285 8.48173608333334 8.59085425 8.325681375 8.06010241666666 8.88310729166666
9.73323908333334 9.70543520833334 9.64408454166666 9.67302416666666 9.99520591666666 9.89887479166666 9.92688354166666 9.60446070833333 9.41849975 10.0771334583333
10.9292544166667 10.997823375 10.88159325 11.0594055 11.1660152083334 11.20271075 11.1754014166666 10.773684625 10.5907725 11.1997439583334
11.870670625 11.9050451666666 11.8157755833334 11.998144125 12.19299125 12.1006219583334 12.06463225 11.8365312083334 11.6187270833334 12.124915
12.3805380416666 12.51893775 12.4255042083334 12.540061875 12.6985617916666 12.6680542083334 12.5472925416666 12.61517675 12.3785250416666 12.73634175
12.627742875 12.831495875 12.7312625 12.8005478333334 12.91543 12.8637730833334 12.765460125 12.8512482083334 12.78370225 12.8388099583334
12.8845255 12.8937435 12.7960451666666 12.9067858333334 12.936 12.8784470833334 12.7889927916666 12.8642149166666 12.8656930416666 12.8559960833334
12.9203644166666 12.8971512083334 12.8072816666666 12.9090408333334 12.936 12.8799971666666 12.794601875 12.8690315416666 12.8748143333334 12.8618742083334
12.9218012916666 12.8993883333334 12.812031375 12.9108232916666 12.936 12.881347875 12.8001371666666 12.8724016666666 12.8788779166666 12.866195375
