7.85632012500001 8.45355374999999 7.968093375 8.14824374999999 8.78463862499999 9.82157212500001 9.62457637500001 9.418426875 8.68649625 10.785005625
7.88264737499999 8.47917375 7.99078762500001 8.17208175 8.80758262499999 9.85501275 9.64173450000001 9.44289300000001 8.71370924999998 10.81053075
7.90930162500001 8.5109475 8.02043699999999 8.19696862500001 8.8337175 9.87968174999999 9.67987087499998 9.463669875 8.74412587499999 10.841428875
7.965145125 8.55395175 8.052787875 8.23236525000001 8.866724625 9.912078 9.711267 9.49696837499999 8.77898924999999 10.879107
8.04244837500001 8.60148900000001 8.08998937499999 8.278180125 8.906352375 9.94706175000001 9.750065625 9.53301787500002 8.817548625 10.92630675
8.12604299999999 8.67408862499999 8.1347475 8.33493450000001 8.9558145 9.993687 9.80761087500002 9.58517775000001 8.865134625 11.027438625
8.27811112499999 8.82919162499999 8.21310562500001 8.43255037500002 9.037056375 10.072516125 9.93049949999999 9.65601187500002 8.94411299999999 11.18537175
8.651281125 9.22034625000001 8.477643375 8.740073625 9.275952375 10.2918225 10.267512 9.92055337500001 9.2187285 11.5180395
9.0947805 9.645304875 8.83201950000002 9.12639562499999 9.59822025 10.585693875 10.67998125 10.24439325 9.539110125 11.839550625
9.78612449999999 10.305756375 9.42282674999998 9.79290975 10.190463 11.1519555 11.2410225 10.7785575 10.0445805 12.377028375
11.1677415 11.785099875 10.8847875 11.201165625 11.82158025 12.306004875 12.25312275 11.834758125 11.238325125 13.53744
13.92973425 14.685045 13.996549125 14.045742 15.116550375 14.84316675 14.64382725 14.2016865 13.7013195 16.059838875
16.9970775 17.662858125 17.427844875 17.392242375 18.40409775 17.94773025 17.9358495 17.258184 16.6855245 19.080967875
19.879170375 20.295990375 20.34070125 20.345180625 21.057106875 20.62090725 20.683593375 20.167455 19.549120125 21.695281125
22.207520625 22.5695235 22.602463875 22.756419 23.159088375 22.753552875 22.76452275 22.329789375 21.96519825 23.613934125
24.101988375 24.3675225 24.257421 24.32908275 24.925039875 24.286423125 24.29396175 23.952246 23.78399475 25.066451625
25.126819125 25.418975625 25.270192875 25.228831125 25.667782875 25.289271 25.372872 25.219333125 25.040611125 25.895172
25.540242 25.900978125 25.78011225 25.76293425 26.05771575 25.7371695 25.865336625 25.705108125 25.625080875 26.0749035
25.94654325 26.027275875 25.87222125 25.999602 26.112951375 25.861165875 26.002138875 25.86775125 25.7673105 26.125972125
26.025715875 26.041921125 25.891362375 26.0160555 26.113334625 25.875208125 26.03521575 25.89762525 25.78708575 26.13687375
26.028345375 26.048137875 25.9010115 26.019076875 26.113717875 25.880546625 26.041294125 25.89810675 25.79984625 26.143609125
