4.17046345833334 4.321571375 4.19700004166666 3.9927965 4.22001754166666 4.969017625 4.69974633333334 4.52586475 4.889820375 4.656213375
4.18217891666666 4.33313375 4.207765375 4.00219875 4.23193420833334 4.98156816666666 4.71311316666666 4.53801379166666 4.90264408333334 4.669152125
4.196897375 4.35036066666666 4.21927779166666 4.01514666666666 4.24737683333334 4.99761808333334 4.72903383333334 4.55216391666666 4.91727225 4.68338704166666
4.21274470833334 4.36551820833334 4.23207583333334 4.02995495833334 4.26330941666666 5.018149125 4.74583404166666 4.56808229166666 4.93400325 4.69710954166666
4.23377258333334 4.39177291666666 4.24750608333334 4.04975541666666 4.28186229166666 5.06623425 4.76637791666666 4.585730875 4.95496054166666 4.71430391666666
4.259239875 4.41541833333334 4.28109 4.072110625 4.30396954166666 5.108455 4.79037991666666 4.60697783333334 4.97784879166666 4.737742625
4.308704125 4.45696808333334 4.317504125 4.10726570833334 4.356826375 5.157112125 4.81913345833334 4.63408916666666 5.01888795833334 4.79527445833334
4.450972625 4.563700625 4.40258545833334 4.22986391666666 4.518771125 5.25972883333334 4.90543258333334 4.73231183333334 5.148028875 4.89029704166666
4.67568658333334 4.722469125 4.61790404166666 4.42401391666666 4.70510425 5.4545755 5.07363495833334 4.90642075 5.33101845833334 5.12003891666666
5.10623116666666 5.09124595833334 5.01377433333334 4.78851679166666 5.13343141666666 5.83220045833334 5.45817295833334 5.22155516666666 5.69669008333334 5.51574329166666
5.94093133333334 5.78319866666666 5.73901304166666 5.538542625 5.88100608333334 6.605203 6.01507775 5.89270504166666 6.27149325 6.12862525
7.30767675 6.977958625 7.04306670833334 6.967345 7.06482975 7.98546329166666 7.00217879166666 7.06906520833334 7.28301429166666 7.12100491666666
8.70941454166666 8.305166375 8.50748845833334 8.44619783333334 8.222416125 9.49283683333334 8.32518179166666 8.46287291666666 8.550279375 8.18528791666666
10.051430125 9.61189029166666 9.89342383333334 9.79467820833334 9.432974375 10.7386565 9.70101779166666 9.77996433333334 9.80817245833334 9.23031404166666
11.264504625 10.9921657083333 11.1534399166666 11.05052575 10.657706125 11.710059625 10.9972330416667 10.978968 11.0505362916666 10.3566255833333
12.0948744583334 12.03125275 12.1454057083334 11.9664412083334 11.82489 12.3986889583334 12.04226375 11.844113875 12.1283809166666 11.3436367916666
12.5613587916666 12.5265525 12.5521403333334 12.4556483333334 12.6153683333334 12.77670075 12.6307573333334 12.4525642083334 12.699704875 12.1032028333334
12.793048125 12.81103725 12.7363655833334 12.710506875 12.882441 12.889163375 12.823111125 12.7376484583334 12.87876975 12.6107790416666
12.891495375 12.9019568333334 12.88121175 12.9251544583334 12.9258506666666 12.9079188333334 12.8593565833334 12.782023375 12.9306934166666 12.7397059166666
12.8953100833334 12.9064860833334 12.9064627083334 12.9276707083334 12.9278746666666 12.9094684583334 12.8648006666666 12.788919 12.9312993333334 12.7576955
12.8983130833334 12.908622375 12.9083382083334 12.9283779166666 12.9289196666666 12.9110978333334 12.8702841666666 12.7945583333334 12.9319070833334 12.7654537083334
