9.28284187500001 9.042988875 8.81302874999999 8.48572725 8.88166087500001 9.53611275000001 9.76662974999999 8.46719212500002 8.630328 10.312147875
9.303391125 9.06620100000001 8.83266187499999 8.51068199999998 8.90195662499999 9.56324962499999 9.78086099999999 8.49067387500001 8.65673325 10.3372065
9.332527875 9.109002375 8.85369824999999 8.537530125 8.929883625 9.59166112500001 9.82375274999999 8.50853212500001 8.685856875 10.367027625
9.3669705 9.14738174999999 8.88355799999999 8.57377874999999 8.96838375000002 9.628018125 9.85714874999999 8.53593299999999 8.71439212500001 10.40129925
9.42332999999998 9.19293750000001 8.91776887499999 8.61811649999999 9.00531674999999 9.67596075000001 9.89680800000001 8.56540350000001 8.74972162499998 10.4340435
9.48983325000002 9.26829000000001 8.96274412500001 8.67903524999999 9.055329 9.75787762499999 9.93917925 8.603562 8.78958862499999 10.477264875
9.59906025000001 9.413897625 9.04288124999998 8.78099399999999 9.15205687500001 9.87333337500002 9.99598387499999 8.63770087499999 8.88542625 10.55561325
9.91336237499999 9.77588737499999 9.30429900000002 9.082780875 9.39308925 10.1762595 10.2023655 8.84817262499999 9.114194625 10.85265825
10.357303875 10.131396375 9.650946 9.472741875 9.69271425000001 10.620964875 10.50620175 9.16354649999999 9.39028725 11.189706
11.013013875 10.750335375 10.324090875 10.19237775 10.287133875 11.340199875 11.024498625 9.63229087499999 9.85311712500001 11.694820875
12.533216625 12.379927125 11.996511375 11.76911625 11.79639975 12.66847575 12.054748875 10.60497975 10.92709125 12.67236
15.5979975 15.508519875 15.281059125 14.797383375 14.7528735 15.120710625 14.573515875 12.87717375 13.298568375 15.269098125
18.922692375 18.617340375 18.584831625 18.023426625 17.8625085 18.0832545 17.8761255 16.006587 16.3497885 18.99379725
21.776559375 21.371971125 21.299691375 20.82206025 20.580324 20.697831375 20.533417125 19.051055625 19.283433375 21.772596375
23.99306175 23.44506525 23.45654475 23.071386375 22.958341875 22.688190375 22.6513215 21.53603625 21.8818695 23.899371375
25.38630075 24.87831 24.95968725 24.8055465 24.61885875 24.282289125 24.299443125 23.477459625 23.777664 25.316201625
25.9267545 25.735873875 25.82228925 25.661463 25.362507375 25.31076975 25.403365125 24.786891375 25.00607175 25.891225125
26.076489 26.027723625 26.0631615 25.97380725 25.821759375 25.775662125 25.988913375 25.327032 25.497132375 26.142652125
26.0947755 26.09168325 26.093059125 26.033380125 26.03542725 25.85967825 26.108469 25.48929525 25.660779 26.211885
26.097410625 26.100468 26.10472125 26.03687625 26.04911925 25.870938 26.124240375 25.54096575 25.695684 26.213487375
26.099649375 26.10177525 26.1074925 26.039915625 26.05395375 25.878537375 26.126582625 25.5409515 25.71103425 26.214684
