0.726309341463415 0.62092612195122 1.34909526829268 1.85630312195122 1.10064739024391 3.4306657804878 3.32415439024391 3.79549043902439 3.28466197560975 3.61539709756097
0.731380341463415 0.627347170731708 1.35511736585366 1.87018592682926 1.10846463414634 3.45074641463414 3.33080509756097 3.81931912195122 3.31304573170732 3.62583958536586
0.745461951219512 0.638642292682926 1.37923875609757 1.90437097560975 1.12801995121951 3.46629665853658 3.34917536585366 3.8478847804878 3.33501380487805 3.6437247804878
0.75917412195122 0.664856097560975 1.40431151219512 1.95009368292683 1.1443992195122 3.51952270731707 3.38092485365854 3.93446229268292 3.37854804878049 3.67872704878049
0.789858756097561 0.684449512195122 1.42701873170732 2.00692558536586 1.17512839024391 3.51700907317074 3.41659275609757 3.94924575609757 3.43255456097561 3.71029651219512
0.828689024390244 0.71899943902439 1.46553241463415 2.06918907317074 1.21079843902439 3.58734951219512 3.46755441463415 4.00584451219512 3.48415207317074 3.76993234146341
0.887940658536586 0.780212024390244 1.52966804878049 2.17951531707317 1.27479482926829 3.62422258536586 3.55216104878049 4.06220475609757 3.55454429268293 3.81710865853659
1.01900485365854 0.910578390243903 1.67977592682926 2.38855502439025 1.42797975609757 3.75891973170732 3.70190941463415 4.19504826829268 3.70236846341463 3.94351153658537
1.2708882195122 1.15643187804878 1.90333429268292 2.73592617073171 1.63218885365854 3.97010282926829 3.92310948780488 4.37376875609757 3.93289117073171 4.15496641463415
1.72435812195122 1.6378262195122 2.28131548780488 3.20508556097561 1.99182956097561 4.18478392682926 4.22084407317073 4.57867568292683 4.20115863414634 4.42348312195122
2.57953595121951 2.58131902439025 2.96008819512195 3.90727431707317 2.73090560975609 4.48218609756097 4.60913280487805 4.85648792682926 4.55726485365854 4.73872836585366
3.8225362195122 3.92718297560975 4.19584965853658 4.80495185365854 3.95616180487805 5.06223702439024 5.1409522195122 5.33866487804878 5.15090212195122 5.30137487804878
4.70706714634146 4.87032109756097 5.00445563414634 5.318456 4.81642163414634 5.45366531707317 5.48703019512195 5.59771836585366 5.51686407317074 5.62818917073171
5.24066158536586 5.35372736585366 5.40256870731707 5.6028577804878 5.32154163414634 5.64878170731708 5.67270670731708 5.71746892682926 5.69728473170732 5.71984573170732
5.55963475609757 5.63859651219512 5.63914275609757 5.72749073170732 5.62266663414634 5.72892582926829 5.74469956097561 5.74512265853659 5.74506309756097 5.75199390243903
5.70306885365854 5.73407490243903 5.73262370731708 5.75481875609757 5.74556936585366 5.73430160975609 5.75460948780488 5.752824 5.75304158536585 5.75487804878049
5.75021270731708 5.75295143902439 5.7535577804878 5.75487804878049 5.75487804878049 5.73529402439025 5.75487804878049 5.75287953658537 5.75487804878049 5.75487804878049
5.75487804878049 5.75487804878049 5.75487804878049 5.75487804878049 5.75487804878049 5.73588748780488 5.75487804878049 5.75293480487805 5.75487804878049 5.75487804878049
5.75487804878049 5.75487804878049 5.75487804878049 5.75487804878049 5.75487804878049 5.73647531707317 5.75487804878049 5.75299034146342 5.75487804878049 5.75487804878049
5.75487804878049 5.75487804878049 5.75487804878049 5.75487804878049 5.75487804878049 5.73706851219512 5.75487804878049 5.75304560975609 5.75487804878049 5.75487804878049
5.75487804878049 5.75487804878049 5.75487804878049 5.75487804878049 5.75487804878049 5.73765553658537 5.75487804878049 5.75310114634146 5.75487804878049 5.75487804878049
