8.74716412500002 9.22524150000001 8.772453 8.24996550000002 8.83397362500002 10.471265625 10.16092125 9.48471899999999 10.281586875 9.87661312500001
8.77045500000001 9.24461137500001 8.809608 8.275372875 8.8607445 10.509953625 10.17996225 9.51060075000001 10.309795125 9.90573824999999
8.8012515 9.27864862500002 8.83766437499999 8.302861875 8.89157625000002 10.545507 10.236355125 9.530178375 10.34130975 9.93700387499998
8.8377795 9.312994125 8.882713125 8.33737387499999 8.92548375000002 10.589517 10.278065625 9.561013875 10.377304875 9.97276762500002
8.88417600000002 9.36026287499998 8.91670500000001 8.38302637499999 8.96813962500001 10.6392885 10.328456625 9.59674574999999 10.4187645 10.0165815
8.938890375 9.412244625 8.96091787500001 8.432348625 9.02044499999999 10.695772875 10.380774 9.64769925000001 10.46249925 10.072216125
9.04054199999999 9.509188125 9.03736875 8.51929987499999 9.115577625 10.787649375 10.4625315 9.71405625 10.55771625 10.222161375
9.30551400000001 9.75187162499999 9.32544449999999 8.81987624999999 9.38873062500001 11.069777625 10.678744125 9.933664125 10.89306 10.45016025
9.64861612500001 9.99426074999999 9.67022549999999 9.11197462499999 9.64564049999999 11.353906125 10.87604025 10.194930375 11.18518875 10.795104
10.38462525 10.545694875 10.24914 9.68234774999999 10.206367875 11.863950375 11.293023375 10.6618395 11.58758325 11.302851
11.993469375 12.05511225 11.613841125 11.091140625 11.80295025 13.0430055 12.33845925 11.707077 12.57539325 12.446034
14.982909 15.00180825 14.554849875 14.314092375 14.712209625 15.822241875 14.725321125 14.257476375 15.063885375 15.013612125
18.171288375 17.770167375 17.905072875 17.790771375 17.617512375 19.17468375 17.92049625 17.373426375 18.11958675 17.88804825
20.9507805 20.2980045 20.829986625 20.5442715 20.26975425 21.878014125 20.71038675 20.200635 20.85212475 20.198626875
23.190693375 22.5128055 23.106232125 22.7294985 22.567166625 23.791723875 22.87863225 22.378806 23.1169245 22.348281
24.803965875 24.4719015 24.707296125 24.37589325 24.4784535 25.068784125 24.590685375 24.1667265 24.68732175 23.902257
25.5057705 25.447095375 25.477933875 25.229573625 25.5555765 25.79879925 25.71327225 25.30324125 25.634150625 25.029415875
25.892269875 25.9102005 25.800791625 25.684367625 25.946937375 26.1507285 26.0428875 25.839656625 25.9889415 25.66586475
26.05220025 26.092000125 26.036445375 26.016459375 26.007306375 26.219323875 26.13484575 25.958511375 26.148145125 25.84621425
26.063228625 26.10400425 26.078341125 26.0808795 26.011001625 26.22120375 26.14072425 25.990195125 26.152735875 25.86503025
26.067677625 26.106592875 26.081319375 26.082456375 26.012878875 26.222770875 26.143938375 25.987345125 26.1569745 25.878945
