2.40425648571428 3.19141334285715 3.48200317142857 2.97263465714285 3.09206762857143 2.51177991428571 3.23242857142857 2.34230637142857 2.52520054285715 3.14421611428571
2.75178011428571 3.53335054285715 3.45788802857143 3.23162934285715 3.45353014285715 2.86466745714285 3.56085714285715 2.7944554 2.88769485714285 3.3722348
2.83947588571428 3.50600422857143 3.6100306 3.44058 3.45382337142857 2.95343871428572 3.88928571428572 3.27794468571428 3.27481031428572 3.48013851428572
3.06722208571428 3.70682274285715 3.55062525714285 3.7315718 3.45480645714285 3.20184165714285 3.97571428571428 3.6756478 3.49332311428572 3.57462128571429
3.31934805714285 3.96577374285715 3.61283685714285 3.75385968571428 3.7309492 3.34566037142857 4.26957142857143 3.86592234285715 3.52874248571428 3.44410722857143
3.57370985714285 3.94225605714285 3.76221591428572 3.7607284 3.80179422857143 3.54588802857143 4.42514285714285 3.90188228571428 3.62433877142857 3.63555908571429
3.78644797142857 4.09018217142857 3.80942351428572 3.91749285714285 4.02738097142857 3.65917137142857 4.44242857142857 3.95503742857143 3.87951834285715 3.72910277142857
4.18902282857143 4.11048911428572 3.99084494285715 4.07767831428572 3.97565142857143 3.93809711428572 4.37328571428572 4.1640588 3.84024205714285 3.97349762857143
4.370146 4.37241734285715 4.19498671428572 4.13067442857143 4.21771428571428 4.00617108571429 4.54614285714285 3.97552602857143 4.15022677142857 3.93927851428572
4.33005477142857 4.49176954285715 4.78774245714285 4.44097688571428 4.61528571428572 4.14365725714285 4.58071428571428 4.32142857142857 3.98674791428572 4.19849571428572
4.64757825714285 4.42514285714285 4.71728651428571 4.45956437142857 4.477 4.46995277142857 4.82271428571429 4.37319708571428 4.50044885714285 4.54614285714285
4.74428397142857 4.64985714285715 4.94371428571428 4.77085714285715 4.66714285714285 4.89105382857143 4.73628571428572 4.54614285714285 4.40329245714285 4.56342857142857
5.54032537142857 4.97828571428571 5.30671428571428 5.13385714285715 5.203 5.23757142857143 5.06471428571428 4.78814285714285 4.95390342857143 4.89076468571428
5.7891108 5.51414285714285 5.66971428571428 5.73885714285715 5.23757142857143 5.29431791428572 5.1167138 5.18571428571428 4.9719252 5.082
5.86730602857143 5.49386514285715 5.78047454285715 5.79104271428572 5.61808154285715 5.44748568571428 5.33129237142857 5.15171768571428 5.30920531428572 5.15806091428572
5.92918165714285 5.6295514 5.88502105714285 5.70485677142857 5.67319311428572 5.6700446 5.49719877142857 5.39141774285715 5.32684177142857 5.54823657142857
5.94058928571428 5.61860262857143 5.82478505714285 5.78904291428572 5.69623151428571 5.77374254285715 5.70857571428571 5.65052588571428 5.77665408571428 5.66364762857143
5.8975312 5.68582488571428 5.86575094285715 5.90553417142857 5.80312762857143 5.99178737142857 5.93090582857143 5.88210385714285 5.95531797142857 5.903425
5.90118005714285 5.79898974285715 5.86276554285715 5.87680971428572 5.79955702857143 6.00289705714285 5.92179845714285 5.90972454285715 5.95943574285715 5.98504248571428
5.86133302857143 5.76421434285715 5.7878612 5.83438617142857 5.74860188571428 5.86928508571428 5.80193585714285 5.93367814285715 5.81740217142857 5.88226225714285
5.80741762857143 5.73070425714285 5.77130588571428 5.76197128571428 5.72009585714286 5.79379711428572 5.73735548571428 5.90755314285715 5.79360634285715 5.87075625714285
