3.87395891666666 4.13569658333334 4.01590795833334 4.20090733333334 4.42994475 4.61214875 4.85390079166666 4.27205670833334 5.000455625 5.08006125
3.88374754166666 4.14579275 4.02640516666666 4.21253479166666 4.44406095833334 4.62443025 4.86820904166666 4.28465995833334 5.01383254166666 5.09372554166666
3.89440516666666 4.15770529166666 4.0393815 4.226338875 4.45965116666666 4.63869725 4.8839285 4.29816429166666 5.027682 5.10828495833334
3.90702033333334 4.17178391666666 4.05525770833334 4.24364783333334 4.4779625 4.656788125 4.910241875 4.31286441666666 5.04356370833334 5.12810970833334
3.92120391666666 4.20509604166666 4.074010875 4.26344691666666 4.500651375 4.67525804166666 4.94633654166666 4.328534375 5.062811875 5.15055979166666
3.93773095833334 4.24199508333334 4.0970105 4.28816758333334 4.54539845833334 4.70034904166666 4.99351645833334 4.34820741666666 5.08820308333334 5.18983666666666
3.99367420833334 4.29477629166666 4.132995625 4.3291765 4.58943970833334 4.737396125 5.04662445833334 4.389642125 5.13253858333334 5.26611479166666
4.10546079166666 4.435574 4.254553875 4.44635216666666 4.73406495833334 4.83087733333334 5.14410645833334 4.49852745833334 5.246693375 5.41657966666666
4.31634775 4.64969220833334 4.4406175 4.69191845833334 4.97691379166666 5.0204275 5.38797233333334 4.666904 5.48257875 5.62608704166666
4.759143125 5.02135333333334 4.76398129166666 5.10061429166666 5.41299229166666 5.368477125 5.888419625 4.952195875 5.8420615 6.05683604166666
5.653476125 5.74753116666666 5.53369345833334 5.79997275 6.202365125 6.06725991666666 6.62761320833334 5.48704841666666 6.441650875 6.68093295833334
7.12787120833334 7.148939875 6.95698483333334 7.151467125 7.49999295833334 7.38653391666666 7.83113329166666 6.64029529166666 7.52250995833334 7.72321320833334
8.67059508333333 8.76593483333334 8.500765625 8.7211795 8.74248558333333 8.90462283333334 9.18179395833334 8.05156045833334 8.93198395833334 8.84209654166668
10.0689210416667 10.1376517916667 9.95717525 10.115153125 9.8950445 10.2965555 10.3262399166667 9.41592483333334 10.1232899166667 9.91533766666666
11.1725015416666 11.4200482916666 11.17695425 11.23789425 10.948815625 11.5040552916666 11.553174875 10.8229403333333 11.2852717083334 11.1189672916666
12.06440125 12.3060859166666 12.0783235833334 12.053199125 11.8418281666666 12.3152296666666 12.3692795416666 11.8963313333334 12.2651576666666 12.0883927083334
12.560059875 12.748294625 12.5617983333334 12.452633875 12.4963222083334 12.7368028333334 12.7183847083334 12.55048575 12.729908125 12.6017631666666
12.7874275833334 12.893639 12.7716911666666 12.7117379583334 12.78563825 12.871923625 12.8297959166666 12.7698569166666 12.9059965833334 12.8055652083334
12.8683408333334 12.9289219583334 12.8573165416666 12.7865242083334 12.9177079166666 12.895183125 12.8679659166666 12.8047443333334 12.9331913333334 12.8902271666666
12.8736322916666 12.9295819583334 12.8733582083334 12.7920590416666 12.9217215416666 12.8982017083334 12.8732358333334 12.8124791666666 12.9349100833334 12.898703125
12.8768805 12.930143875 12.8764505833334 12.7974064166666 12.9230727083334 12.9007413333334 12.8780730833334 12.8182922083334 12.9351039583334 12.9003549583334
