8.26516799999999 8.69126924999999 8.49110962499999 8.56617075000001 9.22901700000001 9.79331362499998 10.39259925 8.97059025 10.486763625 10.626085875
8.28789712500001 8.71447762500001 8.51206574999999 8.59194112499999 9.25782449999999 9.83006550000001 10.41336225 8.99700525000001 10.511699625 10.65565125
8.3135415 8.74242824999999 8.53698487499999 8.62392337499999 9.30320587500002 9.86257350000001 10.47039 9.016404375 10.5401415 10.686860625
8.34308099999999 8.77709325000001 8.56811324999999 8.65976137499999 9.356224875 9.89755124999999 10.564515 9.04908037500001 10.57398825 10.72357725
8.384360625 8.83191562500001 8.6058285 8.71857 9.41803649999999 9.93522562499999 10.648062 9.08398275000001 10.61196225 10.782290625
8.41916249999999 8.893781625 8.6522895 8.76932249999999 9.52183312500001 9.9863775 10.760360625 9.13080075000001 10.65231375 10.84271025
8.54160412500001 8.98583137499999 8.74161262499999 8.86233675 9.64400212500001 10.085150625 10.9205055 9.20619412499998 10.72415325 11.044389375
8.8313055 9.29562637500001 9.052377375 9.13248112499999 9.951569625 10.3184085 11.232670125 9.48258337499999 10.975612875 11.362043625
9.17656762500001 9.67213875000001 9.34522425000001 9.45941437499999 10.297878375 10.6224765 11.576006625 9.78882487500001 11.293037625 11.7590895
9.77998500000001 10.254290625 9.87641174999998 10.00407375 10.98199125 11.158725375 12.233511 10.33424325 11.86205775 12.346182375
11.295345 11.636404875 11.253280125 11.384364375 12.470955 12.332122875 13.436638875 11.340646875 13.01534475 13.542248625
14.320065375 14.528541375 14.425602 14.343245625 15.52113375 15.01537575 15.866833125 13.698119625 15.61412775 16.038550125
17.879950125 17.958379875 18.00252675 17.63533725 18.443178375 18.368018625 18.848208 16.89938775 18.831635625 19.005897
20.86947825 21.017661375 20.93823075 20.518797 20.902995 21.3071295 21.362482125 19.846456875 21.591414375 21.459327
23.114307375 23.40123675 23.22321675 22.860497625 22.880617875 23.620914 23.25530325 22.191059625 23.70558975 23.39771025
24.716887875 24.9954975 24.774048375 24.418791375 24.463818375 24.97420575 24.69797325 24.0497565 25.099074 24.768650625
25.555741875 25.77962475 25.53978975 25.206332625 25.505471625 25.794631125 25.636527 25.2463155 25.9438575 25.701613875
25.886148 26.07862725 25.886480625 25.66490175 25.942086 26.092111875 26.103087375 25.75483425 26.14890975 26.0522655
25.98296475 26.112083625 26.020685625 25.814861625 26.11191525 26.1432915 26.17470675 25.869881625 26.214047625 26.141433375
25.9926855 26.118740625 26.033446125 25.834662 26.121711 26.1468285 26.182202625 25.91537625 26.217436125 26.157797625
25.99871175 26.11928775 26.036780625 25.84588425 26.1277065 26.14938225 26.185962375 25.9202595 26.21939775 26.1632595
