13.6301944166666 11.371727125 10.5719233888889 11.0954711388888 10.0541831805556 14.8962647777778 11.7358870138888 10.6059480694444 12.4765544444444 10.9270472361111
13.7172907361112 11.4714415138888 10.6636885972222 11.1637809861112 10.1605961111111 14.982451 11.822245875 10.6731117777778 12.5477033611112 11.0232810416666
13.8454798472222 11.6577404166666 10.8762918611111 11.2866262361112 10.2950446805556 15.104335125 11.9861261666666 10.7893877361111 12.6546071666666 11.1875426666666
14.0226744166666 11.8965757777778 11.1796831666666 11.4795909861112 10.4391721805556 15.2494336805556 12.205127 10.9485545277778 12.8029273472222 11.4232680833334
14.3179403888888 12.1576684166666 11.5682554166666 11.7418687222222 10.6175026527778 15.4096434861112 12.4876621527778 11.1389831666666 12.9822965555556 11.6903543472222
14.7722775138888 12.388891625 12.0228464583334 12.1641720138888 10.7994606805556 15.62411675 12.8804943055556 11.3693312638888 13.1852181388888 12.0252270416666
14.8250654444444 12.5424890555556 11.9643079722222 12.4871388888888 10.8067843888889 15.9055904027778 13.2950587916666 11.5681176111112 13.4525963611112 12.3086035416666
14.7244563888888 12.6145764861112 11.8187050972222 12.4485301111112 10.6244569444444 16.0247665416666 13.6351328055556 11.5183039583334 13.5637079722222 12.3528646388888
15.151552625 12.9098035 12.2369240277778 12.7629724444444 10.7467121666667 15.9526534444444 13.2674147222222 11.5027158888888 13.4961760694444 12.007314
15.7686414722222 13.4067144444444 12.9486753611112 13.3030901666666 11.0542490972222 16.2964990833334 13.3622406805556 11.7975964027778 13.8873896944444 12.0200717083334
16.5845701388888 14.1191094305556 13.8677320833334 14.0033521527778 11.6083800555556 17.0233101805556 13.8705994166666 12.6192498055556 14.6355271944444 12.5572377638888
17.486071625 15.0031676666666 14.9042400833334 14.9239148055556 12.3103178611112 17.8877758888888 14.6301555277778 13.559139 15.5000329305556 13.2569352361112
18.5615627083334 16.0529781805556 16.1331768888888 16.0081084166666 13.1241505694444 18.8503415833334 15.6078607361112 14.5166145972222 16.3902232083334 14.2050967361112
19.8365511666666 17.3048174444444 17.5181089722222 17.3125901666666 14.1651493194444 20.041030625 16.7891571527778 15.7687610972222 17.6653086805556 15.2748215277778
21.3270743888888 18.751203625 19.15791625 18.8176827361112 15.4455251805556 21.4112080416666 18.1526387777778 17.1055451111112 19.0779826111112 16.5627617222222
23.0655530416666 20.4569365 21.1071180833334 20.5377541111112 16.9864128194444 23.1287193194444 19.86643725 18.8541379583334 20.696192 18.3302408055556
25.50848025 22.8998320833334 23.6380575138888 22.7646404027778 19.1859859583334 25.8169109305556 23.2690090416666 21.5060977083334 23.3468902638888 21.1053732083334
28.3024192916666 25.5587636944444 27.6411834722222 26.0211485416666 21.5291375138888 28.7093005833334 25.8336507916666 24.7617041527778 26.8973451388888 23.586497
31.1251557222222 27.6791042916666 30.5349030555556 28.185584625 23.624509638889 31.9208197916666 28.7696105277778 27.3805477916666 29.4377468611112 26.1412821388888
33.2405554861112 30.3431030833334 34.5752620277778 31.8397060972222 26.4111947916666 35.4180742361112 32.7980818611112 33.3783980138888 34.0325971944444 29.3395289305556
33.6443770972222 30.9049934722222 35.1979174861112 32.9626649305556 27.1772482361111 36.0835933333334 33.2258021944444 34.6663898472222 35.0544353194444 30.1607589861112
