4.06720370833334 4.79036891666666 4.02697029166666 3.94221941666666 4.12627829166666 4.85379308333334 4.69424220833334 4.34201991666666 4.55173720833334 4.43604654166666
4.077183 4.800934875 4.0391725 3.95250441666666 4.13782004166666 4.86634729166666 4.70712320833334 4.35221920833334 4.56082183333334 4.44799345833334
4.09057183333334 4.81984754166666 4.04998458333334 3.965410625 4.16581458333334 4.878352875 4.72087320833334 4.36506904166666 4.57221279166666 4.46137816666666
4.107250125 4.845226375 4.06061425 3.980788625 4.185919375 4.8909905 4.73773208333334 4.38122254166666 4.58683454166666 4.47665441666666
4.132643625 4.86541045833334 4.07351816666666 4.00453533333334 4.21037833333334 4.90953741666666 4.759470375 4.395474875 4.60271075 4.49238716666666
4.15716629166666 4.89018291666666 4.091693375 4.04731066666666 4.24180625 4.929203125 4.782146875 4.41430870833334 4.62350029166666 4.5114025
4.18656791666666 4.926516375 4.11847470833334 4.09668416666666 4.275954375 4.97293408333334 4.815558 4.44016695833334 4.651321125 4.58128458333334
4.27692283333334 5.05580808333334 4.246479875 4.21017391666666 4.367188375 5.14295191666666 4.90340445833334 4.54078854166666 4.72136591666666 4.697666875
4.499356125 5.25453591666666 4.46982433333334 4.39813045833334 4.56556329166666 5.37850591666666 5.12436329166666 4.74257208333334 4.85405295833334 4.84540833333334
4.941904 5.671345625 4.84771145833334 4.79677779166666 4.921554 5.75579904166666 5.52840933333334 5.08731529166666 5.177189875 5.16667525
5.70040029166666 6.514132625 5.567826 5.56605591666666 5.58213608333334 6.55365929166667 6.23028908333334 5.65706945833334 5.80713741666666 5.71496979166666
7.12402670833334 7.90759658333334 6.90081241666666 6.84913945833334 6.86818825 7.86665916666666 7.510408125 6.86896695833334 6.988889875 6.730802375
8.74487075 9.19417308333334 8.44746741666666 8.353048 8.25483266666667 9.16545941666666 9.101307875 8.3160055 8.520166875 7.98387745833334
10.186198 10.3662478333333 10.0254307083333 9.79685345833333 9.606337125 10.454236375 10.3782337083333 9.771532375 9.91886225 9.298323375
11.3745715416666 11.528011 11.3880630416666 11.1070281666666 10.811829875 11.5275439583334 11.4173189166666 11.0017664166666 11.1084664166666 10.5502081666667
12.253880375 12.376189375 12.3522465 12.0607529166666 11.861108875 12.3311915833334 12.1735368333334 12.0004825416666 12.0105557916666 11.6037799166666
12.7235579166666 12.7930224583334 12.7940935833334 12.5212935833334 12.5198475416666 12.7055037083334 12.6042542083334 12.5931685 12.6266749583334 12.252274375
12.87576125 12.9253281666666 12.923403625 12.7554455416666 12.7641712916666 12.8351446666666 12.801765625 12.8214295 12.827863125 12.5938110833334
12.895383875 12.9300059166666 12.935456875 12.91157725 12.9114470833334 12.9138125416666 12.8142542916666 12.84558 12.864445 12.7255420416666
12.8982227916666 12.930647125 12.9356168333334 12.91921675 12.9187309166666 12.9208397083334 12.8189265416666 12.8496742916666 12.867515375 12.7414617916666
12.9003549583334 12.9313172083334 12.93572225 12.9206925833334 12.9202681666666 12.921745375 12.8230648333334 12.852899125 12.8704125 12.7491297083334
