3.352558 3.18057142857143 3.09811794285715 3.63262334285715 3.00054291428572 3.51546077142857 2.9628852 3.58777445714285 3.08834994285715 2.8989774
3.81932634285715 3.76828571428572 3.87220397142857 3.74906682857143 3.49973234285715 4.21465345714285 3.10146508571428 4.00939534285715 3.970461 3.39979262857143
3.78557048571428 4.02757142857143 3.88600425714285 3.92885145714285 3.55204237142857 4.56698408571429 3.48165148571429 4.47457465714285 4.16094202857143 3.47184074285715
4.23467157142857 4.07942857142857 4.18732348571428 4.21687797142857 3.69462311428572 4.82848268571428 3.74181751428572 4.80320405714285 4.36836682857143 3.54939074285715
4.30414285714285 4.25228571428572 4.33886451428572 4.26208702857143 3.76726271428572 4.90383394285715 3.91967462857143 4.92948154285715 4.52123351428572 3.65453597142857
4.235 4.28685714285715 4.46573631428572 4.26439577142857 3.82003411428572 4.99766488571428 3.99268257142857 4.86491657142857 4.57578031428572 3.89980611428572
4.33871428571428 4.28685714285715 4.34727071428572 4.45600508571428 3.872 4.6632718 4.14857142857143 4.86574502857143 4.45780971428571 3.77056428571428
4.49428571428572 4.40785714285715 4.35280497142857 4.75070765714285 3.88928571428572 4.6558688 4.16585714285715 4.79899545714285 4.52845108571428 4.13967714285715
4.598 4.58071428571428 4.59498474285715 4.65085594285715 4.14805694285715 4.92232211428572 4.42514285714285 4.45649757142857 4.71686128571428 4.332922
4.63257142857143 4.70171428571429 4.64695282857143 4.90707265714285 4.33871428571428 4.68637148571428 4.477 4.61393082857143 4.45971428571428 4.61054282857143
4.92642857142857 4.87457142857143 4.68304257142857 4.96268205714285 4.56342857142857 4.84317711428572 4.719 4.63257142857143 4.84 4.56330128571428
5.23757142857143 4.89185714285715 5.09928571428572 5.26483037142857 4.75357142857143 4.81913551428572 4.84 4.70171428571428 4.97828571428571 5.03014285714286
5.77342857142857 5.445 5.89442857142857 5.84257142857143 5.25485714285715 5.21965494285715 5.03014285714286 5.28942857142857 5.11657142857143 5.06471428571428
5.99814285714286 5.72157142857143 6.05 6.01542857142857 5.51414285714285 5.70503434285715 5.44509334285715 5.70428571428572 5.49741437142857 5.65242857142857
6.03254142857143 5.87554974285715 6.04438371428572 6.04358762857143 5.72164937142857 5.7900546 5.61812114285715 5.81967948571429 5.65521942857143 5.60486048571428
6.02470534285715 5.88069837142857 6.04685934285715 5.99759002857143 5.7728968 5.82706268571428 5.70822717142857 5.89754125714285 5.926019 5.85052222857143
5.97517014285715 5.83264848571428 5.9772592 5.99313062857143 5.77951125714285 5.88448394285715 5.88815888571428 5.95901837142857 5.91241357142857 5.83976454285715
5.92861782857143 5.81868822857143 5.90339922857143 5.98671951428572 5.82706991428572 5.86783874285715 5.94925037142857 5.92035745714285 5.93926488571428 5.82927431428572
5.95013382857143 5.91397085714285 5.90552788571428 6.00261451428572 5.9195708 5.93589951428572 5.96706314285715 5.93525145714286 5.92008308571428 5.86824322857143
5.90242965714285 5.74116682857143 5.89006691428572 5.93715351428572 5.85912045714286 5.88651674285715 5.86144491428572 5.86778468571428 5.86454911428572 5.7125486
5.88493242857143 5.73169362857143 5.79686894285715 5.87157622857143 5.86403557142857 5.84084254285715 5.79910885714285 5.82740431428572 5.83039348571428 5.697318
