3.09548454285715 3.14252682857143 3.19785714285715 3.12893145714285 2.73394377142857 3.39435202857143 3.17335102857143 3.40345688571429 3.68575334285715 3.00771428571428
3.89168245714285 3.32728 3.56028482857143 3.92804845714285 3.05230231428572 3.89584517142857 3.72644548571428 4.09570762857143 4.27485677142857 3.025
4.12307405714285 3.43336431428572 3.76785011428572 4.04320525714285 3.156483 4.39884217142857 3.9379868 4.71796945714285 4.60649828571428 3.18057142857143
4.25696291428572 3.58252431428572 3.64728571428572 4.25051031428572 3.42551817142857 4.91807862857143 4.01503708571428 4.92601654285715 4.98707345714285 3.49171428571428
4.56534414285715 3.71337811428572 3.872 4.33741817142857 3.33755525714285 4.95334808571428 4.10509534285715 5.18571428571428 5.12678885714285 3.80285714285715
4.55034737142857 4.07098528571429 4.02757142857143 4.41259625714286 3.42062788571428 4.7812468 4.22984162857143 5.203 5.0592718 3.872
4.32002842857143 4.0095814 4.18314285714285 4.41201011428572 3.56041274285715 4.43826837142857 4.23195834285715 4.64985714285715 4.81837934285715 4.14857142857143
4.29524731428572 4.1753426 4.18314285714285 4.44615317142857 3.9439268 4.64682522857143 4.30160248571428 4.75357142857143 4.56107048571428 4.45971428571428
4.4116556 4.48789754285715 4.26957142857143 4.45069774285715 4.30893194285715 4.59594645714285 4.45851654285715 4.73628571428572 4.68379402857143 4.20042857142857
4.683492 4.49890382857143 4.56342857142857 4.64665237142857 4.50166357142857 4.8050816 4.52862865714285 4.90914285714287 4.64911982857143 4.85728571428572
4.82645648571429 4.490684 4.58071428571428 4.71041654285715 4.58651505714285 4.78814285714285 4.92642857142857 4.84 4.961 4.90914285714285
5.03900665714285 4.82192857142857 4.961 5.13853402857143 4.71114442857143 5.23757142857143 4.92642857142857 4.97828571428571 5.22028571428572 4.97828571428572
5.66760825714285 5.09928571428572 5.73885714285715 5.71611574285715 5.26898648571429 5.49685714285715 5.11657142857143 5.23757142857143 5.566 5.54871428571428
5.8570138 5.58328571428571 5.94628571428571 5.83143754285715 5.70428571428572 5.77342857142857 5.47792142857143 5.51545248571428 5.566 5.46233537142857
5.89945305714285 5.66563517142857 5.96607628571428 5.97642508571429 5.89442857142857 5.82547648571428 5.51441031428572 5.73918902857143 5.85989957142857 5.7472712
5.88268874285715 5.6944888 5.92924482857143 5.88422528571428 5.87871114285715 5.82572885714285 5.81011577142857 5.70758005714285 5.83227228571428 5.83426077142857
5.82507074285715 5.89097677142857 5.87814165714285 5.86900757142857 5.88449242857143 6.01546534285715 5.92250277142857 5.79886937142857 5.89502602857143 5.88082062857143
5.83803722857143 5.92901571428572 5.82652494285715 5.83797657142857 5.95479531428572 5.97374548571428 5.95650408571428 5.81290034285715 5.88333554285715 5.8720156
5.86076731428572 5.94645322857143 5.80036191428572 5.8630572 5.93964202857143 5.98122737142857 5.96059985714285 5.82347134285715 5.91311442857143 5.91818542857143
5.810959 5.84711945714286 5.79225271428572 5.89714337142857 5.91808297142857 5.9188756 5.93601894285715 5.6414248 5.88257182857143 5.77730968571429
5.7223342 5.7759086 5.72493428571428 5.76467697142857 5.89084445714285 5.83703277142857 5.92682451428572 5.61527874285715 5.81012488571429 5.78441537142857
