15.1754657083334 14.8611375 15.52259225 14.1579359166666 15.3725967083334 18.83281125 17.3579812083334 18.0516563333334 18.9737702916666 15.3979604166666
15.4819380833334 15.2172084166666 15.7196370833334 14.3178717916666 15.61101575 18.929337625 17.5898818333334 18.1677411666666 19.1604375416666 15.5993291666666
16.252853375 16.0440921666666 16.2288756666666 14.8179052083334 16.2243615416666 19.1930552916666 18.1765315416666 18.476513 19.6255968333334 16.2166899583334
16.8163357083334 16.0547374166666 16.2777207083334 14.695544875 15.473121125 19.7440764583334 18.7208825833334 18.834838 20.0616052083334 16.548063125
15.9730482083334 15.8164980416666 15.6907996666666 14.3524942916666 14.510771 19.986401875 19.17125925 18.9880547083334 20.0539065833334 16.5982666666666
15.302384625 15.2762206666666 15.0169767916666 14.195894625 14.1848529166666 20.9270233333334 19.734176 19.507024625 20.9674405416666 16.40926925
15.5849998333334 16.0215050416666 15.393665375 15.2330475 15.124550375 20.9306107083334 19.6510655 19.03395725 19.1771034583334 15.1155326666666
16.4716149583334 16.8071704166666 16.3607927083334 16.5683324583334 16.0725239583334 21.6940780833334 20.0863611666666 20.836649625 19.9089362083334 15.5797707083334
17.5525423333334 17.8532630833334 17.1820733333334 17.8365064166666 17.0734597916666 24.0529840833334 20.7950237916666 22.8886450833334 21.4670069166666 16.602403125
18.7851794166666 18.953474375 18.2324784583334 18.95057175 18.1759068333334 24.4914234583334 21.2036572916666 23.938701875 22.287511125 17.42386525
20.5993241666666 20.3291733333334 19.529822125 20.5415727916666 19.5990579583334 24.3319220833334 21.7421865833334 24.444706 23.0709072916666 18.1125926666666
22.4754094583334 22.0832484583334 21.242898875 22.5259301666666 21.5340212083334 25.632805 22.867967375 25.451503 24.537194 19.461387
24.74097725 24.008062375 23.1958063333334 24.4220290416666 23.5836667916666 26.931240875 24.2891375833334 26.71310125 26.25349925 21.2988279166666
27.2657105416666 26.339256625 25.5962047916666 27.124128625 25.971226875 28.09204475 25.9953879166666 28.2957024166666 28.121209875 23.6207033333334
30.28582975 29.0954308333334 28.43434 30.0387395 28.6928986666666 30.4072899166666 28.642625 30.6602152083334 30.9063035416666 26.471592125
33.4884531666666 32.1217879583334 31.486013625 32.7974767083334 31.64553425 32.7726487916666 30.7981937083334 33.2095477083334 33.412878125 29.4520439583334
35.5557436666666 34.43203775 34.3839219166666 35.302788125 34.400476 35.0563629166666 32.6860444166666 35.3532116666666 36.0322765 31.64703575
38.2092269166666 36.931472875 37.079229 37.8442382083334 36.9875499583334 38.15073625 35.426560125 38.299416375 39.184123 34.7974980833334
41.1019267083334 39.7438149166666 40.2663410416666 40.23094075 39.8836712083334 41.3489761666666 37.721151875 41.063072875 41.775034125 37.8060269583334
43.4638320416666 43.0006220416666 43.46876325 42.2743534583334 43.2218013333334 42.7816065416666 41.5141054166666 42.030187375 43.0372708333334 42.858545125
43.566876375 43.3620582083334 43.7406841666666 42.912007875 43.6145549583334 42.8196152083334 41.5757957083334 42.0400915 43.0851029583334 43.3629647916666
