run_cell	gridcel	lat	lon	avg_t	annual_p	july_temp
1	312803	46.09375	-120.84375	3.5863	787.975	16.0977
1	312804	46.09375	-120.78125	3.5863	787.975	17.1607
1	312805	46.09375	-120.71875	6.4907	495.7	18.0454
1	312806	46.09375	-120.65625	6.4907	495.7	18.7459
1	312807	46.09375	-120.59375	7.7054	388.942	19.2886
1	312808	46.09375	-120.53125	7.7054	388.942	19.3383
1	312809	46.09375	-120.46875	6.8559	396.254	18.9426
1	312810	46.09375	-120.40625	6.8559	396.254	19.2341
1	312811	46.09375	-120.34375	8.0582	351.024	19.6309
1	312812	46.09375	-120.28125	8.0582	351.024	19.7949
1	312813	46.09375	-120.21875	8.6085	330.096	19.8038
1	313731	46.15625	-120.84375	5.6231	605.238	17.476
1	313732	46.15625	-120.78125	5.6231	605.238	17.6995
1	313733	46.15625	-120.71875	7.4543	388.314	18.184
1	313734	46.15625	-120.65625	7.4543	388.314	18.7043
1	313735	46.15625	-120.59375	9.1405	277.229	19.2649
1	313736	46.15625	-120.53125	9.1405	277.229	19.8418
1	313737	46.15625	-120.46875	9.7094	271.143	19.955
1	313738	46.15625	-120.40625	9.7094	271.143	19.9316
1	313739	46.15625	-120.34375	10.0975	243.9	20.021
1	313740	46.15625	-120.28125	10.0975	243.9	20.4068
1	313741	46.15625	-120.21875	10.9688	208.483	20.954
1	313742	46.15625	-120.15625	10.9688	208.483	21.4882
1	313743	46.15625	-120.09375	11.0449	210.804	21.8681
1	313744	46.15625	-120.03125	11.0449	210.804	22.0699
1	313745	46.15625	-119.96875	10.6881	217.453	22.0937
1	313746	46.15625	-119.90625	10.6881	217.453	22.068
1	314656	46.21875	-121.03125	5.7436	927.421	17.3272
1	314657	46.21875	-120.96875	5.6828	777.812	17.6263
1	314658	46.21875	-120.90625	5.6828	777.812	17.7061
1	314659	46.21875	-120.84375	5.6231	605.238	17.8463
1	314660	46.21875	-120.78125	5.6231	605.238	17.8151
1	314661	46.21875	-120.71875	7.4543	388.314	18.5033
1	314662	46.21875	-120.65625	7.4543	388.314	19.3223
1	314663	46.21875	-120.59375	9.1405	277.229	19.6832
1	314664	46.21875	-120.53125	9.1405	277.229	20.209
1	314665	46.21875	-120.46875	9.7094	271.143	20.9189
1	314666	46.21875	-120.40625	9.7094	271.143	21.0241
1	314667	46.21875	-120.34375	10.0975	243.9	20.8452
1	314668	46.21875	-120.28125	10.0975	243.9	21.3337
1	314669	46.21875	-120.21875	10.9688	208.483	21.9249
1	314670	46.21875	-120.15625	10.9688	208.483	22.4228
1	314671	46.21875	-120.09375	11.0449	210.804	22.6328
1	314672	46.21875	-120.03125	11.0449	210.804	22.6402
1	314673	46.21875	-119.96875	10.6881	217.453	22.5759
1	314674	46.21875	-119.90625	10.6881	217.453	22.536
1	315583	46.28125	-121.09375	3.7671	989.433	15.6141
1	315584	46.28125	-121.03125	3.7671	989.433	16.7458
1	315585	46.28125	-120.96875	6.649	630.402	17.8946
1	315586	46.28125	-120.90625	6.649	630.402	18.5112
1	315587	46.28125	-120.84375	8.6367	408.468	18.9911
1	315588	46.28125	-120.78125	8.6367	408.468	19.3434
1	315589	46.28125	-120.71875	9.2418	319.819	19.6971
1	315590	46.28125	-120.65625	9.2418	319.819	20.1996
1	315591	46.28125	-120.59375	10.0362	262.532	20.5539
1	315592	46.28125	-120.53125	10.0362	262.532	20.7183
1	315593	46.28125	-120.46875	10.6619	218.442	21.1541
1	315594	46.28125	-120.40625	10.6619	218.442	21.6135
1	315595	46.28125	-120.34375	10.9676	199.117	21.7261
1	315596	46.28125	-120.28125	10.9676	199.117	21.986
1	315597	46.28125	-120.21875	11.2945	176.543	22.5385
1	315598	46.28125	-120.15625	11.2945	176.543	22.7585
1	315599	46.28125	-120.09375	11.2477	174.403	22.6158
1	315600	46.28125	-120.03125	11.2477	174.403	22.5633
1	315601	46.28125	-119.96875	11.0381	187.466	22.5303
1	315602	46.28125	-119.90625	11.0381	187.466	22.257
1	316510	46.34375	-121.15625	3.6398	1030.34	15.1449
1	316511	46.34375	-121.09375	3.7671	989.433	15.094
1	316512	46.34375	-121.03125	3.7671	989.433	16.1386
1	316513	46.34375	-120.96875	6.649	630.402	17.7792
1	316514	46.34375	-120.90625	6.649	630.402	18.8114
1	316515	46.34375	-120.84375	8.6367	408.468	20.1667
1	316516	46.34375	-120.78125	8.6367	408.468	21.0911
1	316517	46.34375	-120.71875	9.2418	319.819	21.3484
1	316518	46.34375	-120.65625	9.2418	319.819	21.7561
1	316519	46.34375	-120.59375	10.0362	262.532	22.1395
1	316520	46.34375	-120.53125	10.0362	262.532	22.3068
1	316521	46.34375	-120.46875	10.6619	218.442	22.5533
1	316522	46.34375	-120.40625	10.6619	218.442	22.7433
1	316523	46.34375	-120.34375	10.9676	199.117	22.7634
1	316524	46.34375	-120.28125	10.9676	199.117	22.7605
1	316525	46.34375	-120.21875	11.2945	176.543	22.7237
1	316526	46.34375	-120.15625	11.2945	176.543	22.5732
1	316527	46.34375	-120.09375	11.2477	174.403	22.3861
1	316528	46.34375	-120.03125	11.2477	174.403	22.2821
1	316529	46.34375	-119.96875	11.0381	187.466	22.1888
1	316530	46.34375	-119.90625	11.0381	187.466	21.7592
1	317440	46.40625	-121.03125	2.9975	966.013	16.2222
1	317441	46.40625	-120.96875	6.7116	537.507	17.8537
1	317442	46.40625	-120.90625	6.7116	537.507	19.0328
1	317443	46.40625	-120.84375	9.2833	250.074	20.6517
1	317444	46.40625	-120.78125	9.2833	250.074	21.2062
1	317445	46.40625	-120.71875	10.0815	208.675	21.5795
1	317446	46.40625	-120.65625	10.0815	208.675	21.9571
1	317447	46.40625	-120.59375	10.7054	195.223	22.0886
1	317448	46.40625	-120.53125	10.7054	195.223	22.3049
1	317449	46.40625	-120.46875	11.3482	192.923	22.6418
1	317450	46.40625	-120.40625	11.3482	192.923	22.8925
1	317451	46.40625	-120.34375	10.9047	185.332	22.8548
1	317452	46.40625	-120.28125	10.9047	185.332	22.5796
1	317453	46.40625	-120.21875	9.9456	186.315	22.129
1	317454	46.40625	-120.15625	9.9456	186.315	21.7041
1	317455	46.40625	-120.09375	9.3231	202.453	21.4659
1	317456	46.40625	-120.03125	9.3231	202.453	21.3574
1	317457	46.40625	-119.96875	8.9713	235.017	21.3265
1	317458	46.40625	-119.90625	8.9713	235.017	21.1136
1	318367	46.46875	-121.09375	2.9975	966.013	14.0877
1	318368	46.46875	-121.03125	2.9975	966.013	16.201
1	318369	46.46875	-120.96875	6.7116	537.507	17.8738
1	318370	46.46875	-120.90625	6.7116	537.507	18.8083
1	318371	46.46875	-120.84375	9.2833	250.074	19.6311
1	318372	46.46875	-120.78125	9.2833	250.074	20.3049
1	318373	46.46875	-120.71875	10.0815	208.675	20.8446
1	318374	46.46875	-120.65625	10.0815	208.675	21.25
1	318375	46.46875	-120.59375	10.7054	195.223	21.8315
1	318376	46.46875	-120.53125	10.7054	195.223	22.2377
1	318377	46.46875	-120.46875	11.3482	192.923	22.5602
1	318378	46.46875	-120.40625	11.3482	192.923	22.5287
1	318379	46.46875	-120.34375	10.9047	185.332	22.1774
1	318380	46.46875	-120.28125	10.9047	185.332	21.4105
1	318381	46.46875	-120.21875	9.9456	186.315	20.7346
1	318382	46.46875	-120.15625	9.9456	186.315	20.3983
1	318383	46.46875	-120.09375	9.3231	202.453	20.2733
1	318384	46.46875	-120.03125	9.3231	202.453	20.1653
1	318385	46.46875	-119.96875	8.9713	235.017	20.2312
1	318386	46.46875	-119.90625	8.9713	235.017	20.2346
1	319294	46.53125	-121.15625	2.2967	966.045	12.9071
1	319295	46.53125	-121.09375	2.8608	940.577	13.8865
1	319296	46.53125	-121.03125	2.8608	940.577	15.5639
1	319297	46.53125	-120.96875	5.5071	752.837	16.8982
1	319298	46.53125	-120.90625	5.5071	752.837	17.8865
1	319299	46.53125	-120.84375	7.5051	449.381	18.7598
1	319300	46.53125	-120.78125	7.5051	449.381	19.5395
1	319301	46.53125	-120.71875	8.9086	284.783	20.126
1	319302	46.53125	-120.65625	8.9086	284.783	20.7299
1	319303	46.53125	-120.59375	9.3686	211.452	21.0318
1	319304	46.53125	-120.53125	9.3686	211.452	21.4401
1	319305	46.53125	-120.46875	9.8897	196.912	22.0702
1	319306	46.53125	-120.40625	9.8897	196.912	21.7299
1	319307	46.53125	-120.34375	9.2581	196.518	21.5708
1	319308	46.53125	-120.28125	9.2581	196.518	20.8925
1	319309	46.53125	-120.21875	8.0156	214.163	20.4022
1	319310	46.53125	-120.15625	8.0156	214.163	19.8626
1	319311	46.53125	-120.09375	7.7449	241.426	19.6861
1	319312	46.53125	-120.03125	7.7449	241.426	20.0042
1	319313	46.53125	-119.96875	9.2082	245.166	20.6586
1	319314	46.53125	-119.90625	9.2082	245.166	21.1962
1	320227	46.59375	-120.84375	7.5051	449.381	17.4466
1	320228	46.59375	-120.78125	7.5051	449.381	18.9146
1	320229	46.59375	-120.71875	8.9086	284.783	20.0206
1	320230	46.59375	-120.65625	8.9086	284.783	20.9317
1	320231	46.59375	-120.59375	9.3686	211.452	21.5784
1	320232	46.59375	-120.53125	9.3686	211.452	22.0585
1	320233	46.59375	-120.46875	9.8897	196.912	22.2136
1	320234	46.59375	-120.40625	9.8897	196.912	21.5721
1	320235	46.59375	-120.34375	9.2581	196.518	20.5091
1	320236	46.59375	-120.28125	9.2581	196.518	19.5559
1	320237	46.59375	-120.21875	8.0156	214.163	19.1954
1	320238	46.59375	-120.15625	8.0156	214.163	19.1112
1	320240	46.59375	-120.03125	7.7449	241.426	18.9356
1	320241	46.59375	-119.96875	9.2082	245.166	19.715
1	320242	46.59375	-119.90625	9.2082	245.166	20.9768
1	313755	46.15625	-119.34375	11.1888	209.125	23.1355
1	313756	46.15625	-119.28125	11.1888	209.125	23.0967
1	314675	46.21875	-119.84375	10.2915	216.715	22.4131
1	314676	46.21875	-119.78125	10.2915	216.715	22.3588
1	314677	46.21875	-119.71875	10.2192	215.975	22.2114
1	314681	46.21875	-119.46875	10.3629	231.096	22.8867
1	314682	46.21875	-119.40625	10.3629	231.096	22.7958
1	314683	46.21875	-119.34375	11.1888	209.125	22.7829
1	314684	46.21875	-119.28125	11.1888	209.125	23.0467
1	315603	46.28125	-119.84375	9.998	213.285	21.8769
1	315604	46.28125	-119.78125	9.998	213.285	21.7011
1	315605	46.28125	-119.71875	9.7497	209.709	21.8088
1	315606	46.28125	-119.65625	9.7497	209.709	22.0842
1	315607	46.28125	-119.59375	10.2886	207.101	22.5234
1	315608	46.28125	-119.53125	10.2886	207.101	22.6954
1	315609	46.28125	-119.46875	11.499	187.233	22.9379
1	315610	46.28125	-119.40625	11.499	187.233	22.8891
1	315611	46.28125	-119.34375	12.1562	182.289	23.1151
1	316531	46.34375	-119.84375	9.998	213.285	21.4323
1	316532	46.34375	-119.78125	9.998	213.285	21.321
1	316533	46.34375	-119.71875	9.7497	209.709	21.2434
1	316534	46.34375	-119.65625	9.7497	209.709	21.6642
1	316535	46.34375	-119.59375	10.2886	207.101	22.2942
1	316536	46.34375	-119.53125	10.2886	207.101	22.6112
1	316537	46.34375	-119.46875	11.499	187.233	22.8662
1	316538	46.34375	-119.40625	11.499	187.233	23.1707
1	316539	46.34375	-119.34375	12.1562	182.289	23.2564
1	317459	46.40625	-119.84375	8.6348	261.167	20.4184
1	317460	46.40625	-119.78125	8.6348	261.167	20.0029
1	317461	46.40625	-119.71875	9.1055	266.105	20.4742
1	317462	46.40625	-119.65625	9.1055	266.105	20.6147
1	317463	46.40625	-119.59375	10.4975	208.068	21.35
1	317464	46.40625	-119.53125	10.4975	208.068	22.5928
1	317465	46.40625	-119.46875	11.6605	181.474	22.8818
1	317466	46.40625	-119.40625	11.6605	181.474	23.0486
1	318387	46.46875	-119.84375	8.6348	261.167	20.4813
1	318388	46.46875	-119.78125	8.6348	261.167	21.6004
1	318389	46.46875	-119.71875	9.1055	266.105	22.4079
1	318390	46.46875	-119.65625	9.1055	266.105	22.6889
1	318391	46.46875	-119.59375	10.4975	208.068	22.9334
1	318392	46.46875	-119.53125	10.4975	208.068	23.0868
1	318393	46.46875	-119.46875	11.6605	181.474	23.0171
1	318394	46.46875	-119.40625	11.6605	181.474	22.9799
1	319315	46.53125	-119.84375	10.7238	194.207	22.029
1	319316	46.53125	-119.78125	10.7238	194.207	22.3714
1	319317	46.53125	-119.71875	11.6453	181.414	22.6822
1	319318	46.53125	-119.65625	11.6453	181.414	22.9748
1	319319	46.53125	-119.59375	11.6306	178.663	22.8261
1	319320	46.53125	-119.53125	11.6306	178.663	22.7887
1	320243	46.59375	-119.84375	10.7238	194.207	22.313
1	320244	46.59375	-119.78125	10.7238	194.207	22.7532
1	311875	46.03125	-120.84375	3.5863	787.975	15.1895
1	311876	46.03125	-120.78125	3.5863	787.975	16.3779
1	311877	46.03125	-120.71875	6.4907	495.7	17.8474
1	311878	46.03125	-120.65625	6.4907	495.7	18.5623
1	311879	46.03125	-120.59375	7.7054	388.942	18.817
1	311880	46.03125	-120.53125	7.7054	388.942	18.3795
1	311881	46.03125	-120.46875	6.8559	396.254	17.9849
1	311882	46.03125	-120.40625	6.8559	396.254	18.2615
1	325792	46.96875	-121.03125	5.0033	990.595	15.6726
1	325793	46.96875	-120.96875	3.2302	1066.58	13.182
1	326718	47.03125	-121.15625	3.9097	1189.9	15.4629
1	326719	47.03125	-121.09375	2.4231	1303.9399	15.1541
1	327643	47.09375	-121.34375	3.445	1422.66	13.8296
1	327644	47.09375	-121.28125	3.445	1422.66	14.1895
1	327645	47.09375	-121.21875	3.9097	1189.9	14.2286
1	327646	47.09375	-121.15625	3.9097	1189.9	13.1222
1	318363	46.46875	-121.34375	2.2932	1282.97	13.2555
1	318364	46.46875	-121.28125	2.2932	1282.97	13.6315
1	319290	46.53125	-121.40625	2.0539	1925.91	12.1838
1	319291	46.53125	-121.34375	2.6386	1182.74	12.4628
1	319292	46.53125	-121.28125	2.6386	1182.74	13.6638
1	319293	46.53125	-121.21875	2.2967	966.045	13.1303
1	320219	46.59375	-121.34375	2.6386	1182.74	13.4084
1	320220	46.59375	-121.28125	2.6386	1182.74	13.7759
1	320221	46.59375	-121.21875	2.2967	966.045	14.9503
1	320222	46.59375	-121.15625	2.2967	966.045	14.9407
1	320223	46.59375	-121.09375	2.8608	940.577	14.357
1	320224	46.59375	-121.03125	2.8608	940.577	14.5431
1	320225	46.59375	-120.96875	5.5071	752.837	16.123
1	320226	46.59375	-120.90625	5.5071	752.837	16.8863
1	321146	46.65625	-121.40625	3.3303	1934.3	12.6067
1	321147	46.65625	-121.34375	2.8887	1367.08	12.9721
1	321148	46.65625	-121.28125	2.8887	1367.08	14.2589
1	321149	46.65625	-121.21875	3.4711	1038.11	14.5066
1	321150	46.65625	-121.15625	3.4711	1038.11	15.6278
1	321151	46.65625	-121.09375	3.7561	933.261	16.3253
1	321152	46.65625	-121.03125	3.7561	933.261	15.7092
1	321153	46.65625	-120.96875	4.9516	847.411	16.1123
1	321154	46.65625	-120.90625	4.9516	847.411	16.9427
1	321155	46.65625	-120.84375	7.279	522.007	17.2134
1	321156	46.65625	-120.78125	7.279	522.007	18.4613
1	321157	46.65625	-120.71875	8.5666	310.236	19.6276
1	321158	46.65625	-120.65625	8.5666	310.236	20.5854
1	321159	46.65625	-120.59375	9.2588	240.837	21.2174
1	322075	46.71875	-121.34375	2.8887	1367.08	12.6729
1	322076	46.71875	-121.28125	2.8887	1367.08	13.0202
1	322077	46.71875	-121.21875	3.4711	1038.11	13.1072
1	322078	46.71875	-121.15625	3.4711	1038.11	13.4614
1	322079	46.71875	-121.09375	3.7561	933.261	14.1437
1	322080	46.71875	-121.03125	3.7561	933.261	14.4493
1	322081	46.71875	-120.96875	4.9516	847.411	16.1367
1	322082	46.71875	-120.90625	4.9516	847.411	17.2611
1	322083	46.71875	-120.84375	7.279	522.007	17.9895
1	322084	46.71875	-120.78125	7.279	522.007	19.2246
1	322085	46.71875	-120.71875	8.5666	310.236	20.0001
1	322086	46.71875	-120.65625	8.5666	310.236	20.3653
1	323002	46.78125	-121.40625	2.8865	1676.1899	13.5685
1	323003	46.78125	-121.34375	2.4553	1606.41	13.5226
1	323004	46.78125	-121.28125	2.4553	1606.41	12.0759
1	323005	46.78125	-121.21875	2.2155	1384.34	12.6147
1	323006	46.78125	-121.15625	2.2155	1384.34	14.477
1	323007	46.78125	-121.09375	4.6105	1034.09	15.5714
1	323008	46.78125	-121.03125	4.6105	1034.09	16.3359
1	323009	46.78125	-120.96875	5.4224	871.973	16.6416
1	323010	46.78125	-120.90625	5.4224	871.973	17.468
1	323011	46.78125	-120.84375	5.3616	783.095	17.7199
1	323012	46.78125	-120.78125	5.3616	783.095	17.0213
1	323929	46.84375	-121.46875	2.8865	1676.1899	12.3291
1	323930	46.84375	-121.40625	2.8865	1676.1899	13.0238
1	323931	46.84375	-121.34375	2.4553	1606.41	13.7814
1	323932	46.84375	-121.28125	2.4553	1606.41	13.4859
1	323933	46.84375	-121.21875	2.2155	1384.34	12.2667
1	323934	46.84375	-121.15625	2.2155	1384.34	13.7746
1	323935	46.84375	-121.09375	4.6105	1034.09	15.7442
1	323936	46.84375	-121.03125	4.6105	1034.09	16.6168
1	323937	46.84375	-120.96875	5.4224	871.973	17.9172
1	323938	46.84375	-120.90625	5.4224	871.973	16.8304
1	324857	46.90625	-121.46875	2.2756	1715.23	11.8556
1	324858	46.90625	-121.40625	2.2756	1715.23	12.6364
1	324859	46.90625	-121.34375	2.7906	1418.16	12.7577
1	324860	46.90625	-121.28125	2.7906	1418.16	13.5318
1	324861	46.90625	-121.21875	3.7818	1405.7	14.0628
1	324862	46.90625	-121.15625	3.7818	1405.7	14.1884
1	324863	46.90625	-121.09375	5.0033	990.595	16.0191
1	324864	46.90625	-121.03125	5.0033	990.595	16.8186
1	324865	46.90625	-120.96875	3.2302	1066.58	16.4531
1	325786	46.96875	-121.40625	2.2756	1715.23	11.7983
1	325787	46.96875	-121.34375	2.7906	1418.16	12.2621
1	325788	46.96875	-121.28125	2.7906	1418.16	13.224
1	325789	46.96875	-121.21875	3.7818	1405.7	14.179
1	325790	46.96875	-121.15625	3.7818	1405.7	15.8192
1	325791	46.96875	-121.09375	5.0033	990.595	16.8113
1	326715	47.03125	-121.34375	3.445	1422.66	12.9621
1	326716	47.03125	-121.28125	3.445	1422.66	13.727
1	326717	47.03125	-121.21875	3.9097	1189.9	15.0889
1	323017	46.78125	-120.46875	8.0079	293.607	20.0508
1	323018	46.78125	-120.40625	8.0079	293.607	19.6781
1	323019	46.78125	-120.34375	7.8329	306.75	19.6621
1	323020	46.78125	-120.28125	7.8329	306.75	19.5299
1	323021	46.78125	-120.21875	7.1897	324.895	18.4254
1	323022	46.78125	-120.15625	7.1897	324.895	18.7904
1	323943	46.84375	-120.59375	7.0785	435.596	18.0812
1	323944	46.84375	-120.53125	7.0785	435.596	18.6752
1	323945	46.84375	-120.46875	8.0079	293.607	19.9642
1	323946	46.84375	-120.40625	8.0079	293.607	19.6222
1	323947	46.84375	-120.34375	7.8329	306.75	19.3389
1	323948	46.84375	-120.28125	7.8329	306.75	19.0995
1	323949	46.84375	-120.21875	7.1897	324.895	18.1014
1	324871	46.90625	-120.59375	7.6342	328.29	18.3682
1	324872	46.90625	-120.53125	7.6342	328.29	19.3274
1	324873	46.90625	-120.46875	8.2232	319.902	20.2343
1	324874	46.90625	-120.40625	8.2232	319.902	20.2079
1	324875	46.90625	-120.34375	7.6976	385.902	20.1811
1	324876	46.90625	-120.28125	7.6976	385.902	18.8336
1	325794	46.96875	-120.90625	3.2302	1066.58	14.7361
1	325795	46.96875	-120.84375	5.1846	744.36	16.4017
1	325796	46.96875	-120.78125	5.1846	744.36	17.0406
1	325797	46.96875	-120.71875	6.0059	592.52	17.756
1	325798	46.96875	-120.65625	6.0059	592.52	19.0756
1	325799	46.96875	-120.59375	7.6342	328.29	20.1019
1	325800	46.96875	-120.53125	7.6342	328.29	20.8768
1	325801	46.96875	-120.46875	8.2232	319.902	21.0755
1	325802	46.96875	-120.40625	8.2232	319.902	20.9022
1	325803	46.96875	-120.34375	7.6976	385.902	20.3014
1	325804	46.96875	-120.28125	7.6976	385.902	19.5949
1	325805	46.96875	-120.21875	7.4853	374.513	18.7698
1	326720	47.03125	-121.03125	2.4231	1303.9399	12.769
1	326721	47.03125	-120.96875	3.1272	1308.76	13.9241
1	326722	47.03125	-120.90625	3.1272	1308.76	15.2215
1	326723	47.03125	-120.84375	4.9959	858.903	15.9441
1	326724	47.03125	-120.78125	4.9959	858.903	16.897
1	326725	47.03125	-120.71875	7.606	355.532	18.5001
1	326726	47.03125	-120.65625	7.606	355.532	20.1783
1	326727	47.03125	-120.59375	8.0048	271.428	20.7466
1	326728	47.03125	-120.53125	8.0048	271.428	20.7371
1	326729	47.03125	-120.46875	7.5897	300.84	20.5395
1	326730	47.03125	-120.40625	7.5897	300.84	20.3204
1	326731	47.03125	-120.34375	6.5168	471.356	19.7662
1	326732	47.03125	-120.28125	6.5168	471.356	18.3501
1	327647	47.09375	-121.09375	2.4231	1303.9399	12.9013
1	327648	47.09375	-121.03125	2.4231	1303.9399	14.2953
1	327649	47.09375	-120.96875	3.1272	1308.76	15.3442
1	327650	47.09375	-120.90625	3.1272	1308.76	15.4685
1	327651	47.09375	-120.84375	4.9959	858.903	16.5081
1	327652	47.09375	-120.78125	4.9959	858.903	17.8849
1	327653	47.09375	-120.71875	7.606	355.532	19.2071
1	327654	47.09375	-120.65625	7.606	355.532	19.5417
1	327655	47.09375	-120.59375	8.0048	271.428	19.7488
1	327656	47.09375	-120.53125	8.0048	271.428	19.5677
1	327657	47.09375	-120.46875	7.5897	300.84	19.2515
1	327658	47.09375	-120.40625	7.5897	300.84	18.7783
1	327659	47.09375	-120.34375	6.5168	471.356	18.2285
1	327660	47.09375	-120.28125	6.5168	471.356	17.1313
1	328572	47.15625	-121.28125	3.7727	1812.12	13.0801
1	328573	47.15625	-121.21875	4.7269	1393.0699	13.5796
1	328574	47.15625	-121.15625	4.7269	1393.0699	14.0891
1	328575	47.15625	-121.09375	6.0721	1018.1	15.1107
1	328576	47.15625	-121.03125	6.0721	1018.1	16.5365
1	328577	47.15625	-120.96875	6.5042	811.907	16.892
1	328578	47.15625	-120.90625	6.5042	811.907	17.2258
1	328579	47.15625	-120.84375	6.9301	685.591	17.7875
1	328580	47.15625	-120.78125	6.9301	685.591	17.924
1	328581	47.15625	-120.71875	6.0897	673.455	18.2254
1	328582	47.15625	-120.65625	6.0897	673.455	17.9197
1	328583	47.15625	-120.59375	3.4096	749.289	17.4651
1	328584	47.15625	-120.53125	3.4096	749.289	16.9241
1	328585	47.15625	-120.46875	3.865	669.167	16.8955
1	328586	47.15625	-120.40625	3.865	669.167	16.3615
1	328587	47.15625	-120.34375	2.5166	663.202	15.7221
1	328588	47.15625	-120.28125	2.5166	663.202	15.0678
1	329499	47.21875	-121.34375	3.7727	1812.12	13.8335
1	329500	47.21875	-121.28125	3.7727	1812.12	14.0364
1	329501	47.21875	-121.21875	4.7269	1393.0699	15.2157
1	329502	47.21875	-121.15625	4.7269	1393.0699	16.0933
1	329503	47.21875	-121.09375	6.0721	1018.1	16.7258
1	329504	47.21875	-121.03125	6.0721	1018.1	17.0108
1	329505	47.21875	-120.96875	6.5042	811.907	16.7829
1	329506	47.21875	-120.90625	6.5042	811.907	17.005
1	329507	47.21875	-120.84375	6.9301	685.591	17.5324
1	329508	47.21875	-120.78125	6.9301	685.591	17.7292
1	329509	47.21875	-120.71875	6.0897	673.455	17.5016
1	329510	47.21875	-120.65625	6.0897	673.455	17.0742
1	329511	47.21875	-120.59375	3.4096	749.289	14.6484
1	329512	47.21875	-120.53125	3.4096	749.289	13.7871
1	329513	47.21875	-120.46875	3.865	669.167	15.7571
1	329514	47.21875	-120.40625	3.865	669.167	15.0844
1	329515	47.21875	-120.34375	2.5166	663.202	13.3322
1	330428	47.28125	-121.28125	4.8601	1898.25	15.2558
1	330429	47.28125	-121.21875	4.5167	1599.0601	15.9451
1	330430	47.28125	-121.15625	4.5167	1599.0601	14.7834
1	330431	47.28125	-121.09375	4.8712	1273.6801	16.2477
1	330432	47.28125	-121.03125	4.8712	1273.6801	15.551
1	330433	47.28125	-120.96875	4.9389	1039.35	15.9054
1	330434	47.28125	-120.90625	4.9389	1039.35	16.5826
1	330435	47.28125	-120.84375	4.7141	1094.5601	16.797
1	330436	47.28125	-120.78125	4.7141	1094.5601	16.1866
1	330437	47.28125	-120.71875	4.4089	881.886	16.7567
1	330438	47.28125	-120.65625	4.4089	881.886	16.9118
1	330439	47.28125	-120.59375	2.5497	946.221	14.632
1	330440	47.28125	-120.53125	2.5497	946.221	13.6856
1	330441	47.28125	-120.46875	3.3624	749.903	14.5639
1	331354	47.34375	-121.40625	4.2558	2338.04	14.0151
1	331355	47.34375	-121.34375	4.8601	1898.25	14.4584
1	331356	47.34375	-121.28125	4.8601	1898.25	14.5218
1	331357	47.34375	-121.21875	4.5167	1599.0601	14.4866
1	331358	47.34375	-121.15625	4.5167	1599.0601	14.6212
1	331359	47.34375	-121.09375	4.8712	1273.6801	15.7255
1	331360	47.34375	-121.03125	4.8712	1273.6801	14.8522
1	331361	47.34375	-120.96875	4.9389	1039.35	15.0961
1	331362	47.34375	-120.90625	4.9389	1039.35	15.4627
1	331363	47.34375	-120.84375	4.7141	1094.5601	16.122
1	331364	47.34375	-120.78125	4.7141	1094.5601	16.3502
1	331365	47.34375	-120.71875	4.4089	881.886	16.3621
1	332282	47.40625	-121.40625	4.2218	2853.8601	14.1605
1	332283	47.40625	-121.34375	2.796	2415.49	13.5811
1	332284	47.40625	-121.28125	2.796	2415.49	13.7378
1	332285	47.40625	-121.21875	3.5746	1816.3101	14.518
1	332286	47.40625	-121.15625	3.5746	1816.3101	14.5576
1	332287	47.40625	-121.09375	2.8323	1721.03	15.3924
1	332288	47.40625	-121.03125	2.8323	1721.03	14.5085
1	332289	47.40625	-120.96875	0.8501	1468.59	14.3829
1	332290	47.40625	-120.90625	0.8501	1468.59	14.5926
1	332291	47.40625	-120.84375	0.156	1180.64	14.4502
1	333211	47.46875	-121.34375	2.796	2415.49	13.3595
1	333212	47.46875	-121.28125	2.796	2415.49	12.9401
1	333213	47.46875	-121.21875	3.5746	1816.3101	14.1087
1	333214	47.46875	-121.15625	3.5746	1816.3101	14.4088
1	333215	47.46875	-121.09375	2.8323	1721.03	13.8645
1	333216	47.46875	-121.03125	2.8323	1721.03	14.1144
1	333217	47.46875	-120.96875	0.8501	1468.59	13.2246
1	334141	47.53125	-121.21875	1.4547	2397	12.505
1	334142	47.53125	-121.15625	1.4547	2397	12.521
1	334143	47.53125	-121.09375	1.3652	1950.78	13.4974
1	334144	47.53125	-121.03125	1.3652	1950.78	13.1189
1	320239	46.59375	-120.09375	7.7449	241.426	18.9944
1	321160	46.65625	-120.53125	9.2588	240.837	21.4828
1	321161	46.65625	-120.46875	8.5759	230.421	21.1484
1	321162	46.65625	-120.40625	8.5759	230.421	19.8684
1	321163	46.65625	-120.34375	7.8055	241.759	19.1749
1	321164	46.65625	-120.28125	7.8055	241.759	18.8532
1	321165	46.65625	-120.21875	7.5784	278.301	18.7745
1	321166	46.65625	-120.15625	7.5784	278.301	18.8873
1	321167	46.65625	-120.09375	8.7478	255.198	18.986
1	322087	46.71875	-120.59375	9.2588	240.837	20.6447
1	322088	46.71875	-120.53125	9.2588	240.837	21.0879
1	322089	46.71875	-120.46875	8.5759	230.421	20.4771
1	322090	46.71875	-120.40625	8.5759	230.421	19.6008
1	322091	46.71875	-120.34375	7.8055	241.759	19.3023
1	322092	46.71875	-120.28125	7.8055	241.759	18.798
1	322093	46.71875	-120.21875	7.5784	278.301	18.5193
1	323013	46.78125	-120.71875	6.502	480.534	18.0431
1	323014	46.78125	-120.65625	6.502	480.534	19.576
1	323015	46.78125	-120.59375	7.0785	435.596	19.5678
1	323016	46.78125	-120.53125	7.0785	435.596	19.361
1	323939	46.84375	-120.84375	5.3616	783.095	16.608
1	323940	46.84375	-120.78125	5.3616	783.095	17.8047
1	323941	46.84375	-120.71875	6.502	480.534	18.3593
1	323942	46.84375	-120.65625	6.502	480.534	17.8946
1	324866	46.90625	-120.90625	3.2302	1066.58	16.3981
1	324867	46.90625	-120.84375	5.1846	744.36	16.7967
1	324868	46.90625	-120.78125	5.1846	744.36	17.3659
1	324869	46.90625	-120.71875	6.0059	592.52	17.3008
1	324870	46.90625	-120.65625	6.0059	592.52	17.7044