15.58242 15.21971 12.94563 14.13296 14.91768 18.00706 15.67942 14.22301 14.69997 15.96425
15.63633 15.29878 12.99499 14.19201 15.00048 18.06378 15.74014 14.2781 14.75615 16.03514
15.74647 15.38809 13.13272 14.31867 15.15697 18.18012 15.8609 14.37418 14.87848 16.20248
15.9274 15.62358 13.31299 14.60829 15.4867 18.33064 16.07986 14.5201 14.98875 16.54002
16.35995 16.01813 13.78512 15.01052 15.8377 18.57401 16.37923 14.75825 15.14523 16.8957
15.94082 16.36501 12.8597 14.52357 14.17375 19.0808 16.77208 15.27661 15.35492 17.40811
15.01556 17.1135 11.7709 13.97449 13.45948 19.11823 16.44623 15.29142 15.63856 17.1945
15.97611 17.87896 12.54902 14.82186 13.78337 20.04142 16.87994 15.19081 15.70594 16.92861
16.73963 18.74153 13.24943 15.51066 14.33394 21.91585 17.6856 15.86599 17.12143 17.89187
18.05405 19.59198 13.73916 16.15585 15.08732 24.23323 17.91697 15.94534 17.68486 17.79927
19.3141 20.56536 14.5798 17.11115 15.83718 24.38817 18.3535 17.16654 18.5984 18.17882
20.2954 20.96929 16.14902 19.09604 17.01937 25.34967 18.99218 19.07602 19.49644 18.83769
22.25823 22.42042 17.78468 21.3109 18.47782 26.8191 19.52921 18.8525 19.77177 19.89319
25.55352 23.78166 20.50177 24.58499 20.85719 27.05716 19.76297 19.24698 20.83538 20.67073
28.95571 27.43031 23.73577 25.94565 22.88913 28.19636 21.3938 20.53393 22.29981 22.46172
30.33089 31.16354 28.12094 28.5979 25.16104 28.63372 23.42762 24.3183 23.96349 24.37477
32.73466 32.42597 31.03822 30.31261 27.47864 29.9796 25.16463 26.93728 26.38148 26.68882
34.28246 34.07045 32.76114 32.66188 30.74266 31.17813 28.63664 28.98038 29.20341 30.46546
37.72876 37.06025 36.61561 36.83274 34.54191 36.25694 34.75521 36.02968 35.03775 37.14362
39.38088 40.88502 39.39708 38.20591 41.41568 38.12222 39.249 36.20824 35.2282 39.6691
39.45699 40.92759 39.44751 38.24912 41.46272 38.17982 39.31828 36.27513 35.28862 39.73575
