13.40757 13.85037 12.27942 12.5675 12.66939 16.05868 15.04312 16.89338 18.82634 17.76234
13.49478 13.8908 12.42067 12.65131 12.94105 16.12288 15.2424 16.93746 18.90244 17.89125
13.86639 14.02053 12.6137 12.82182 13.32339 16.22757 15.52041 17.02874 19.05744 18.29003
14.5991 14.44471 13.14449 13.31294 13.9245 16.3116 15.90003 17.13894 19.36924 18.85776
15.6122 15.23611 14.43386 14.1235 13.3734 16.43518 16.68618 17.36808 19.98463 19.45762
13.18141 13.79023 12.79358 12.70822 10.71138 17.03932 17.90022 18.02301 20.92987 20.04351
12.17779 14.06315 12.99617 11.49822 11.41204 17.0876 18.59977 17.64324 21.78974 18.39373
13.71199 15.46173 13.32606 12.19843 12.39157 17.20367 20.33327 18.43993 21.27368 17.98593
14.4124 16.67552 14.48552 13.35095 13.06242 18.20812 21.88636 19.48477 22.77184 18.60282
16.76569 17.97967 15.89546 14.70951 13.63035 20.28008 20.30987 20.04392 25.1619 19.26014
17.80782 19.1534 16.78544 15.58449 14.3417 19.04034 19.30383 20.52352 23.49503 19.85065
19.05007 19.33763 18.22576 16.85534 15.38915 18.85165 19.04905 21.55451 24.76687 20.49995
19.79894 20.57702 18.92531 17.05417 16.56705 19.06268 19.20811 24.05862 23.95027 21.40751
22.22696 22.57743 20.05051 19.11253 18.1654 20.12806 18.95674 24.93432 24.9983 22.8146
24.74709 25.13961 22.87719 22.50857 20.03933 22.46296 20.05592 27.00227 26.73763 24.66745
28.21261 26.93156 25.51086 25.69147 22.63205 26.96349 22.31761 29.308 29.64071 26.58259
30.41189 29.50133 28.088 27.96938 24.97659 28.73199 24.18313 30.52234 31.1538 28.75839
32.74639 31.67474 30.99375 30.75374 27.66313 31.12977 28.16088 32.46124 33.26143 31.65173
36.21601 33.99732 34.08227 34.43389 29.97471 38.37112 31.98835 35.90985 37.77679 34.31441
37.5944 36.96392 37.56074 37.56702 38.62444 38.95988 37.92011 36.24969 38.78529 40.60306
37.68442 37.07871 37.67838 37.6539 38.69616 39.01576 37.97419 36.30432 38.83062 41.00643
