15.85674 14.26519 13.91869 14.06581 13.81777 15.63662 15.51487 15.86663 13.31357 17.91731
16.02721 14.4898 13.97704 14.15195 14.30866 15.78086 15.65065 15.89964 13.38198 18.01049
16.42411 15.14233 14.31157 14.45438 15.08628 15.83763 15.93012 15.96897 13.59423 18.46708
16.5645 14.7899 15.24008 14.3319 14.36479 16.05609 16.59483 16.46331 14.1842 19.82088
16.61234 15.13767 15.57956 14.003 12.33698 16.81776 17.87318 17.4315 13.88917 22.42316
18.21893 15.7814 15.62535 15.3894 14.15791 17.37732 19.10648 18.81052 12.83713 23.26194
19.92235 17.0605 17.19489 16.42711 14.93461 17.60207 20.25194 20.50177 14.32233 24.49299
22.50653 18.8445 19.10114 18.36146 16.55839 19.34026 22.11569 22.50166 17.78809 24.96837
24.81678 20.74609 21.41628 21.3025 18.94517 20.6284 24.05936 24.66262 19.65762 26.77831
26.20435 23.23214 24.06824 23.74061 20.41241 22.81455 26.19259 26.72434 23.58099 27.86108
29.27334 25.58615 26.27542 27.02137 22.09361 25.71093 27.78984 28.34996 26.0846 27.95357
30.41839 28.03099 29.01502 28.86839 24.88505 27.29895 28.10274 30.16423 27.40929 29.54783
32.26571 30.98274 30.96211 32.41644 27.35723 28.67946 29.64982 31.14585 28.84644 32.63345
33.82138 32.80697 32.66039 33.35104 30.10569 31.74163 32.55955 31.05481 30.16612 35.44056
35.20143 34.9652 34.36334 33.87801 31.88428 33.98679 35.2662 32.15778 30.26792 37.23436
36.97372 37.18491 37.32074 35.8529 37.87985 34.96293 35.68287 33.08652 32.6613 37.61496
37.28427 37.19205 37.33255 36.30612 37.88462 34.96384 35.6836 33.08757 32.67489 37.61565
37.28428 37.193 37.33305 36.30593 37.88474 34.96473 35.68482 33.0887 32.67512 37.61651
37.28237 37.19177 37.33185 36.30483 37.88412 34.96543 35.68559 33.08941 32.67541 37.61709
37.28227 37.19194 37.33179 36.3033 37.8831 34.96548 35.6856 33.08947 32.67508 37.61716
37.28227 37.19194 37.33179 36.3033 37.8831 34.96548 35.6856 33.08947 32.67508 37.61716
