15.24361 14.30212 12.90893 13.62496 13.86103 17.1799 15.10381 13.2873 14.0154 15.59836
15.395 14.58797 12.95619 13.76602 14.12894 17.22076 15.34443 13.40751 14.1306 15.70146
15.80957 15.07188 13.37232 14.3829 14.85875 17.53163 15.8097 13.57845 14.35894 16.13178
16.13729 15.95991 13.37882 14.57064 13.19768 18.46087 17.0928 14.38035 14.98328 17.80659
15.99364 17.10619 12.52856 14.10332 13.45313 19.72128 15.88727 13.99815 16.06228 17.61717
16.97255 17.94802 13.7726 15.89804 14.38452 22.19291 15.6531 13.38256 17.05324 16.91731
18.59025 18.78821 15.37385 17.21849 15.59389 22.15374 17.3391 15.1575 18.60144 18.55132
20.80509 20.28841 17.29482 19.41313 17.45206 25.08163 19.37828 17.50427 20.11087 19.37683
24.13369 22.06233 19.6447 23.11407 19.58948 25.92534 21.18541 19.48904 21.50464 20.75531
26.31843 23.14414 23.01567 25.97927 21.66527 26.77846 22.45758 21.85018 23.56704 22.04245
27.90064 24.72554 25.82037 27.45294 23.71857 28.03868 24.1769 23.75635 24.89118 23.93002
29.87268 27.6935 28.31097 29.08975 26.0335 29.30738 26.55831 26.49324 25.83685 26.52595
32.12377 30.52344 31.58646 30.91154 28.70873 31.01537 27.7397 28.33531 27.23404 28.23551
33.13043 32.34888 33.33642 32.9215 31.14901 32.4834 32.12474 31.64658 29.86037 30.94496
35.16069 35.10767 34.68213 35.1021 34.45667 35.77601 36.05389 34.1745 32.06972 35.71694
37.05514 38.68721 37.41956 36.52453 39.49424 36.40477 36.3751 34.60091 33.33603 37.79705
37.26306 38.68799 37.89859 36.6614 39.79954 36.4053 36.37551 34.60202 33.33696 37.79913
37.26356 38.6879 37.90002 36.6618 39.79947 36.40629 36.37634 34.60279 33.33771 37.80028
37.26314 38.68756 37.89862 36.66118 39.7981 36.40673 36.37688 34.60374 33.33828 37.80095
37.26261 38.6876 37.89799 36.66093 39.79767 36.40681 36.37691 34.60357 33.33834 37.80094
37.26261 38.6876 37.89799 36.66093 39.79767 36.40681 36.37691 34.60357 33.33834 37.80094
