13.85855 12.89604 12.63251 10.75915 11.62194 14.71143 11.56116 14.76949 14.64583 15.20198
13.90334 13.11509 12.76292 10.99237 11.79072 14.75702 11.84597 15.04179 14.71809 15.28899
14.08631 13.51581 13.01554 11.73068 12.33523 14.91964 12.21125 15.56929 14.92051 15.57193
14.87169 13.94888 13.76673 13.49589 13.27836 15.42761 12.68398 16.26259 15.44908 16.50224
14.40298 11.64435 12.99774 11.77152 10.76735 16.71313 13.52071 17.89501 16.7986 17.62061
11.91035 10.84397 11.93724 7.52423 9.18047 17.48025 12.59951 19.37713 15.67434 15.13504
11.74623 12.06875 12.88826 10.19016 11.60751 13.14392 10.72026 15.4841 14.34264 13.82731
13.04113 13.32161 14.5385 11.02311 12.32857 14.40991 12.42677 16.92869 15.37825 15.1512
13.81853 13.93856 15.14977 9.84148 13.18122 18.44486 12.73832 17.96496 17.0314 16.48978
14.19419 14.69416 15.70841 9.70132 13.91853 19.75154 13.36026 17.78944 18.20968 16.8401
15.20462 15.30583 16.3588 10.33059 14.2526 19.7923 13.71616 17.88916 18.84167 17.0263
16.16577 16.55007 17.43887 11.89529 14.79724 18.66864 13.59229 18.20648 19.52917 17.45444
17.97023 18.36186 19.05913 13.80386 16.10112 17.98199 13.8214 18.27017 17.01738 18.20131
19.73573 20.71084 21.23311 15.67376 17.91968 18.48858 14.64707 18.56598 17.93322 19.47941
21.86071 23.68157 23.65421 19.37454 20.11836 20.26902 16.54891 19.92848 19.99535 21.36583
24.63458 26.31988 25.6098 21.93173 22.73436 23.32354 18.89887 22.09961 22.47287 23.76095
27.56301 28.99111 28.49464 25.09711 25.42003 26.30956 22.34699 24.84561 25.93548 25.23078
30.85881 31.74206 31.36766 28.3252 28.7731 30.2233 26.09533 28.08445 28.62179 28.74954
34.58976 35.37919 34.06429 33.52071 31.93365 34.7133 30.6725 32.49506 33.13855 32.84067
38.84331 40.90674 39.75078 40.04765 40.2709 39.48407 37.46432 40.58944 39.49653 39.7883
38.9084 40.95892 39.84165 42.22589 40.33637 39.5405 37.52843 40.963 39.56885 41.87969
