13.53082 12.34531 12.68883 13.07122 14.17135 18.96429 14.67104 16.82419 15.23454 19.94277
13.56834 12.41665 12.73265 13.14605 14.34326 19.00651 14.71532 16.90043 15.28842 20.02207
13.6796 12.63293 12.75051 13.26188 14.72646 19.06415 14.72003 17.00411 15.3666 20.19049
13.86367 13.46487 13.16515 13.44671 15.13798 19.13457 14.86025 17.16431 15.48705 20.53589
14.39905 12.93723 13.58446 13.60665 14.8651 19.25477 15.12866 17.45957 15.68628 21.05005
14.46897 10.5898 13.25292 13.01248 13.138 19.76622 15.42131 17.97232 16.31187 22.062
14.18865 10.81521 14.23686 13.83031 13.58091 19.45358 15.61906 18.62061 17.31269 22.16787
14.03812 11.4793 15.96387 14.64886 14.4106 22.54531 16.78524 20.99648 18.86249 22.73916
14.77617 12.11888 17.23272 16.38566 15.04946 24.152 18.38479 22.53608 20.57628 23.71473
16.96881 13.93788 18.14374 17.38971 15.26664 25.38303 17.91393 23.76909 22.24487 25.14702
16.5614 15.04648 19.0694 19.14623 16.75025 26.41933 19.14145 24.30371 23.371 25.58831
17.67906 16.02111 20.30336 19.21117 17.64081 27.55208 20.1379 25.51234 23.807 26.00683
19.54368 17.27822 21.30548 20.53004 19.70982 25.96342 21.40085 25.02444 23.92809 26.67386
22.17745 19.32782 22.99997 21.72886 21.83332 27.35457 21.29003 23.65155 24.27058 27.45675
24.3801 21.49583 25.13867 25.11155 24.01787 28.7736 23.18519 24.37086 25.42458 29.1546
26.0705 23.34906 26.80849 27.36062 26.17554 30.87044 25.54732 26.48586 26.99716 31.43815
28.55079 26.25034 29.08073 29.62321 29.36059 32.35391 27.93831 28.68788 28.61273 33.44519
31.33976 29.20612 31.46285 32.13931 32.35762 33.50171 30.69617 31.7684 30.77473 34.77257
33.51791 32.60743 34.48175 34.87447 35.65895 36.6837 34.78293 35.12851 34.25492 37.33524
36.98944 37.5062 36.8193 38.08255 39.83183 38.09741 37.31283 36.3234 35.61103 39.86289
37.05523 38.36537 36.88535 38.1327 39.88221 38.14621 37.36729 36.37418 35.66417 39.90795
