17.50301 17.66954 15.45197 15.2033 15.83943 21.64274 20.1893 16.69748 17.41572 18.62504
17.5486 17.82802 15.51167 15.29736 16.06346 21.72166 20.31499 16.75546 17.46415 18.75195
17.68428 18.09779 15.86164 15.46702 16.37663 21.87594 20.63394 16.87684 17.51983 19.03087
18.39628 18.26523 16.68107 15.9863 16.6857 22.15397 21.20953 17.18144 17.67326 19.43297
18.39248 18.69116 17.32696 16.61591 15.80355 22.57847 21.94824 17.62327 18.07685 20.08599
17.37765 19.82002 13.99615 14.44185 14.33257 23.38295 23.07837 18.66795 18.85037 20.99453
18.53008 20.69161 13.48086 14.8394 14.81321 24.78278 21.47309 17.21082 20.16699 20.50827
19.88279 21.50548 14.61954 16.31985 15.72627 26.58462 22.56382 18.77406 22.1921 22.04696
20.59815 22.37855 16.16815 17.09584 16.18164 27.87249 23.61444 23.54077 23.4162 22.03379
21.83519 23.68778 17.17074 19.27036 16.66473 28.97555 24.47383 23.93045 24.09314 20.47076
22.58738 24.27836 18.30079 20.64013 17.87359 29.82291 24.15887 21.12618 24.6533 19.97623
23.83104 25.50265 19.73304 21.64595 19.6177 30.68651 24.73297 22.2991 24.91553 21.01429
25.21777 26.22343 20.98212 22.67497 21.39587 30.0024 25.93562 21.45774 25.00448 22.36626
27.68505 28.18404 23.18396 23.9751 23.54283 30.13757 26.30798 21.99327 24.48733 23.58575
29.34598 29.94715 26.21555 25.60811 25.88997 31.36761 28.08882 23.88573 26.47927 25.46063
31.09909 31.70357 28.50306 27.07804 28.48449 33.05273 30.39477 27.50144 28.44656 27.68985
33.78748 33.91529 31.29661 29.69029 31.50467 34.8012 32.74061 29.72396 30.22527 30.33722
36.33182 36.19455 34.25561 32.44114 34.6466 36.63369 35.9209 34.90139 34.73895 33.12748
38.07673 40.19643 37.14569 35.74103 38.6775 40.41116 42.03893 38.47823 36.83175 38.17178
40.03938 41.57678 40.3811 38.06567 41.32899 40.59761 42.45648 38.61167 37.21273 39.15649
40.07832 41.61179 40.42414 38.10427 41.36891 40.64499 42.51159 38.66517 37.27001 39.21257
