14.90391 13.26575 14.13425 14.7946 15.74056 21.09865 17.13854 17.7962 17.48732 22.77913
14.98648 13.37964 14.27603 14.88707 15.90473 21.16132 17.20268 17.8804 17.555 22.93046
15.11182 13.70333 14.37977 15.02488 16.31448 21.23629 17.44441 18.02952 17.64639 23.14001
15.55499 14.57099 14.95798 15.36296 17.05783 21.40372 17.75238 18.23365 17.83125 23.56515
16.26231 14.31329 15.56787 15.77147 16.33941 21.73422 18.15087 18.49009 18.20354 24.18054
14.53092 13.3878 15.39228 15.14894 13.88922 22.70139 18.35484 19.69077 19.09155 25.21237
13.99559 11.49621 16.204 15.52432 14.20127 23.48377 19.76925 20.86322 20.34035 25.90312
14.74035 12.8327 17.68175 16.78692 14.76473 25.53284 21.18701 23.42065 21.82122 26.01307
16.23 14.36735 18.28285 18.33623 16.0908 27.83045 21.21748 25.52285 23.51372 26.45806
17.19001 15.8637 18.68626 20.24638 16.45725 27.67828 21.1058 23.78356 25.29626 27.46855
17.97214 17.1146 19.82931 21.07963 18.25674 27.82161 20.90443 22.69247 25.35835 28.06521
19.26117 18.21105 19.04691 20.26173 19.2965 28.39231 22.2682 23.33807 26.18562 28.8586
20.90408 19.07935 21.21855 22.75444 21.24437 28.57936 23.33324 23.70856 26.01376 29.54793
25.0453 21.05107 24.12491 25.59345 23.4448 30.13412 25.24942 25.09693 27.47406 30.48105
28.14767 23.18795 26.79229 29.9494 26.24422 32.03479 28.55799 27.53405 28.8297 31.89369
30.8313 25.38472 28.5431 30.87953 28.73435 33.08266 30.01454 29.78882 30.84052 33.31527
31.94913 29.16 31.70506 33.52045 31.75642 36.6111 33.92828 34.86167 34.32272 36.06532
35.36051 33.74156 34.98409 38.37559 34.62293 38.72335 38.09812 36.27839 36.81082 39.27257
38.22722 38.76009 38.12046 39.41427 41.24315 38.78728 38.16508 36.41669 36.87221 40.65033
38.27021 38.80662 38.16724 39.45455 41.28438 38.84835 38.23008 36.47645 36.93341 40.71048
38.30903 38.85021 38.20906 39.4938 41.32379 38.9085 38.2943 36.53557 36.99415 40.77045
