13.94042 12.7974 12.70716 10.60805 11.11161 12.26122 10.11087 12.05624 11.89934 12.91707
14.09442 13.21467 13.00943 11.04407 11.4947 12.43337 10.73406 12.74483 12.1078 13.30414
15.03189 13.85335 14.13935 12.85058 12.91487 13.92467 11.73296 14.55924 13.75059 14.76164
14.33545 12.1231 13.19408 10.9789 11.24341 14.57377 10.07827 16.53517 11.89778 12.28078
12.84992 11.86092 13.68005 8.7624 9.461 12.31465 9.04841 11.81461 10.50847 12.2234
14.55776 13.05392 14.6654 10.33019 10.99525 13.29871 11.28836 13.36267 12.53395 13.53775
15.70894 14.52414 15.97728 11.14267 12.59382 16.88381 11.23972 15.67623 13.27554 14.83364
17.16095 15.64367 16.99131 12.26726 13.72446 15.47192 12.14546 15.85588 15.00785 16.2308
18.26818 17.32903 18.69878 14.13615 15.42574 16.88229 13.7569 17.02966 16.47278 18.017
19.8492 19.6629 20.15596 15.81745 17.06683 18.93444 15.30843 18.17869 18.04304 20.10776
22.34131 21.95583 22.34926 17.60391 19.49556 21.32086 17.52473 20.10928 20.51302 22.39491
25.47955 24.18684 24.6071 21.46401 22.48384 23.47784 20.74749 22.6508 23.41102 24.56941
28.19985 27.01299 26.94359 24.61165 25.82265 26.75946 23.03517 25.90213 25.82628 26.95008
31.16179 29.88062 30.10428 27.7712 29.14547 29.68484 26.91891 28.78667 29.25916 29.82753
33.35255 33.03992 32.8403 30.86337 31.77382 31.17446 29.76723 31.68123 32.97253 33.11111
35.76884 36.55042 35.50601 36.98135 36.6349 34.33877 34.52897 35.63162 35.82935 36.99138
36.67858 37.86379 37.04767 39.23556 37.51619 36.03231 35.41678 37.85726 37.46905 37.94309
36.69993 38.17353 37.08745 39.24468 37.53265 36.05238 35.42389 37.90335 37.49279 38.14163
36.706 38.19631 37.09496 39.24789 37.53863 36.05829 35.42513 37.91353 37.49783 38.14773
36.707 38.284 37.09672 39.24582 37.53962 36.05949 35.42528 37.91542 37.49801 38.14866
36.71196 38.33819 37.10054 39.24813 37.54327 36.06625 35.42853 37.92215 37.50316 38.15155
