12.47241 13.2928 13.50477 12.05213 13.69391 16.2438 15.08008 15.70462 16.37158 12.90121
12.67075 13.7823 13.76267 12.20589 14.05885 16.39544 15.36081 15.98082 16.56917 13.20161
13.68528 14.86353 14.61503 13.01511 15.009 16.73191 15.96797 16.34548 17.22136 13.977
14.93707 14.55715 14.89962 12.40759 13.91555 17.78294 17.55281 17.29438 18.71046 15.22876
9.65795 14.24641 12.23591 10.74525 11.77788 19.41754 17.70333 18.84024 17.97272 14.86223
10.73322 14.69477 12.81087 11.65038 13.31397 21.6706 17.12802 20.57183 20.28635 15.22385
12.18362 16.40588 14.11251 13.27963 15.29487 21.34291 17.04938 18.31463 18.61985 13.26032
13.8847 17.21959 14.62438 15.15469 15.96061 17.98183 17.63035 18.9416 17.35927 14.30025
15.33026 17.53675 15.65588 16.23237 17.45263 18.44728 18.79136 19.85869 18.40487 15.33012
17.45622 19.1941 17.15384 18.03508 19.01051 19.39727 19.61934 20.89484 19.63369 16.63532
21.01037 21.08454 19.6525 21.08808 21.01456 22.13838 20.8526 23.31865 21.72985 18.65859
24.04239 24.15654 22.43972 25.17475 23.79749 25.4183 23.25209 26.44035 25.29862 21.89883
27.49907 26.8778 25.17329 27.28889 26.66474 28.51756 25.62581 28.73325 28.97471 24.58377
30.17539 29.79691 28.1334 30.48938 29.48438 29.84054 27.95264 30.63163 31.06867 27.53746
34.02459 33.04812 32.12402 33.39595 32.39896 35.86759 34.77788 35.26556 37.08481 37.36518
38.07484 37.32278 36.8532 36.88584 36.83362 37.00807 35.49804 36.77755 37.65368 37.40012
38.19455 37.74018 38.29864 37.17907 38.1923 37.008 35.75603 36.7774 37.6539 37.40007
38.19585 37.74571 38.3008 37.18313 38.19674 37.008 35.75604 36.7774 37.65415 37.40017
38.19663 37.74733 38.3007 37.18438 38.19847 37.00809 35.75622 36.77748 37.65443 37.40032
38.19613 37.74765 38.30072 37.18786 38.1986 37.0082 35.75624 36.77759 37.65464 37.40034
38.19811 37.74894 38.30176 37.19453 38.20057 37.00822 35.75619 36.06367 37.65491 37.40034
