14.19309 13.50347 13.25228 12.93353 13.50331 16.98506 16.37076 16.88574 19.67162 18.27345
14.24483 13.6481 13.44692 13.02391 14.06796 17.00502 16.64173 16.89585 19.8611 19.1347
15.38417 14.43265 14.13582 13.79774 15.19051 17.19429 17.68292 17.0402 20.51016 20.21197
15.02836 13.21983 13.23957 12.29021 12.62245 18.88654 19.84775 17.6753 21.89083 20.17929
14.24929 14.45692 15.18835 12.72649 13.25715 16.74001 17.52504 18.23967 22.71917 18.92144
16.3635 16.39355 15.92292 14.19963 15.0949 16.83056 17.47986 20.50426 23.6667 20.39628
19.0596 19.39707 18.40291 16.30042 17.27613 19.70903 18.94229 23.66707 26.24668 22.40636
22.65735 22.06635 20.9641 19.27761 19.46365 24.21493 21.39801 26.49375 28.58566 24.88313
25.30323 24.46982 23.35662 22.10506 22.08967 26.70061 23.37028 28.40435 30.88486 26.85547
27.05322 26.82858 25.08188 25.09861 24.07709 28.12142 24.69064 30.56498 32.61918 28.30814
28.9785 28.71138 27.6674 26.29489 26.06085 30.14301 27.00511 32.01153 34.0034 30.52122
31.8319 31.02837 30.92134 29.07281 29.14237 31.66031 30.75981 33.04684 34.55011 32.46288
34.86072 33.04292 33.4959 31.58433 31.91934 35.86597 33.77232 34.065 35.99796 34.56518
36.76277 35.70667 36.08171 33.57697 34.46999 38.32453 37.01076 35.69184 37.99603 38.58725
38.72118 37.47799 38.85119 37.55436 39.74046 38.51403 37.35637 36.00206 38.03647 40.71684
38.82678 37.57538 38.85995 37.7337 39.74208 38.51464 37.35709 36.00285 38.03738 40.71748
38.82098 37.57027 38.85676 37.73116 39.74129 38.51514 37.35787 36.00415 38.03876 40.71837
38.81824 37.56569 38.85371 37.72368 39.7386 38.51521 37.35791 36.00456 38.03905 40.7185
38.81565 37.56483 38.85178 37.72239 39.73823 38.51498 37.35798 36.00462 38.03905 40.71849
38.81565 37.56483 38.85178 37.72239 39.73823 38.51498 37.35798 36.00462 38.03905 40.71849
38.81565 37.56483 38.85178 37.72239 39.73823 38.51498 37.35798 36.00462 38.03905 40.71849
