15.20463 14.05063 14.01104 11.45135 12.52562 15.80912 12.55889 15.48695 15.63992 17.22936
15.28878 14.36345 14.16139 11.94467 12.74953 16.00604 12.9718 16.02735 16.03533 17.19103
16.24883 15.07014 14.94644 13.33576 13.66822 16.58181 13.55034 17.02523 16.58671 17.97429
17.78166 14.34214 15.30391 14.29503 13.34345 18.00615 13.92386 19.14373 18.35842 19.54009
16.94651 12.95384 15.50959 9.34977 11.74461 18.19828 15.03515 20.55428 18.92155 18.1287
15.06315 14.46346 17.02153 9.75511 12.88757 19.89904 13.88636 22.06113 20.12013 18.7922
17.23054 15.41897 18.29374 12.38951 14.07676 19.42619 13.93765 19.38716 20.34271 18.21973
18.64855 16.42711 18.91607 13.22538 15.50423 17.95461 14.17484 18.86111 18.77532 19.04733
20.03063 17.88525 19.04898 14.24934 17.15458 18.63846 15.02074 19.71867 21.80192 20.31314
21.55616 19.83409 20.30212 15.82644 18.81645 20.04319 16.25367 20.12813 22.08381 21.37852
23.93019 22.1586 22.24482 19.76498 21.15118 22.06494 18.48686 21.58921 22.41411 23.84079
27.6963 24.33259 24.84982 22.98174 24.09612 25.35161 21.59538 25.03637 25.16098 26.22963
29.71092 26.73253 27.52786 26.49325 27.1673 28.8323 23.89321 28.20524 28.01634 28.875
32.12376 29.76789 30.907 29.77991 30.2842 30.03128 25.49828 30.15509 30.27604 32.02435
34.81633 32.89586 33.09577 32.93236 33.27357 36.13766 34.88008 35.48656 37.18014 38.80592
36.7713 37.43883 36.46178 39.44361 38.31932 36.75402 34.87986 38.85554 38.16015 39.22063
37.44039 37.86269 37.73783 39.89758 38.62317 36.75404 34.87982 38.85577 38.16011 39.22315
37.44381 38.37981 37.74214 39.89843 38.62648 36.75411 34.87979 38.85572 38.16012 39.22345
37.44491 38.39247 37.74282 39.89914 38.6275 36.75429 34.87992 38.85584 38.16032 39.22372
37.44547 38.43948 37.74287 39.90148 38.6275 36.75439 34.88005 38.85592 38.16033 39.22393
37.44637 38.45795 37.74378 39.90821 38.62815 36.75441 34.88004 38.09742 38.16033 39.22407
