15.8837 14.30244 12.71083 13.71087 13.41693 17.03458 15.66119 13.01916 14.06835 15.46848
15.91809 14.57318 12.77173 13.8237 13.74637 17.12463 15.82937 13.02131 14.09468 15.58606
16.23347 14.90092 13.05202 14.09268 14.20754 17.37071 16.04923 13.067 14.18761 15.94184
16.93883 15.41748 13.73476 15.06235 14.23251 17.80735 16.57206 13.37482 14.48872 16.47162
15.54885 15.67533 11.69225 13.95273 13.59808 18.16193 17.46909 13.87835 15.137 16.91652
16.45115 17.15361 12.02803 14.49329 14.59181 19.94695 15.75042 12.68344 16.70241 17.3411
17.96553 18.34284 13.41844 15.95843 14.79492 20.80349 16.22134 13.05037 16.75759 17.24317
19.11085 19.37034 14.96093 16.95712 15.89419 21.69747 16.2426 13.33511 18.02283 17.71246
20.11761 19.58406 16.18963 17.87868 16.16801 22.32831 17.09464 14.08498 18.34423 18.05039
21.06365 19.84968 17.0896 19.01542 16.88358 22.96798 17.63668 15.38008 18.25588 18.01558
22.4652 20.88283 18.67528 20.4517 18.16504 23.61675 18.9092 17.34713 18.95017 18.83403
24.12155 22.5547 21.41369 22.71494 20.18025 24.87413 21.29215 19.77728 20.75466 20.04114
25.67147 24.03561 24.46806 24.44455 21.80845 27.16392 24.09777 22.32306 23.00858 21.84215
27.86364 25.51692 26.42724 26.0069 23.51349 27.55981 26.13536 23.73013 24.5506 23.82293
29.84909 28.32776 28.32666 28.07153 25.81385 28.25955 27.53876 26.01956 25.16202 25.57194
32.22775 30.80843 30.875 30.4518 28.01846 29.74666 28.91885 27.78524 26.07436 27.77585
34.40278 32.94647 33.3884 33.3035 30.91497 30.87752 31.49188 30.39554 29.52207 29.6998
36.60085 35.78235 35.53476 35.36086 33.08335 34.24503 33.16109 33.58045 31.84455 33.00298
37.04163 37.57608 36.05329 35.61421 36.43893 34.91396 36.5843 33.80626 31.91357 36.66852
37.11279 37.61874 36.14364 35.67294 37.47768 34.91496 36.58685 33.81057 31.91369 36.67347
37.13517 37.62856 36.18087 35.689 37.48768 34.91514 36.58812 33.81209 31.91379 36.675
