15.117 14.05005 13.42563 12.64671 12.98488 15.96075 13.31403 16.28117 16.90898 16.94992
15.25891 14.55759 13.68521 13.17852 13.35581 16.04541 13.65695 16.82275 17.08157 17.1398
16.01526 15.35488 14.40643 14.83633 14.31319 16.4743 14.24998 17.80756 17.82033 17.94521
14.5767 13.94522 13.32848 12.44912 11.75136 17.85575 15.52322 19.25694 19.20112 18.82094
12.22162 13.88044 13.04054 9.86095 11.38691 17.46527 15.68242 18.88091 17.96764 15.18502
13.13751 15.23836 14.33232 11.46454 12.89066 16.2954 14.4648 18.65823 18.06838 14.52916
14.44889 16.55664 15.05491 12.09165 13.77699 15.00744 11.90044 18.19986 17.6759 14.90143
15.49943 17.05993 15.72467 12.01682 14.12944 16.07641 12.22149 17.22077 17.60669 15.40633
16.64148 17.43353 16.53916 12.23709 14.676 17.2226 12.7505 17.65116 18.23875 16.2906
17.66615 18.31375 17.79012 12.79734 15.45002 17.32814 13.26908 18.18517 18.77245 17.25039
19.09432 19.79884 19.53076 14.54263 16.73723 18.68767 14.27989 18.56268 19.78931 18.67454
22.09207 21.78608 21.23891 18.30672 18.90232 21.68078 16.47675 20.39713 21.53667 20.74944
24.16675 23.71855 23.34468 21.32836 21.01501 24.64619 19.1926 22.73991 24.00433 22.51145
25.98513 26.15289 25.64048 23.47711 23.27465 27.11437 20.97838 25.6449 26.08772 24.082
28.60124 28.71486 27.9575 26.48271 25.92123 28.45189 22.909 28.54291 27.99096 26.76716
32.28089 31.7279 30.72142 30.95974 28.18769 31.07178 24.9963 30.78938 30.53383 30.18478
35.42077 34.86854 33.28964 34.22562 30.5748 33.42253 27.81414 32.87656 33.87271 32.72238
37.2885 37.4459 36.20521 36.61751 34.08017 36.14472 31.55326 36.7867 36.24348 36.56994
37.97653 39.1413 38.22831 38.96659 37.10314 37.88729 37.17184 38.97065 39.71278 39.39217
38.75986 40.88622 39.56329 41.69655 40.17979 37.89308 37.17356 39.73443 39.71385 40.87861
38.78908 40.90323 39.58984 41.83479 40.21826 37.894 37.17371 39.73463 39.71398 40.8804
