11.27151 12.23775 14.14281 12.83178 14.41458 14.95219 16.61068 16.17358 16.46368 14.63652
11.82687 12.39102 14.49896 13.23906 14.84985 15.14668 16.80819 16.61703 16.75694 14.98317
12.7946 12.57972 15.35422 14.72381 15.63969 15.92601 17.39775 17.27187 17.26309 15.64088
10.76891 11.12331 13.88332 14.03157 13.6552 17.57684 18.58762 18.83605 18.44149 16.57946
10.07145 10.96572 12.82816 11.67435 14.40642 16.12124 16.78367 14.77711 18.11839 13.07862
10.91435 11.9416 13.53421 14.06365 14.41026 16.07646 16.0732 15.45097 16.03279 12.6099
12.24938 13.55913 15.32848 15.00307 15.63527 16.77215 17.76432 15.20204 17.07456 13.96598
13.59447 15.52748 17.23376 17.66961 17.19107 17.64412 18.62136 16.91421 18.10028 15.7509
16.17247 18.02552 19.69239 20.07451 19.44777 19.91804 19.90597 19.04208 19.99403 17.47983
19.82731 21.08718 21.64854 23.23617 21.89782 21.58471 22.00954 21.08051 21.70546 19.73774
22.4223 23.37981 23.75079 24.56876 24.11251 23.63917 24.21531 23.42602 24.2105 22.23971
25.19567 26.89942 25.89068 27.03926 26.58632 25.84483 26.85486 25.8581 26.23259 24.92843
27.18652 29.6434 28.43611 29.96184 29.14817 28.53534 29.27039 27.88266 29.04442 28.28082
28.976 31.83923 30.91421 32.34046 32.081 32.17706 34.86816 31.14861 32.84232 30.93289
32.8817 34.47125 33.34637 35.76021 34.83031 38.2584 37.57251 37.30879 38.6842 39.32999
38.88191 40.19774 38.31708 41.38966 39.86611 38.53656 37.57287 37.58133 39.56085 40.04534
38.88994 40.19908 38.39226 41.77374 39.86728 38.53714 37.5733 37.5823 39.56153 40.04616
38.8905 40.19965 38.39305 41.77324 39.86787 38.53796 37.57394 37.58309 39.56224 40.04713
38.88848 40.19975 38.39288 41.77294 39.86789 38.5385 37.57454 37.58375 39.5628 40.04773
38.88801 40.19983 38.39303 41.77335 39.86756 38.53855 37.57439 37.58376 39.56282 40.04777
38.88801 40.19983 38.39303 41.77335 39.86756 38.53855 37.57439 37.58376 39.56282 40.04777
