16.92181 14.91143 13.20378 14.27866 14.12853 17.60627 15.64497 13.45214 14.64278 16.25443
17.00203 15.19509 13.29388 14.36333 14.5291 17.64305 15.91624 13.53922 14.66442 16.55821
17.49144 16.13477 13.87552 14.97898 15.55949 17.91423 16.29124 13.70269 14.766 17.72208
18.09336 16.38098 15.14598 16.0389 15.40581 18.46181 17.38547 14.16955 15.05343 18.91855
16.26147 17.2691 12.85484 14.37301 14.60147 20.40144 18.12747 14.10234 15.62995 20.65262
17.86229 18.83538 14.68892 15.19985 15.68429 24.03042 21.49654 14.35153 18.37749 20.97186
18.64357 20.47767 15.86436 16.95456 16.39594 26.38961 19.77172 14.5826 19.55745 21.08681
19.81092 21.243 16.32466 19.831 16.77481 25.85879 20.31459 15.84454 20.56468 21.1846
21.3772 22.79286 17.39729 21.49876 17.88377 26.37904 19.52964 17.20269 21.05426 20.87724
23.04187 23.5706 19.05781 22.4259 19.44816 26.92921 19.22894 18.88911 20.79601 21.2222
25.33989 25.13749 21.72126 25.32068 21.63191 29.16419 20.78197 20.5861 21.72237 22.09444
28.0472 27.03418 26.14722 28.24395 24.78902 30.54476 22.65009 23.49352 24.53688 24.30236
30.83655 28.61532 28.95842 29.36675 27.87018 31.54009 25.92653 26.28432 25.98932 27.14463
33.24824 31.98926 31.21272 32.59711 30.58739 32.39764 28.70788 28.68873 27.88577 29.47334
34.88738 34.52002 34.83249 34.12775 33.75245 35.66504 33.02581 33.75103 31.10531 35.01855
36.26205 38.68578 36.42025 36.24598 37.63456 36.61193 36.66677 34.34104 33.047 37.00127
37.5867 39.00573 37.73465 37.04806 39.54157 36.61695 36.667 34.34253 33.53672 37.00427
37.62477 39.01045 37.77658 37.05541 39.54508 36.61756 36.66707 34.34282 33.53663 37.00499
37.63323 39.01274 37.78572 37.05832 39.54496 36.61784 36.66724 34.34309 33.53678 37.00527
37.63414 39.01326 37.78813 37.05904 39.54371 36.61796 36.67 34.34451 33.53685 37.00709
37.63861 39.01667 37.79782 37.06366 39.54799 36.61815 36.67164 34.34836 33.53681 37.00716
