14.90348 13.77248 14.97527 15.13594 15.98657 20.66397 17.49712 19.24114 17.89567 21.96374
15.02957 13.94291 15.0521 15.26219 16.13351 20.7167 17.62946 19.34851 18.00022 22.1186
15.31047 14.37738 15.30593 15.54256 16.56971 20.7829 17.83077 19.51329 18.18236 22.45508
15.90014 14.74209 15.93772 16.14759 17.03635 20.94208 18.07617 19.84671 18.37065 22.85366
17.02938 14.51863 16.13818 16.7444 17.13024 21.17449 18.67906 20.33204 18.73534 23.53964
17.83392 12.23012 14.1793 16.5336 15.74602 21.88832 18.91149 20.74759 19.18034 24.43341
18.37875 12.68374 14.48109 17.44889 16.7586 22.96618 20.26642 21.40171 20.43009 25.25876
17.83679 13.51118 15.98263 18.37718 16.99961 24.81023 22.36739 23.64861 22.67709 26.02355
18.46756 13.73297 16.34524 19.14143 17.29555 26.15357 23.1834 24.9751 24.25887 26.6157
20.36489 14.85275 17.3127 20.39459 17.72363 27.07218 21.78437 26.09793 25.50485 26.45478
21.74148 16.32313 17.54992 21.86531 18.67315 25.65558 21.98808 26.269 25.6668 26.93656
22.93939 17.54382 19.70331 22.55664 20.15507 27.01239 22.9277 26.97302 26.42163 28.35071
23.80238 19.20611 21.3684 22.91388 21.82137 28.53666 24.39961 27.39249 26.58858 30.11315
25.29043 21.00434 23.37565 24.7182 24.44437 29.92196 25.20635 27.16425 27.29267 31.24192
26.92558 23.2353 25.82243 27.38656 27.05603 31.63639 26.94318 28.48099 28.79583 32.64842
28.88936 25.799 27.93089 28.61648 29.73468 32.98387 29.0944 30.49519 29.88619 33.99711
31.08528 28.96068 30.05044 31.19752 33.19214 34.5799 31.64067 33.42279 31.86586 35.21196
33.39072 32.14919 32.95206 33.79903 36.4668 37.17232 34.62023 36.2551 35.78349 37.04912
36.94727 35.94121 36.5425 38.21038 38.49045 39.58162 38.62972 38.12205 38.03361 40.62037
39.35274 39.42035 38.4496 39.4382 41.59738 39.68109 39.03936 38.27056 38.29309 41.34976
39.38963 39.46083 38.49178 39.4724 41.63621 39.73985 39.09378 38.32294 38.34921 41.40374
