17.06481 16.20811 15.67084 15.19313 14.98969 19.99979 18.81297 19.48941 20.86296 20.0322
17.13659 16.25294 15.72393 15.26795 15.0816 20.05923 18.92298 19.54345 20.91685 20.09912
17.252 16.30227 15.83881 15.43307 15.29079 20.12279 19.06844 19.60506 21.02745 20.22471
17.52956 16.436 16.03383 15.63897 15.62294 20.18617 19.31307 19.67774 21.24489 20.4806
17.9664 16.77982 16.25748 16.0951 15.79085 20.24987 19.64941 19.86609 21.54423 20.79551
18.67664 17.2014 17.07935 16.7685 15.00554 20.38637 20.28601 20.11465 22.01572 21.25256
17.52625 16.29677 16.81833 14.64081 13.66859 21.18288 21.19524 20.6016 22.05983 21.91326
15.99789 16.40436 17.00204 13.60026 14.00245 21.74768 20.57363 21.33231 23.97639 20.60596
16.32755 17.4319 16.55697 13.85583 14.45727 22.56493 20.49775 22.46156 25.57881 20.95698
17.43786 18.23458 17.14824 13.93519 14.95508 22.54948 21.10064 23.59407 26.88378 21.08002
19.41895 18.64881 18.76575 14.57646 15.91495 26.42162 21.01033 24.90993 26.57705 22.13002
21.65592 20.85508 19.95112 15.63537 17.11318 26.6749 20.35435 25.66906 25.79288 22.96596
22.37701 22.00566 21.16942 17.17559 17.99508 24.5963 21.26288 24.56343 25.55075 23.86421
23.1293 23.56518 22.22868 18.12652 19.03051 25.48549 22.94265 24.52466 25.88837 25.11055
25.0198 25.4748 23.74793 19.80766 20.93902 26.36915 23.75878 25.86527 26.89086 26.37608
27.00612 26.51888 25.82179 23.25095 22.9462 27.73268 23.80672 27.90962 28.59265 27.85768
28.6441 27.99855 27.27324 24.95922 24.8392 29.55473 25.41849 30.10807 30.49531 29.54901
31.09625 30.97936 30.03096 28.30839 27.39814 32.13769 27.90251 31.82621 33.18001 31.62946
34.33803 34.89187 33.30552 31.44736 30.72126 39.06212 34.02218 36.25839 38.79215 34.2317
39.09288 38.03013 37.43289 36.00746 37.74397 39.94011 38.663 37.78153 40.50131 39.00963
39.59019 38.16653 38.48595 39.35841 40.80561 40.00609 38.72699 37.84262 40.55686 42.75579
