14.26052 13.46776 13.14756 10.66178 11.63856 14.71263 12.12422 14.72078 14.59357 16.33121
14.39302 14.07398 13.37558 11.36585 11.98995 14.8302 12.48441 15.26052 14.84827 16.73855
15.48681 15.50872 14.36021 13.3883 13.16437 15.35799 13.24229 16.14045 15.69773 18.24001
14.68585 13.17955 13.36318 11.17969 11.10729 16.78188 14.37864 18.26498 17.93781 18.98669
11.3293 12.51345 13.71267 9.50497 9.23263 15.63168 12.89505 19.01796 17.50169 18.05893
11.80167 13.37173 14.9202 10.86817 10.68399 16.17744 13.0959 20.91363 16.3217 18.26149
13.95157 14.77215 14.68261 10.11892 12.38153 17.10405 12.49436 17.32515 17.61183 16.26847
15.23787 15.94172 16.44494 12.87251 13.40597 16.00962 12.8629 16.59786 17.19462 17.23555
16.75462 17.03951 18.27877 13.52658 15.0326 16.67237 13.66942 17.22182 17.24141 18.66142
18.33906 18.5364 19.82383 14.80416 16.75148 17.47554 15.0381 17.69175 18.54977 19.36382
21.05132 21.80782 21.46825 17.2797 19.39201 19.71967 17.34216 19.69902 21.28797 21.80872
25.72753 24.49762 24.80005 21.16504 22.26751 23.84681 20.80447 22.62696 24.45117 24.87865
28.7348 27.40838 27.44168 25.31868 25.57552 27.70656 23.7558 25.28412 27.24712 27.63197
31.91039 30.64795 30.85499 28.55905 29.05988 27.95547 26.20753 28.90085 30.34984 30.64252
34.35583 34.10796 34.44426 31.61511 32.48444 32.56383 35.28149 31.75095 35.84909 38.51781
37.74717 38.34016 37.34907 39.65553 39.4194 38.32457 36.88509 39.57499 39.25411 40.95142
38.38031 40.30274 39.50007 41.5228 39.82383 38.32447 36.88505 39.57488 39.25405 40.95515
38.39248 40.31172 39.50538 41.52887 39.82812 38.3245 36.88505 39.57491 39.25407 40.95699
38.3958 40.31516 39.50697 41.53 39.82881 38.32466 36.88514 39.57509 39.25417 40.95779
38.39683 40.31723 39.50687 41.52854 39.82836 38.32475 36.88523 39.57515 39.2542 40.95799
38.39987 40.31818 39.50942 41.53 39.8291 38.32476 36.88523 39.57516 39.25422 40.95804
