18.48253 16.52396 16.54129 15.11668 15.68326 19.15828 15.55784 19.9821 19.69454 20.78262
18.50671 16.68689 16.7344 15.2605 15.8016 19.24698 15.74283 20.12781 19.79283 21.00519
18.79171 16.99881 17.10823 15.47794 16.04836 19.48793 16.03136 20.46882 20.00092 21.27616
19.62264 17.2175 17.70143 16.32105 16.43059 19.95783 16.63541 21.20214 20.51121 21.71299
20.14663 16.77009 17.38122 16.25039 15.47878 20.9372 17.56247 22.35814 21.53773 22.72636
18.53557 15.3785 16.10448 12.27919 14.17812 22.87199 16.67149 23.59909 22.06799 23.05225
19.28563 16.42564 15.66322 11.87929 14.79263 21.00996 14.96205 24.62308 21.16155 21.20271
20.54735 17.27221 16.92401 12.38714 15.74686 20.45063 14.33134 25.03668 21.88317 20.98788
20.41869 17.83093 17.75372 12.66098 16.36728 21.34698 14.77753 24.71934 22.53101 21.04335
21.47995 18.80134 18.77582 13.52616 16.76052 20.46636 15.43081 23.65035 22.81792 21.36431
23.46522 19.92742 19.76173 14.57062 18.36578 20.46816 16.5137 23.65034 24.07977 21.75415
25.06412 21.31058 21.08401 16.07917 20.04318 21.41134 17.40088 23.64444 24.02916 22.51774
26.20825 23.41105 23.33541 18.42749 21.85142 22.82102 18.86201 24.03784 22.76486 23.86691
27.81383 26.15045 25.59521 21.26767 23.91247 24.43806 20.63852 25.24993 24.31151 26.15615
29.82795 28.71775 28.01519 24.40758 26.84762 27.50077 23.241 27.14594 26.40171 29.02336
31.84242 31.0671 30.30098 27.96387 29.70804 29.84973 27.02108 30.03826 29.70154 32.99618
34.79052 33.90761 33.07218 30.88481 32.77837 33.65925 29.76126 34.43581 33.77186 37.62376
39.13981 36.94676 35.98525 36.20477 37.19981 39.71542 38.33968 42.52087 40.97908 41.79794
40.36496 42.05286 41.1346 43.33871 42.58575 40.12649 38.40693 42.58556 41.04944 43.0566
40.40889 42.10065 41.17937 43.38487 42.63044 40.19293 38.47245 42.64928 41.11895 43.12205
40.45187 42.14712 41.22208 43.42899 42.67064 40.25809 38.5378 42.71274 41.18826 43.1868
