15.78586 14.33433 12.28575 13.8943 14.11755 16.62214 14.96008 12.94381 14.16795 15.0058
15.87437 14.67798 12.352 13.97641 14.50274 16.65863 15.17152 13.12741 14.21219 15.14315
16.28427 15.47719 12.91222 14.39798 15.34868 16.77262 15.47438 13.37754 14.35692 15.53597
15.14387 14.57611 12.59015 13.97138 13.81857 17.28829 16.17193 14.04822 14.71476 16.68813
14.15112 15.04304 9.84965 12.50532 13.10789 18.49318 14.90699 13.67506 15.64484 15.90501
15.5651 16.23764 10.84477 13.44836 14.48489 21.48043 14.50974 11.97338 15.36212 14.67499
17.38359 18.4811 12.10415 14.64851 15.44676 20.72819 14.42021 12.45767 15.92102 14.61015
18.78374 19.07433 13.78741 15.47972 16.37715 16.18595 14.19546 12.44474 16.75306 14.88744
19.90905 18.66253 14.61707 16.78314 16.36386 16.57428 15.39252 12.94088 17.03602 15.48039
20.73223 19.19776 15.6276 18.23351 16.95643 17.54751 15.72502 13.88366 16.60421 16.57066
22.35701 19.99753 17.38638 20.48256 18.07287 18.14586 16.83975 15.237 17.36861 17.41334
24.95884 21.41864 20.78273 22.22105 20.18334 20.52542 19.68741 17.88973 19.49645 19.94917
26.23276 25.03625 23.70203 24.72606 22.20867 23.1932 22.55196 21.34021 21.74418 22.23282
28.0908 26.91076 25.55972 26.69613 24.04063 26.01846 25.8288 23.09511 24.22344 23.72109
30.527 29.26182 28.61936 28.98904 26.81982 27.88376 27.18828 25.5649 25.43968 25.82671
33.28898 31.83682 31.2381 32.46872 29.21836 30.45618 28.84834 27.0355 26.98636 28.32196
35.88638 34.41037 34.76644 34.99706 31.76346 33.14048 31.28353 29.06783 30.91394 31.04394
37.47796 38.05005 37.11329 37.08265 34.468 35.40906 34.25278 32.42938 33.28906 33.98902
38.1081 39.6051 37.71827 37.4322 37.78284 35.92254 36.27416 34.21047 33.75934 37.31325
38.25803 39.69298 37.9329 37.58565 40.1756 35.92365 37.62766 34.22684 33.75933 38.03998
38.35912 39.71177 38.00042 37.63458 40.27983 35.92417 37.62928 34.2329 33.75953 38.04201
