12.10562 12.25666 12.74618 11.2715 12.81199 15.09447 14.69561 15.33603 15.74295 12.86106
12.35426 12.59412 12.89729 11.47938 13.01912 15.16022 14.92652 15.41287 15.9104 13.05663
13.02777 13.37099 13.37829 11.66745 13.45674 15.29991 15.27962 15.59167 16.23608 13.42839
14.05265 14.2334 14.15583 12.37095 14.26554 15.54586 15.95951 15.8735 16.98493 14.40111
13.89817 13.10505 12.99666 11.13553 11.14894 16.29319 17.31813 16.62892 18.07987 15.39437
10.08624 11.33834 10.94225 9.99743 9.69855 17.26636 16.72779 16.13299 17.26898 12.27836
10.73931 12.38972 11.76391 11.41242 11.94483 14.37817 17.77221 11.65428 14.83376 8.72151
10.07267 13.08715 12.31144 13.26055 12.60479 19.18982 18.83842 18.76131 14.7128 9.34176
11.09793 13.77687 12.95246 14.51933 12.70485 21.30329 18.99346 21.40391 17.48979 14.01666
11.22606 14.72863 13.53767 14.92565 13.23625 22.08686 17.49034 22.46676 18.00461 13.33887
14.21296 15.16742 13.06793 14.35936 13.38014 20.30908 16.6193 21.10548 15.33124 12.35325
14.66578 16.45312 14.1074 15.09589 14.75935 16.40521 16.59732 18.63653 13.83963 13.00853
16.24222 18.05173 15.5322 16.86581 16.6456 16.29531 17.72002 17.81764 15.4577 13.69303
18.49506 20.05902 17.56112 19.69679 18.6519 17.308 18.34896 18.75741 17.26297 14.7663
21.66019 21.67233 19.72882 22.35154 20.82056 19.79395 19.84368 21.0061 19.81315 16.35664
24.54728 24.05418 22.30946 24.20523 23.59676 22.43302 21.64514 24.10772 23.08347 18.90886
26.71612 27.16047 25.23473 27.40816 26.51133 25.061 23.77339 27.00826 27.20254 21.74833
29.5838 30.1179 28.45791 31.65232 29.36137 28.17045 27.20411 30.64323 30.08252 24.6512
34.19611 33.45519 32.42155 35.25272 32.78363 34.70086 29.97715 37.30756 35.03498 27.74421
40.64562 40.16769 38.69642 38.95554 37.67644 39.81876 39.28365 38.67283 40.29568 39.92258
40.87467 40.79925 40.54 40.27607 41.05781 39.87404 39.35353 38.73442 40.37046 39.98067
