13.79091 12.32188 12.84628 13.45347 14.58486 18.06915 15.2813 17.29027 15.79029 20.26104
13.79152 12.45695 12.8445 13.51388 14.9323 18.07133 15.30778 17.33582 15.84843 20.44897
13.89631 13.01433 13.07064 13.73905 15.4044 18.08227 15.43121 17.51069 15.97304 20.84897
14.61822 12.38048 13.76637 14.21807 14.95605 18.28545 15.95301 17.85847 16.37259 21.38033
13.48928 10.64709 13.6677 14.61846 12.719 18.6541 16.09552 18.5315 17.1321 22.38172
13.77512 11.32674 15.45789 16.43321 14.00423 18.57444 16.4855 19.99167 18.1778 22.57806
14.72844 12.56243 16.73514 17.80039 15.33682 19.18263 17.02077 20.18526 19.37786 22.59016
15.5488 13.80063 17.15976 17.51865 16.02787 19.7031 17.92856 20.56125 20.48349 23.30886
16.24928 14.82589 17.88377 17.60375 16.77283 20.68186 18.39513 21.05128 20.78324 23.96303
17.22651 15.52653 18.40832 18.40036 17.68092 21.90365 18.79258 21.82307 21.32679 24.50692
18.35509 16.76094 19.3827 20.04973 19.17402 23.13529 20.01228 22.25388 22.41517 25.38959
20.85583 18.96287 21.53288 23.56648 21.01352 25.54232 22.04666 23.763 25.02088 27.22412
23.27731 21.00765 23.28349 25.36512 23.07516 28.09184 24.40361 26.07457 26.85604 28.84867
25.52491 23.35451 25.88042 27.21489 25.41486 29.91196 26.42745 27.17639 27.82703 30.08968
27.65126 25.72933 28.28413 29.09343 27.3681 30.83151 27.57332 28.39616 29.04796 31.91648
29.95888 28.13441 30.30624 31.60472 29.51093 31.94444 29.84188 30.60692 29.95448 33.53586
31.48306 31.10503 32.54429 34.19126 33.00029 33.34554 31.81588 33.46632 32.05245 35.3988
34.66784 33.34055 35.28496 36.43023 35.15375 35.04804 35.34777 34.73975 33.50031 37.50871
35.9371 36.50615 35.9436 37.01887 37.30977 35.2585 35.35822 35.15825 34.2589 38.45174
36.05073 36.99307 36.03743 37.06235 38.54293 35.26088 35.36008 35.16019 34.26707 38.45344
36.07961 37.01414 36.06006 37.07528 38.55867 35.2621 35.36058 35.16092 34.26847 38.45402
