16.99164 15.15442 14.81447 14.8549 15.09233 17.09634 16.38463 16.91621 13.81199 19.47895
17.08382 15.28984 14.91003 14.91971 15.25153 17.17169 16.4444 16.96628 13.8693 19.54061
17.26895 15.54824 15.11681 15.05662 15.66862 17.16139 16.49087 17.01927 13.94498 19.71618
17.55551 15.98985 15.51538 15.29138 16.22552 17.31776 16.61618 17.0869 14.03591 19.98409
18.33156 16.87137 16.14017 15.65089 16.50688 17.51406 16.80105 17.26003 14.20572 20.47921
17.58062 15.64399 14.66501 14.28163 13.66904 17.84369 17.3606 17.80531 14.54448 21.27413
18.02735 15.12327 14.62716 13.6338 13.29614 18.06033 18.56282 18.37163 14.55803 22.52265
19.11325 15.36752 15.41987 14.86643 14.21704 18.46589 20.16396 18.82985 13.19775 23.7482
20.21608 15.68025 16.30919 16.84964 15.09049 22.07867 21.95932 21.27999 13.97457 24.7839
21.46718 16.44737 17.41888 17.87553 16.07679 22.02354 23.57715 22.15871 15.31056 25.9824
22.26498 18.25922 19.09079 18.94804 16.76817 23.07153 24.11938 22.26817 17.40427 27.04167
23.29457 19.44292 19.7913 20.8689 17.6346 20.75716 24.69933 23.32975 19.41337 28.18634
24.57175 19.98547 21.0014 22.06682 18.98337 21.01403 26.03964 23.84122 20.07726 28.46373
26.83698 21.48513 23.91172 24.00479 20.44101 22.65533 25.79019 25.3446 20.48659 28.37967
29.19323 23.82131 25.42874 26.11768 22.37231 24.71991 26.09993 28.38235 22.43047 28.99591
30.57207 25.79536 26.49836 28.14441 24.84378 27.20835 27.55799 30.6831 25.167 30.66761
32.46589 28.15811 29.08956 30.43913 27.57564 29.04045 28.49352 31.05114 28.22554 32.33291
34.65704 30.69771 32.85186 32.75503 29.97088 32.2565 31.87805 31.88221 29.58057 34.5504
36.53682 33.81366 36.16402 35.46205 32.45921 35.44751 35.71413 33.70667 32.64316 37.84366
37.86902 37.86484 37.63411 36.67842 38.41633 36.10726 37.13639 34.26162 33.38515 38.86587
37.91368 37.95541 37.71954 36.82419 38.50889 36.15009 37.18363 34.31832 33.43251 38.91078
