16.55852 15.18775 14.67405 14.42401 14.74671 16.79596 15.93024 15.78091 13.90718 19.21965
16.62266 15.32436 14.78919 14.47255 14.90504 16.84248 15.972 15.82458 13.94278 19.28969
16.77792 15.50714 14.94404 14.59052 15.45132 16.93249 16.03732 15.87227 13.99328 19.39741
17.08375 15.97304 15.30607 14.75352 15.97293 17.06376 16.22351 15.93343 14.05359 19.53201
17.53906 16.22034 15.62205 14.98766 15.87521 17.19745 16.37844 16.00066 14.18147 19.7837
17.02307 14.51182 14.2334 13.88574 12.98646 17.52839 17.12051 16.25747 14.46411 20.94874
17.80856 15.61044 13.98106 13.34721 13.17518 17.72509 18.32843 16.61526 13.56939 22.09015
18.64752 16.32342 15.25841 14.03174 14.16267 19.09642 19.8743 17.24016 12.93544 23.14617
19.49082 16.84154 16.02023 14.90454 14.887 22.28825 21.7963 18.64696 14.23121 24.11962
20.42017 16.52909 17.17048 16.00978 15.73979 24.37721 23.76269 19.48096 18.71006 25.89054
21.36521 18.24897 18.58241 17.52143 17.12901 23.66419 24.95049 21.1793 23.02946 26.50017
22.74629 19.07568 19.35165 18.47976 17.97577 23.86453 25.47815 20.625 22.5618 27.36416
24.24827 19.578 20.47393 19.80619 19.37843 21.09788 26.06274 21.86689 19.12128 27.4609
25.85135 21.35694 21.59403 21.74142 21.27886 22.12631 23.8207 23.66879 20.45044 27.71377
27.64753 23.30359 23.69125 24.21116 23.19586 24.3015 24.23675 25.61943 21.81053 28.74338
29.90362 25.56396 25.61742 26.83186 25.58283 26.48705 26.0618 27.79958 23.98826 30.5264
32.48211 28.6208 28.40946 29.60401 28.17451 28.84016 27.8136 29.55669 27.4563 32.7551
34.99171 31.45507 31.98533 32.57588 30.68004 32.04707 30.69473 31.2672 28.97837 35.63718
36.61862 34.11916 35.77505 34.75353 33.42228 35.10393 36.02549 32.68312 32.63287 38.11842
38.40985 38.29987 38.11993 37.19171 37.19857 36.43666 37.72371 33.86738 33.92968 39.60739
38.44753 38.71574 38.16342 37.33286 39.07707 36.47871 37.77438 33.92517 33.97744 39.65669
