15.33496 14.00534 13.75378 12.36479 13.05634 16.66616 13.16956 16.53758 16.29923 17.5661
15.4019 14.16897 13.8438 12.50528 13.26392 16.75325 13.42027 16.67058 16.39102 17.65008
15.57325 14.57624 14.10544 12.97781 13.62542 16.91842 13.71381 17.13853 16.58528 17.8256
16.25282 14.90145 14.72085 13.92961 14.25521 17.18003 14.08591 17.72855 17.02326 17.94635
17.18762 15.30133 14.9185 14.10278 13.18856 17.93708 14.60399 18.62628 18.03829 18.52423
15.40735 12.84338 13.37492 10.69204 12.12102 19.00549 14.19996 20.13671 18.43266 18.63483
15.11888 13.31595 14.61819 11.06764 12.99028 18.3273 14.97046 17.05345 16.57768 16.8564
16.73205 14.25029 16.58659 10.82183 13.9722 19.14044 15.62106 18.78839 18.11368 17.18072
17.85801 15.30975 16.51083 11.85785 14.48428 20.31466 14.52083 20.21433 18.99976 18.09832
18.71311 16.01248 17.4786 12.30209 15.24304 21.11632 13.89546 20.9028 20.09656 19.03309
20.20228 16.76016 18.38572 13.03812 15.89109 20.39063 14.1532 20.32291 20.72941 19.27275
21.38475 17.91143 19.62394 13.60223 16.841 19.59116 14.59979 20.45732 21.37392 19.69941
22.3916 19.32746 20.02589 14.26053 17.37836 19.6062 15.47845 21.26248 20.62468 20.50255
23.74506 21.13652 21.64768 16.00772 18.95193 20.36916 16.93043 21.71093 20.95576 21.90295
26.62921 23.45488 23.84831 18.64439 21.06623 21.95472 18.6821 23.20746 22.66517 23.4725
28.82726 26.20419 26.0302 21.76418 23.12506 24.5491 21.31881 24.98609 25.08677 25.47959
30.72102 28.88397 28.50934 25.31593 25.53882 26.80199 23.63852 27.28363 27.45642 28.13469
33.91528 31.1198 31.63951 27.77765 28.04205 29.72101 26.48357 30.56071 30.28098 31.62104
36.67609 35.08902 34.61923 30.67382 31.02881 32.81561 30.34459 32.66774 32.72794 35.77233
38.17747 39.73476 38.7574 41.23449 39.90713 38.8241 36.91943 40.22488 39.58759 41.35076
38.2469 39.80693 38.84059 41.33605 39.99479 38.87785 36.97084 40.27345 39.64763 41.40565
