15.09022 14.27545 14.97134 13.77371 14.86581 19.20742 16.57908 17.43286 18.87466 15.51796
15.54058 14.60985 15.09751 13.88932 15.04315 19.21423 16.67323 17.50729 18.99973 15.66913
16.32172 15.25947 15.57291 14.41625 15.50183 19.34673 17.17196 17.78453 19.36589 16.1736
17.62699 14.97698 15.15482 14.20859 14.31808 20.00309 18.03951 18.39835 19.97936 17.12918
15.01873 13.67275 13.14382 13.58037 12.92522 21.29218 17.86437 18.47913 21.25371 16.00677
15.66964 14.81567 14.08152 14.9958 13.81959 23.80432 17.95845 16.93925 20.84889 16.31582
17.28718 15.91521 15.18786 16.11211 14.9978 21.22933 17.55763 17.7961 18.67642 15.24676
17.51516 16.76003 15.53625 16.67204 16.08796 20.42458 17.88749 18.28616 18.93465 15.04271
18.11212 17.18106 16.2394 17.41035 16.85829 20.99111 17.83356 19.36907 19.81257 15.57838
18.70781 17.81717 17.04021 18.15623 17.77262 21.88765 17.95193 20.89978 20.73002 16.3433
20.34096 19.01552 18.26506 19.71436 18.99976 22.45471 19.12976 22.0387 22.32959 17.52758
22.92348 20.92726 20.31054 21.97098 21.17891 24.16709 20.93375 24.44485 24.83598 19.76487
25.15737 22.83711 22.6849 23.76897 23.36518 26.63362 22.84671 26.83076 27.42421 21.7669
26.80596 24.96915 24.63023 26.05757 25.01168 27.67293 24.98288 28.30218 29.37854 23.91149
29.04875 27.39736 27.02882 28.55877 27.33177 29.43221 26.80858 29.31468 30.39944 26.03228
31.31997 29.54247 29.89056 30.77176 30.00741 32.66022 28.51369 31.92876 32.61275 28.33751
33.73572 32.20907 32.06518 33.04727 32.76781 35.4916 30.3717 35.08433 35.56478 30.41516
36.85763 34.50638 34.56238 35.58948 34.91228 37.94097 32.20493 37.02063 36.29865 32.99836
38.8855 36.74761 37.03238 37.21711 37.81607 39.01198 36.55806 37.35671 38.31593 38.25104
39.06738 39.05542 39.0922 38.14374 38.94118 39.01322 36.55805 37.35662 38.31953 38.89199
39.0977 39.10772 39.10448 38.59181 38.96579 39.01378 36.5582 37.35682 38.32027 38.8922
