13.33371 13.24562 13.80688 12.57754 13.80267 17.14385 15.63315 16.22474 16.90452 13.82933
13.54581 13.48034 13.9981 12.70569 13.90075 17.19471 15.75762 16.30299 17.0477 13.90175
14.07994 14.07226 14.38031 12.98886 14.16482 17.28894 16.10119 16.43494 17.27361 14.19728
14.8664 14.75423 15.01498 13.5703 14.85448 17.43935 16.58993 16.66053 17.81593 14.6562
15.92765 14.8147 15.14958 13.11927 14.014 17.79108 17.49532 17.28759 18.5818 15.48885
12.53346 12.91276 12.71243 11.4428 12.73174 19.02227 18.67413 17.70197 18.99209 14.94122
10.51464 12.90411 12.70966 11.56993 13.03948 18.22144 17.81469 17.93458 16.08163 14.42062
11.58752 13.86988 13.60456 12.60021 13.64116 21.43137 18.01533 18.6197 15.66385 12.29898
15.0619 14.85721 14.55548 13.49829 14.23092 23.65068 18.58317 21.29244 18.06829 12.74991
16.63331 15.71685 15.4715 13.74991 15.13609 19.1262 18.59812 21.95483 17.01352 13.9005
16.23985 16.72386 16.3678 14.78549 15.86026 19.0373 18.82749 21.37495 16.47006 14.07365
17.46493 17.92399 17.00912 16.10465 16.7856 19.77294 19.18328 20.61623 16.94386 13.73445
18.58542 18.96273 17.60716 17.33461 17.97518 23.09175 19.29956 20.11861 18.56587 15.17001
20.45356 20.30314 18.92629 19.24307 19.75545 22.55484 19.69341 21.32144 20.50296 16.21743
23.65045 22.29618 21.24176 21.47459 21.8006 23.89581 20.94459 23.71231 23.05482 17.95207
25.95427 24.25039 23.76564 23.7944 24.25874 25.7532 22.65369 26.59552 26.63726 19.77339
27.86524 27.13091 26.02717 27.19462 27.18701 26.80027 25.04047 28.26243 29.89766 22.49245
30.95468 29.37545 28.92502 30.24263 29.62321 30.57885 27.28813 31.99871 32.94146 25.02933
34.84292 32.33278 32.89043 33.94628 32.74447 35.95143 29.64569 37.05427 37.3584 27.82773
38.89099 38.81176 39.45941 38.5719 39.08784 39.04453 37.82482 37.9988 38.99279 39.43674
38.96613 38.89229 39.54596 38.71753 39.18058 39.09554 37.88035 38.0508 39.05118 39.48887
