14.42743 13.42216 14.18234 13.36454 13.65636 18.27122 15.92797 16.81608 17.88787 14.28245
14.66876 13.56178 14.27502 13.41996 13.86783 18.32088 16.0903 16.87766 18.02557 14.36909
15.18019 13.98873 14.56176 13.41597 14.0863 18.41463 16.41165 17.0241 18.23277 14.51831
15.92608 14.55409 15.25051 13.84059 14.48889 18.57093 16.97613 17.32162 18.76561 14.92014
16.45943 14.94828 15.4901 13.88579 14.18696 19.02613 17.98001 17.75865 19.40043 15.78486
14.89045 13.20132 14.19959 12.52868 12.73688 19.94091 18.91832 18.23428 20.00542 15.51875
14.98316 13.57995 14.46136 13.42333 13.54359 20.52751 18.91897 17.37909 19.13452 14.00073
16.59142 14.8034 15.17409 14.54769 14.4641 22.84415 19.4202 17.74965 20.69525 14.75007
17.44429 15.4945 15.69927 15.10071 15.08532 24.13468 20.37806 19.87284 21.67205 15.83737
18.12928 15.97574 16.10038 17.37293 15.99445 25.18425 20.661 23.20173 23.18428 16.23778
18.23715 16.99277 16.82352 18.15362 16.49923 24.7667 20.18606 23.42616 23.29028 17.28877
18.49171 18.27219 17.38079 18.18362 17.08039 25.90291 20.58102 24.89883 23.13354 15.60036
19.91484 19.25344 18.4598 18.98492 18.48809 23.22292 20.92744 23.5166 24.09672 16.44267
22.24801 20.46453 20.0591 21.45557 20.37836 23.54978 21.06155 22.91846 22.9823 17.70135
24.64671 22.4153 21.78303 23.75718 22.29138 25.09202 22.64347 24.49141 24.78138 19.43252
27.79807 24.68525 24.31037 25.87866 24.66363 26.43325 24.64641 26.74584 27.51496 21.72806
29.32915 27.22098 26.94139 28.20967 27.46039 28.71705 27.01004 29.00648 30.12539 24.5873
31.89247 29.60955 30.39961 30.94544 30.22029 32.54583 28.65603 33.13388 33.32843 27.39955
35.12763 32.54976 33.74979 33.12351 32.7862 37.82911 31.41958 36.73264 36.99687 31.96189
39.62803 37.40302 39.31341 37.00487 39.22949 39.70321 38.08942 38.35474 39.56619 39.88624
39.681 39.46693 39.61722 38.70072 39.27915 39.75034 38.14785 38.40501 39.62288 39.93766
