12.00513 12.60081 10.79847 11.0137 11.40044 14.10152 13.5538 15.49558 17.3058 15.94073
12.04338 12.64052 10.90297 11.16167 11.66665 14.14953 13.80424 15.54664 17.36818 16.14719
12.29768 12.7776 11.17136 11.45245 12.15407 14.19663 14.26363 15.60356 17.60085 16.56366
13.35184 13.4374 11.83739 12.06631 13.26294 14.25797 14.93533 15.66545 17.81877 17.29027
13.47577 13.23577 11.64624 12.51529 10.9247 14.44695 16.17322 15.90245 18.17484 18.61837
9.92922 11.27046 10.54521 9.70539 10.18111 15.07581 17.24078 16.15896 18.77339 17.7551
10.00696 12.3575 11.96598 9.52182 10.7773 13.4964 16.25123 15.63246 17.42883 16.97908
12.30267 14.11074 13.04965 11.43105 12.07339 13.90619 17.11531 17.3238 18.96183 18.21628
12.40332 15.23258 13.87842 12.35185 12.21853 16.65132 20.97917 17.8581 19.89307 19.70081
13.55909 15.94265 14.70769 12.76689 12.62854 17.39316 21.6909 18.39317 21.61085 18.41483
15.04478 16.78814 15.00092 13.16256 13.14555 13.21641 22.54031 19.13215 21.06532 17.63881
16.30281 16.87386 17.58778 14.37021 14.20636 16.1421 18.52342 19.6839 22.57911 18.58578
17.87834 18.33279 17.68262 16.15525 15.21347 15.71448 16.43676 19.72284 21.10612 20.80634
20.01225 21.17312 19.16674 18.57086 16.77271 16.77149 16.23197 21.61213 21.19657 21.39828
23.49655 23.62919 21.5799 21.00115 18.79265 19.52612 17.79803 24.01331 22.94078 23.62888
26.32084 26.35038 24.64681 23.96503 21.4606 22.60171 20.13496 26.86054 25.4585 26.0468
29.74263 28.84082 27.94239 26.44845 25.13622 25.37804 23.22788 28.92268 28.2983 28.74264
32.46943 31.6728 31.71731 29.65343 28.1121 28.57578 26.35893 31.43309 31.64503 31.65318
35.54753 34.93278 35.02178 33.56172 30.63337 35.19354 32.64159 36.02235 36.97281 34.33234
38.61623 38.10661 38.61952 37.98694 34.55499 39.37873 38.06809 37.15155 38.5088 38.43253
38.70158 38.32172 38.69462 38.07659 39.82336 39.44308 38.12876 37.20992 38.56235 41.62272
