14.9051 14.1604 13.70321 12.97985 13.00615 16.74978 13.28688 16.79989 16.46713 17.80246
14.77956 14.62323 13.8843 13.27068 13.28065 16.9265 13.652 17.26816 16.67173 17.99744
15.31214 15.3032 14.54085 14.35998 14.21433 17.40208 14.26915 18.16613 17.45163 17.93825
14.89416 14.61653 14.54829 12.97369 12.82591 18.7653 15.19059 20.22452 18.90171 18.78392
14.06731 14.41584 15.19331 10.40849 12.32692 17.57871 14.03413 18.64005 17.31873 16.21433
15.39138 15.29494 15.27442 10.95347 12.96147 16.99494 13.35504 17.1644 16.83051 16.30076
16.94362 16.86745 16.62593 12.52155 14.43007 18.68953 13.94348 17.71962 18.18119 17.89077
18.86749 18.52969 19.04462 14.60199 16.24825 20.3452 15.42181 18.94728 19.60965 19.74774
21.01113 20.91794 21.2079 16.59894 18.42328 22.40491 17.59609 20.5899 21.11145 21.59342
23.87061 23.72387 23.30239 19.98893 20.98901 25.33329 20.0411 24.10979 23.41582 23.79358
26.14264 25.85069 25.28929 23.0784 23.32752 26.90191 21.57279 25.5424 25.10129 25.8827
27.81608 27.84707 27.26335 24.78597 25.66571 29.0496 23.67092 27.62851 27.15384 28.24719
30.11664 29.78456 30.10641 27.33034 28.13972 30.87318 25.77067 30.06162 29.65533 30.92961
32.07612 32.34093 32.50802 30.01123 30.91843 34.90805 29.11828 33.23138 33.58812 33.98073
34.86939 36.3234 34.56223 33.34338 33.0901 38.26879 35.03814 37.97644 38.60821 39.84327
37.60744 39.44096 39.08072 40.04741 39.4639 38.27609 35.89505 39.31997 38.92692 40.67654
37.61093 39.44381 39.08954 41.05366 39.47322 38.27674 35.89551 39.32058 38.92777 40.6773
37.61146 39.44407 39.08882 41.05265 39.47331 38.27749 35.89633 39.32134 38.92843 40.67831
37.61128 39.44426 39.08903 41.05105 39.47255 38.27808 35.89698 39.32186 38.92892 40.67876
37.61169 39.44389 39.08769 41.05076 39.47187 38.2781 35.89705 39.32189 38.92894 40.67883
37.61169 39.44389 39.08769 41.05076 39.47187 38.2781 35.89705 39.32189 38.92894 40.67883
