11.13771 11.86073 11.96854 11.06427 12.35778 12.22441 11.61157 11.89231 12.6848 9.8489
11.68632 12.41863 12.18652 11.20821 12.66832 12.40758 11.9375 11.99316 13.02988 10.34393
12.99883 13.8812 12.99596 12.40534 13.74715 13.23577 13.74178 12.80157 14.31011 11.91053
12.72894 12.12717 12.27793 10.40357 10.64687 14.37381 12.07142 11.92424 11.83164 9.08715
10.45341 12.80586 11.59341 9.9913 10.83522 12.12765 12.21607 9.88857 10.48314 9.44319
12.20709 14.54704 12.81125 11.75022 12.6239 13.86762 13.97494 11.75477 12.92388 11.22993
14.54998 15.61641 13.49168 12.90282 13.2166 15.01018 13.55931 13.05264 14.47369 11.74126
14.26904 15.73816 14.1389 14.34041 14.64572 15.60588 14.56229 14.84861 15.18939 12.57452
15.19956 17.38108 15.35042 15.8013 16.03279 16.30292 16.5701 16.6313 16.31302 13.86666
17.01473 18.35154 16.88934 17.48896 17.69266 17.61507 17.84493 19.05688 18.30198 15.41584
19.73244 20.20254 18.84171 19.27863 19.67765 20.20717 18.44881 21.5651 20.7828 17.76988
22.88307 22.93788 21.54991 22.76106 22.28602 22.45171 20.90192 25.01985 24.61127 20.60976
26.07533 25.76396 24.44576 26.28001 24.9782 27.46551 23.91757 27.00371 27.7484 23.80308
28.57502 29.11148 27.40317 29.67737 28.18134 31.13415 27.08356 30.14437 30.13148 27.02771
31.50058 31.81701 30.65604 32.73159 30.99358 32.87006 30.49678 32.85795 33.34626 30.54265
36.4579 35.01115 34.16695 34.74411 34.14267 35.1902 33.89325 35.07812 35.93045 35.45046
37.17921 37.20771 37.42682 37.03845 37.24647 35.95017 35.71369 35.84277 37.21409 36.73328
37.21115 37.23565 37.44197 37.06273 37.27079 36.11681 35.79327 35.90324 37.27545 36.74144
37.21801 37.24153 37.44403 37.0715 37.27679 36.14757 35.82964 35.91658 37.28728 36.74302
37.2194 37.24145 37.44344 37.07344 37.27836 36.14943 35.87786 35.91831 37.28977 36.74339
37.22541 37.24501 37.44556 37.07704 37.28313 36.16259 35.89494 35.92923 37.29858 36.74531
