15.48524 15.06257 14.175 13.99308 14.09331 17.27661 14.09972 17.82511 18.02816 18.16522
15.52378 15.18605 14.27742 14.06651 14.18101 17.3302 14.23598 17.97341 18.09679 18.22101
15.63582 15.58783 14.47318 14.29723 14.31698 17.43899 14.48993 18.2187 18.30975 18.34376
15.76243 15.96325 14.81437 14.73917 14.58221 17.59533 14.71829 18.6533 18.6619 18.62507
15.99704 15.90662 15.60089 16.18691 14.86173 18.06756 14.97834 19.24475 19.23451 19.04859
14.95585 14.84426 14.73131 12.84218 13.09358 18.81614 15.4724 20.15931 19.9528 19.50716
13.66915 14.84824 14.88388 11.87804 12.43521 19.8198 15.79701 20.25025 20.25164 17.56845
14.04192 15.25764 15.72386 11.72445 13.52688 18.48784 15.19808 19.50763 19.82335 16.61578
15.75212 16.20494 15.88565 11.9023 13.42361 19.22016 15.25377 19.58643 19.95666 17.58638
16.72796 16.03391 16.54743 11.28537 13.64747 19.22975 15.20192 19.86246 21.26639 17.46761
17.04428 17.26555 17.49861 11.29247 15.07346 19.59333 14.9233 20.7756 21.22884 18.22098
18.37343 18.47186 19.53498 12.85478 16.03021 19.65457 15.23701 22.03255 21.80805 18.71683
20.14652 20.15859 21.53325 15.85826 18.1194 20.44704 15.89235 23.21592 22.47486 19.80331
22.32573 22.7265 23.23599 18.08512 19.85273 21.70935 17.17212 24.19283 23.5316 21.59617
25.6091 25.29005 25.07281 22.14812 22.18047 23.65036 19.04378 25.0154 25.15148 23.50756
28.45069 27.94479 27.34445 24.16018 24.70051 26.22846 20.81581 25.68216 26.66005 25.71931
30.43051 30.30926 30.03635 26.77777 27.12142 29.3876 23.65005 27.76265 28.78673 27.81524
33.16598 32.75013 32.92957 31.23481 29.7207 33.12084 26.43994 31.03018 32.5501 31.9042
36.62513 37.23652 35.79512 33.28151 33.20519 38.16738 35.89618 38.38236 39.88045 35.92816
39.66224 41.80704 40.73428 42.16083 41.11456 40.09912 38.7986 41.25278 41.27619 42.47641
39.70287 41.85081 40.77997 42.2068 41.1546 40.16442 38.86804 41.32186 41.34279 42.54081
