16.12773 15.11141 14.34277 14.61033 14.34653 16.07359 15.74954 15.97365 14.54938 18.15987
16.32045 15.32282 14.47462 14.6936 14.56877 16.17055 15.80367 16.02149 14.65026 18.33654
17.06794 16.02136 15.21195 14.99018 15.28456 16.20457 16.13834 16.23003 14.88883 18.79513
16.70862 15.31078 15.68134 14.27043 12.92237 16.79796 17.37701 17.17596 16.1695 20.66641
17.95233 15.69324 17.05627 15.58462 13.51633 16.14622 18.35006 18.15344 14.6002 22.5987
19.62986 17.33266 17.90802 17.3848 15.1284 17.37153 19.77087 19.74489 14.85061 24.42799
22.15754 19.75212 20.42421 19.82957 17.17902 21.64692 21.37767 22.36051 19.47079 25.52588
26.01933 22.37999 21.66126 22.91681 19.72674 24.14403 23.74368 25.47096 21.71815 27.32189
26.56836 24.48805 24.87661 25.12492 21.88729 25.81158 26.33018 27.53368 26.17074 29.08863
29.76125 26.13456 26.06309 26.57405 23.77538 25.85483 27.59236 28.92716 25.41173 29.72656
31.62667 28.77574 29.37779 28.85048 25.45563 26.9433 29.34326 30.6344 28.8133 31.67789
33.66567 31.40266 31.52952 31.82023 28.71549 29.0035 30.81075 31.75601 30.11993 33.08089
35.62341 33.51807 33.79057 34.60666 31.45659 31.17064 32.07054 31.9517 30.88566 35.2324
36.84048 36.14279 35.42418 35.16617 33.70243 34.71599 35.05428 32.61962 31.67621 37.76837
38.02968 38.28342 37.86051 36.65289 38.69771 35.42377 36.27831 33.8003 32.60733 38.09167
38.03439 38.57997 38.35649 37.37784 38.70585 35.42489 36.27907 33.80325 32.62841 38.09242
38.03286 38.5806 38.36951 37.37524 38.70497 35.4262 36.28022 33.80407 32.62958 38.0932
38.03024 38.57831 38.3697 37.3739 38.70207 35.42678 36.2808 33.80462 32.62977 38.09358
38.02802 38.5781 38.3632 37.36341 38.70102 35.42678 36.28093 33.80484 32.62979 38.09358
38.02802 38.5781 38.36342 37.36341 38.70102 35.42678 36.28093 33.80484 32.62979 38.09358
38.02802 38.5781 38.36342 37.36341 38.70102 35.42678 36.28093 33.80484 32.62979 38.09358
