11.23684 10.1486 10.90794 11.5807 12.24748 15.75093 13.54127 14.59198 13.56191 18.4154
11.3171 10.21749 10.94234 11.66803 12.65295 15.80249 13.63112 14.6294 13.66296 18.56759
11.39406 10.64216 11.01946 11.78395 13.46377 15.88537 13.93787 14.63774 13.80315 18.83105
11.77056 11.54457 11.39875 12.04269 14.50721 15.9785 14.41071 14.80819 14.02342 19.17627
11.65068 9.41472 11.45481 11.82807 11.90103 16.0878 14.82884 15.08218 14.34831 20.01181
10.35572 7.20619 11.79513 12.22392 10.10643 15.92328 14.69862 15.70003 14.91818 20.33119
11.12535 8.40004 12.71655 12.54786 10.54046 17.30942 14.69889 15.47074 15.3723 16.18563
12.17506 9.06767 13.56257 13.38254 11.46247 18.82828 14.79492 19.94249 17.19355 19.86037
11.45341 9.77621 14.41601 14.58002 12.06829 19.33354 17.46978 21.52784 20.41855 22.12459
15.5659 11.06236 15.94756 16.00096 12.9676 22.99082 18.29748 22.62033 22.01438 22.12547
16.08105 11.60033 16.99916 15.52619 13.65887 23.95264 18.88377 22.69251 22.61399 21.03794
15.14281 12.19045 18.29395 16.15636 14.99509 22.73906 19.77007 20.32513 23.07726 21.70247
16.88475 13.67742 18.58074 18.24396 16.5157 22.2295 18.44728 22.44759 22.33617 21.14809
19.39925 16.52521 20.37284 20.6047 18.85163 21.54992 19.41426 21.77365 23.38801 22.6091
21.78223 19.16699 23.0258 23.20544 20.75258 22.31104 20.88265 23.08088 23.71732 24.17013
24.16299 21.83719 25.43538 26.61385 22.94242 25.41028 23.30541 24.94154 24.64196 26.93368
28.05325 23.99143 27.63365 29.07599 25.96354 28.20215 26.24647 26.55736 25.62567 29.76296
31.05428 27.70881 30.78803 32.06433 30.18288 31.13633 30.42345 30.42956 27.92267 32.13254
34.33245 31.88963 33.67342 35.10501 33.45274 34.57906 36.37733 34.8443 34.08415 36.28066
38.01948 37.52125 37.35772 38.34375 37.66502 36.18279 38.10403 35.92295 35.88258 38.73703
38.12157 39.48607 37.46127 38.41551 40.18866 36.23995 38.1718 35.98383 35.93409 38.78581
