16.81282 15.78404 13.77819 14.71203 14.98651 18.49546 16.63266 14.35912 15.58048 16.7929
16.90942 15.95554 13.82246 14.70917 15.29563 18.56719 16.8211 14.39807 15.59711 17.05694
17.22929 16.39111 14.32914 14.98029 15.81134 18.72241 17.21259 14.48484 15.69992 17.39658
17.68876 16.74321 14.71269 15.55121 15.42889 19.21514 17.91137 14.89661 15.9646 18.15288
16.95676 17.71468 13.01679 14.41322 15.19373 19.96632 18.27563 15.62427 16.60282 18.78477
18.11769 18.96484 13.70353 14.99903 15.41251 20.95126 16.82538 13.84884 16.73157 18.37889
19.19764 20.16744 14.85345 16.11936 16.71436 22.01987 16.80419 14.03345 17.52681 18.65886
20.22951 20.26733 16.51414 17.33636 17.39652 22.68367 16.84808 14.70444 18.52537 18.88454
21.3428 20.36494 17.39047 18.51604 18.05304 23.53476 17.97487 15.34719 19.36485 19.35269
22.29095 20.5109 18.25485 19.70887 18.86113 24.26593 18.90289 16.46011 20.05763 19.36588
23.64138 21.2012 19.69438 21.16008 20.08057 25.07461 20.05074 18.27012 20.67227 20.10817
25.65814 22.97622 22.56135 22.80084 22.12599 27.47972 22.31555 20.80417 22.86879 21.59441
27.45038 25.29892 25.29382 24.63887 24.09445 29.33352 24.18244 22.69158 24.61901 23.45371
28.7884 27.206 27.01407 26.52216 26.12165 30.08221 26.0708 25.06251 25.38277 25.59045
30.97858 29.79221 29.28865 29.15408 29.21426 30.82926 28.45532 27.72818 26.48582 27.49961
33.44152 32.13964 31.8957 32.07503 31.4127 32.57901 30.06972 29.13912 28.29834 29.04321
35.53996 34.02689 34.01402 34.28523 33.26355 33.3481 32.59731 30.68364 29.99334 30.90196
37.65542 36.67854 36.57982 36.01639 35.81704 36.43895 34.32381 34.21073 32.52568 33.42022
38.35098 38.62033 37.26132 36.89378 37.91665 36.8443 37.052 34.85371 33.54741 37.37105
38.52014 38.91805 37.3842 36.98036 39.2383 36.84427 37.05418 34.93758 33.6615 37.383
38.54635 38.92675 37.42526 37.00257 39.2597 36.8445 37.05469 34.93992 33.66478 37.38615
