16.68962 15.5361 13.5534 14.3861 14.73944 18.14533 16.54171 13.61242 15.44021 16.24996
16.73834 15.66976 13.60689 14.43056 14.88219 18.21516 16.6466 13.65553 15.48721 16.3135
16.83264 15.94821 13.75096 14.52528 15.16667 18.34311 16.86556 13.74247 15.54555 16.5757
17.16497 16.31423 14.1605 14.73107 15.69504 18.46434 17.16792 13.85231 15.64642 17.16362
17.33916 16.61319 14.95353 15.62055 15.90082 18.6736 17.64374 14.05047 15.85999 17.98298
16.67112 17.11845 12.53173 15.13429 14.1749 19.22187 18.50934 14.78459 16.33223 18.14933
17.08755 17.55486 12.24747 15.4023 14.85903 19.91375 17.13128 14.30391 16.91243 18.28772
18.09715 18.33019 13.11099 16.01363 15.87421 22.11823 16.94743 14.09988 19.06374 19.62069
19.3195 19.25925 14.13573 16.83913 16.23081 24.53758 20.18537 15.66132 20.89693 20.6064
20.33953 20.28486 14.90204 17.76793 16.60081 25.48044 20.74849 16.46197 22.09853 21.1539
20.96635 21.16554 16.25291 18.93361 17.05306 26.363 20.33913 16.71465 23.22047 21.06104
22.2666 22.37739 18.27089 19.30856 18.19124 27.06992 20.7292 15.72735 23.67395 21.17602
23.8727 22.71936 19.14325 20.81649 19.87814 27.06337 20.96858 16.37917 23.79814 20.88702
25.77283 23.7246 21.66816 22.84057 22.0412 25.85215 21.3038 18.19015 22.86776 21.15324
27.85965 25.5051 24.48688 24.72951 24.4148 27.24987 22.60393 20.30225 23.45615 22.74413
30.02068 27.96392 26.28907 26.3545 26.47247 28.44074 24.77527 23.6969 25.5742 25.08565
32.69918 30.65312 29.12766 28.77648 29.07581 30.32149 26.938 26.6486 28.00891 27.58841
35.08425 33.35825 32.44286 31.94535 32.15987 32.87369 30.06453 29.49945 30.32151 31.10182
36.92792 36.20841 36.28194 35.3215 35.54185 35.7915 34.98271 33.9005 34.08315 33.46309
39.48488 40.00378 38.87912 37.74513 40.52173 38.03773 39.38733 36.17076 35.29735 39.00021
39.53369 40.04168 38.95664 37.79378 40.59568 38.08075 39.44284 36.22641 35.34917 39.0549
