14.49322 13.25474 11.61864 12.87001 12.60195 15.52098 13.55201 12.16218 12.44152 13.58295
14.57354 13.45916 11.70407 12.94812 12.82744 15.56228 13.80777 12.21759 12.48099 13.64653
14.72286 13.74614 11.83987 13.11803 13.16199 15.6097 14.03541 12.30079 12.54704 13.9126
15.01859 14.46084 12.19713 13.53104 14.11084 15.70082 14.38782 12.4202 12.6491 14.52245
14.22215 13.94253 12.29013 13.57443 12.73786 15.92316 15.01759 12.79304 12.83676 15.56209
12.17621 13.87934 9.36981 11.07082 10.61961 16.62431 15.13466 13.30157 12.99791 15.87337
12.90421 14.71534 11.32773 11.48979 12.21547 18.74821 10.96868 10.54744 11.898 13.79463
13.9259 15.53775 10.92351 12.41356 12.79182 20.69594 13.73907 14.65645 13.11725 15.00193
15.25906 16.27047 12.93932 13.10992 13.23622 23.2884 15.94379 10.46402 18.84203 16.99253
16.12245 18.12072 13.60936 14.80275 14.15663 24.48696 18.19927 11.27387 20.21889 18.67039
17.02631 19.6211 14.54507 16.00428 14.86883 25.48889 16.09727 11.81746 21.0435 18.02062
18.61578 20.46847 14.36221 17.21181 15.70919 25.76813 16.09732 13.18165 18.25071 18.15941
20.26252 20.42244 16.02626 18.92615 17.19452 25.00175 17.47809 14.24815 16.54693 17.33392
22.4141 20.34688 19.06832 21.23022 18.80574 19.40871 16.50309 15.66858 18.37759 17.61087
25.42794 22.61742 22.3637 23.73183 20.74478 20.91639 17.87497 17.28039 19.54147 19.27523
27.98643 26.08461 25.88254 25.96477 23.08905 22.2962 20.69128 19.56692 21.99669 21.22157
30.41459 28.88087 28.38059 28.5525 26.01896 25.4585 24.04209 23.098 23.83835 23.75781
32.79184 31.66306 31.61923 30.27157 29.22252 28.94548 26.54625 25.97208 26.63461 26.99416
35.87706 35.34474 35.88807 34.98734 33.79796 34.12075 31.20992 30.51778 33.04397 30.35445
38.50834 39.91977 38.52413 38.1098 40.49006 37.63521 37.86218 36.21056 33.85947 37.69446
38.56999 39.97702 38.63813 38.19594 40.56336 37.69055 37.92606 36.2739 33.91676 38.90206
