12.83184 13.13085 15.04888 14.46157 15.31625 16.20127 17.18173 16.65995 17.46605 15.8976
13.06741 13.24763 15.2273 14.70972 15.48215 16.31925 17.33859 16.83946 17.64676 16.08339
13.65689 13.46047 15.57183 15.22019 15.77889 16.58195 17.51901 17.02502 17.99409 16.31167
14.31291 13.70641 16.17697 16.08877 16.30506 17.06421 17.98016 17.33545 18.56424 16.82819
15.10619 13.64543 16.71167 16.12068 15.82108 17.84701 18.77519 17.87783 19.33152 17.50007
12.77586 11.09398 13.31242 13.10785 13.03396 18.99237 19.43976 18.96236 20.17454 17.83289
12.85971 11.24228 12.88728 12.58311 13.29784 18.14831 18.44682 17.92577 19.87189 14.65782
14.02981 12.43402 13.71493 14.00368 13.89651 18.39089 18.66826 17.64595 20.24378 14.27632
14.87612 13.05278 14.833 14.98807 15.32258 19.91338 19.96458 19.7205 20.85373 15.24752
15.90848 13.93561 15.57259 16.18485 16.03373 19.0024 21.29403 18.73962 20.70394 16.28561
16.70536 14.98097 16.44827 17.35691 16.83704 19.11352 21.4025 18.25322 20.57453 16.69179
16.74644 15.90223 17.31439 18.33438 17.73766 19.32414 21.47499 19.70935 19.63068 17.3961
17.48291 17.23064 18.09845 19.65292 19.16286 20.20514 21.63674 19.3537 19.63986 18.64059
19.5808 19.55237 20.05651 21.57288 21.00487 21.02762 22.07672 19.48494 20.93977 20.02692
22.03548 22.16185 22.18878 23.99418 23.26101 22.77723 23.26238 21.18328 22.52094 22.25426
23.74651 24.36101 24.53406 26.58934 25.94702 24.83852 25.25019 23.28692 24.43526 24.80126
26.39867 27.44236 26.99009 29.12086 28.33779 26.58132 27.99309 25.72336 26.48792 27.3705
30.1606 29.58081 29.67139 32.05005 31.61052 30.80136 30.86796 29.02514 28.36954 30.32132
35.03049 32.71832 32.51336 36.21809 34.24706 34.88172 37.11147 32.28487 34.43893 34.70901
39.67847 41.00555 38.44738 42.65623 39.93189 40.03403 39.84788 38.28089 40.70297 41.52856
39.7427 41.07307 38.49827 42.71883 39.99392 40.09136 39.9129 38.32835 40.75424 41.58203
