10.68828 9.81313 10.72855 11.01947 11.42806 13.2585 11.12065 11.99953 11.20745 14.74141
10.78729 9.95732 10.76212 11.13652 12.19777 13.26771 11.3967 11.86733 11.30303 15.13343
11.16922 11.04109 10.93082 11.33783 13.59754 13.40881 11.96374 12.07217 11.62457 16.23913
11.42641 9.80331 11.75397 11.55036 12.0991 14.03873 11.82335 12.68364 12.80879 16.41726
10.52916 8.22396 11.82397 13.17915 11.68679 11.49714 12.92025 11.77077 11.84823 15.17908
11.9501 9.24302 13.03516 15.78708 12.48138 13.31409 15.01363 14.78251 13.77609 15.30381
13.2979 10.69038 14.73036 16.47317 13.73346 13.81125 16.14785 16.08743 15.44156 17.41843
15.32416 12.14621 15.3798 17.167 14.76709 15.61669 17.49236 17.34701 17.98594 18.91119
16.61976 13.05606 16.96487 17.56521 15.88673 17.21315 18.21562 18.57439 20.06995 19.57865
17.9111 14.85375 18.49452 19.50653 17.5592 18.7577 19.53703 20.12375 21.10582 20.72375
19.72042 16.65809 20.27974 22.74197 19.33337 20.94538 21.13053 22.85179 23.19941 23.49083
23.80817 20.06237 23.07004 24.67911 21.77061 26.21442 23.25535 25.8566 27.15868 25.61821
27.72053 23.12814 25.34597 27.66489 24.81729 29.45346 27.31185 28.30153 29.10315 28.27714
30.62793 26.43531 28.79737 31.62083 27.62293 30.92664 30.32172 29.6668 30.61527 30.38984
31.68973 30.39226 30.33984 32.86928 30.66933 31.87526 32.32985 31.20595 31.37866 32.36463
34.16348 33.5243 32.76065 34.44429 34.24398 32.34721 34.26603 32.18346 31.77404 34.0724
34.65046 35.79868 34.08278 35.0782 36.70211 33.0975 35.15873 32.79457 32.69914 35.37806
34.68936 35.82612 34.25831 35.11816 36.81025 33.18049 35.32923 33.2157 32.91725 35.52427
34.70162 35.83164 34.30523 35.12683 36.81531 33.19219 35.375 33.29413 32.93705 35.53097
34.70351 35.83416 34.3125 35.12844 36.81564 33.19498 35.3858 33.2986 32.94038 35.53137
34.71516 35.84156 34.33211 35.14025 36.82002 33.21377 35.40629 33.31086 32.95572 35.5431
