16.49914 14.15044 12.62503 13.61546 13.51175 17.23571 14.9548 12.80505 14.02194 15.50342
16.63715 14.69002 12.74432 13.70572 13.92032 17.25499 15.21696 12.98972 14.05492 15.733
17.29717 15.26023 13.13602 14.06605 14.97189 17.48589 15.695 13.17909 14.22837 16.61248
18.57604 16.34784 14.35605 15.59808 15.24495 17.94255 16.60679 13.80261 14.5195 17.85267
16.51114 16.98818 12.345 14.52283 14.68355 19.43887 17.64294 13.73488 15.34588 18.58109
17.53912 18.50966 13.34193 15.05105 15.28058 22.25744 18.94518 12.94219 18.54383 18.93336
18.88338 20.72843 14.92721 16.0834 16.73929 25.82876 18.05572 15.10882 18.19098 19.04336
20.7708 21.65541 15.58953 19.5427 17.66825 25.32522 19.83321 15.63409 19.31945 19.67739
22.38331 21.89288 17.49418 21.51038 17.5516 26.15018 19.33677 16.77467 19.51882 20.14923
23.59411 22.65027 19.3673 23.54521 18.83528 28.16959 18.66382 18.35934 20.01721 21.1993
27.5067 24.73804 21.42475 25.19839 20.98514 27.78531 20.04077 20.36916 21.71905 21.97945
28.46302 27.60279 24.73051 27.3509 23.85403 30.36793 22.73472 23.8515 24.2651 24.1458
31.38931 27.9899 27.5753 29.0613 26.47505 31.2677 25.34732 25.78027 25.98365 26.86704
33.97439 30.76811 31.17135 31.65187 28.96511 31.8478 27.76538 28.35676 29.57595 28.70558
34.97134 33.56208 33.15696 33.25662 31.96185 34.41753 31.7892 33.65264 31.26785 31.576
36.5838 37.38019 35.65446 35.60704 36.34333 35.29262 35.98155 34.13813 32.82371 36.38888
37.30463 37.9635 36.86587 35.71346 38.32093 35.29368 35.98172 34.13959 32.88459 36.39152
37.31138 37.96641 36.88908 35.71622 38.32457 35.2939 35.98181 34.1401 32.88462 36.39181
37.31265 37.967 36.89597 35.71715 38.32476 35.29403 35.98191 34.14055 32.88475 36.39186
37.31351 37.9675 36.898 35.72122 38.32459 35.29421 35.98188 34.14084 32.88486 36.39193
37.3166 37.96847 36.90603 35.73715 38.3256 35.2943 35.98232 33.4733 32.88487 36.39198
