11.58705 12.1192 14.07525 13.28605 14.24354 14.87627 16.03198 15.71534 16.55941 14.39987
11.79804 12.24168 14.2486 13.63919 14.48534 15.01862 16.19689 15.91057 16.69071 14.55423
12.3056 12.4492 14.7438 14.42738 14.86356 15.34907 16.37041 16.27188 17.07942 14.9557
13.085 12.82311 15.3599 15.39204 15.5754 15.75736 16.67721 16.84858 17.65287 15.44961
13.19097 12.38947 15.43423 15.34397 14.49137 16.59608 17.11513 17.70082 18.30897 16.19382
9.8945 10.11935 11.82814 12.00544 12.73925 17.86309 17.3145 18.66027 19.11402 16.18206
10.73715 10.16627 12.18179 12.24265 12.86953 17.86989 15.78547 15.02234 18.49044 12.55973
11.67075 11.32891 13.39712 13.71088 13.16366 18.17706 16.16524 14.27576 17.65994 12.27556
12.34026 12.33482 14.22662 14.93805 13.47199 17.00499 17.05948 16.32377 18.74551 13.36829
13.65254 13.06806 15.15952 16.05062 14.30015 16.86628 17.83325 17.23281 18.29008 14.4957
14.81015 14.17443 15.84902 17.09703 15.32117 17.36089 18.13367 17.12992 16.34511 14.5431
14.08569 15.14696 16.84636 18.25142 16.12673 17.84005 18.51797 17.19018 16.11643 15.33803
15.347 16.52417 17.77066 19.50789 17.47848 17.9632 18.57805 18.38239 17.11515 16.37454
17.46744 18.26655 19.56815 21.57608 19.33456 18.67856 18.85617 18.94461 18.6788 17.83906
19.91959 21.35272 21.92402 23.8198 21.72787 20.30628 20.5301 20.26053 20.52835 19.6836
22.03871 24.06786 24.4236 26.43399 24.42584 22.56803 22.8717 22.26432 22.63137 22.25903
24.34796 26.12886 26.86801 29.10936 27.28283 25.17782 25.57419 24.88146 25.20218 25.53376
28.15223 29.33395 29.89566 32.52084 29.69436 28.56498 29.22772 27.74552 27.70035 27.94671
32.7432 31.84712 32.92663 36.6018 32.98677 33.31682 35.97059 31.71703 32.68408 32.17244
39.18592 40.46198 38.15729 42.30453 39.58912 39.15323 39.04754 37.90122 40.31806 40.67723
39.26673 40.5221 38.20954 42.38615 39.65699 39.20928 39.10831 37.94839 40.36915 40.73305
