16.70684 15.10376 15.17741 14.06209 14.70835 17.81406 14.29167 17.32661 18.33545 18.45569
16.80757 15.25235 15.28644 14.20772 14.77999 17.90732 14.43857 17.43565 18.38975 18.52701
16.95934 15.46187 15.59889 14.59284 14.97038 18.11374 14.64682 17.72723 18.55304 18.83925
17.25356 15.87574 16.1123 15.5052 15.506 18.46207 14.94573 18.23864 18.98366 19.38807
17.55789 15.89638 15.98322 15.53409 14.71988 19.13158 15.66369 19.14644 19.74603 19.67819
17.08333 14.22175 14.51347 11.37674 13.77541 20.58689 14.89698 20.45723 20.43184 18.95225
17.46748 14.66953 14.94584 11.95664 14.77984 19.63371 15.15261 19.32675 18.72274 16.79599
18.02696 15.22828 17.43242 13.22848 15.44099 19.98897 15.7127 20.03793 19.57105 18.76196
18.64558 16.12734 16.77155 13.72148 16.10885 21.53345 15.92223 22.55374 20.6326 19.93559
19.70729 16.97961 17.38663 14.14917 16.6406 22.98604 16.02223 22.39045 20.92167 20.55103
21.28435 18.0373 18.24963 14.28916 17.44176 23.04842 16.35288 21.4015 21.59381 21.09212
22.29239 19.48853 19.7576 15.90496 18.60725 22.0665 17.15869 22.24177 22.72255 21.98762
23.51453 20.86216 21.63864 17.61099 19.75488 22.52122 18.19788 22.58289 23.21414 23.20472
24.74723 23.07966 23.6739 19.38818 21.39991 22.60609 19.22344 22.39421 23.19438 24.27791
26.49451 25.46286 25.7734 21.5494 23.54534 24.17221 20.91397 24.03095 24.60934 25.99831
28.79494 28.33307 28.14978 23.76746 26.07109 26.1989 23.11462 26.24709 26.66028 28.12416
31.21213 30.40351 30.68219 26.62398 29.14311 28.06719 25.20209 28.92401 28.81255 30.40485
33.82549 33.47968 33.15201 30.00136 31.81979 32.23268 27.87426 31.67895 31.42348 33.58253
36.68201 36.16638 35.68493 33.70201 35.38482 35.49715 31.99994 34.69317 36.28695 37.90707
39.63108 41.15033 40.18413 41.43514 41.2801 39.62483 37.82315 41.48759 40.73164 42.64302
39.68064 41.19095 40.25738 42.54221 41.34083 39.68331 37.87771 41.54176 40.79271 42.69988
