14.38565 14.05572 13.65922 12.91636 12.85096 17.40203 16.16358 17.94081 19.21458 17.77872
14.509 14.09168 13.74553 13.02431 13.0805 17.44764 16.27462 17.98352 19.39536 17.94486
14.81059 14.19739 13.95339 13.22634 13.49785 17.49776 16.63155 18.07493 19.59008 18.29783
15.66586 14.78247 14.30458 13.65895 14.15017 17.56542 17.00846 18.16756 19.86984 18.81828
16.49907 15.22492 15.42155 14.41952 13.07248 17.75191 17.70699 18.35079 20.35425 19.80442
14.18708 14.27892 13.9477 13.18426 11.69804 18.44368 19.07059 18.82851 21.15337 20.25556
14.26928 14.88011 14.18945 13.06922 12.39317 17.82094 18.38838 19.59982 22.16031 19.11671
15.04085 16.05107 15.17715 15.2185 13.76767 17.55778 18.62981 20.91589 23.52019 20.07325
15.36183 17.03963 16.02658 16.10312 14.22311 20.32972 21.14356 22.30358 25.05878 19.56056
16.27771 18.4878 17.05373 16.33138 14.49062 23.35882 21.68629 23.31495 25.92918 20.37896
17.19418 19.7104 18.12305 16.71497 14.8132 24.28144 21.54442 24.31464 26.83235 21.14531
18.52599 20.40127 19.54611 17.63342 15.69209 24.78738 21.19822 25.32133 27.15766 22.17991
20.14083 21.52326 19.38481 18.32151 17.59499 24.82188 18.03333 25.93505 26.78585 23.47901
22.77733 23.04982 21.35626 19.71278 19.67672 23.34772 18.55855 25.81937 25.8115 25.23533
25.49086 24.61859 23.48157 21.86889 21.60628 24.77395 20.14059 26.99597 26.89495 27.27244
26.87823 26.30222 25.83385 24.1325 24.15904 27.08678 22.18189 28.93226 29.05651 29.35783
29.45944 28.53363 28.49402 27.17359 26.54914 29.59125 24.57507 30.61966 31.32714 31.29942
32.10653 31.0245 31.2315 30.7985 28.82509 33.87542 28.93815 33.19713 33.85676 32.80953
35.13677 33.77104 34.56646 34.0436 31.41373 38.24608 31.62544 35.90291 37.34793 35.06148
38.53152 36.96925 38.19064 38.24178 38.33982 39.65873 38.13309 37.03362 39.28001 41.38026
38.58623 37.06568 38.30205 38.28694 39.38838 39.71433 38.18468 37.08605 39.32766 41.43615
