15.85471 13.8252 13.64405 14.10152 14.09298 15.88881 15.22188 15.31081 12.51221 18.06927
15.94363 13.98261 13.66513 14.12538 14.32774 15.90383 15.23771 15.31094 12.53972 18.12608
16.1681 14.46548 13.89553 14.3513 15.10028 16.00816 15.44145 15.31551 12.63766 18.31288
16.84993 14.78605 14.48496 14.63534 15.08789 16.25194 15.75841 15.39309 12.88984 18.81536
15.95488 13.74674 13.84428 12.97145 12.77587 16.80666 16.10225 15.95038 13.63636 19.66906
17.14663 14.14777 14.35644 13.14858 13.48902 17.40661 17.21182 15.70602 12.86259 21.04137
18.08596 14.72282 15.73353 14.82815 13.47817 20.16305 18.47009 16.19811 11.76091 22.51633
18.91596 15.55107 16.29373 16.54497 14.32604 21.16802 18.98611 17.10045 12.32153 23.66059
19.69394 16.32663 16.67103 17.34656 15.13117 19.91895 19.61756 17.78557 13.77588 24.1052
20.68845 17.15366 17.40014 17.93625 15.9041 20.07292 20.11893 18.67166 15.04438 24.02843
22.19423 18.48392 18.41789 19.37732 16.99308 20.86496 20.337 20.01165 16.72014 23.76001
24.29233 20.44386 19.89097 22.2401 18.69772 22.54899 22.3745 21.95692 19.15316 25.45155
26.21035 22.27001 21.52071 24.53451 20.40162 24.62414 24.67706 23.92712 23.38813 27.93967
28.01152 24.09912 23.23621 26.35455 22.28475 26.55461 25.63955 26.04038 24.43896 28.99133
30.07207 26.45577 26.23061 28.57494 24.50671 28.31853 26.0846 27.47268 25.8105 30.68945
32.0257 29.08341 29.73524 30.42881 26.68814 28.9163 27.11505 29.00878 27.35655 32.20239
33.93651 31.26278 32.5378 33.05799 28.62266 30.89132 30.64618 29.49366 28.90554 33.30419
35.81766 34.22285 35.2266 34.58104 32.43951 32.85816 33.86564 31.12997 30.73302 36.18106
36.26356 35.96663 35.44252 35.13611 34.47893 33.58544 34.38287 31.71165 31.10507 36.8078
36.3139 36.16011 35.51115 35.22031 36.25186 33.62512 34.38492 31.72118 31.10882 36.81122
36.32349 36.17142 35.53389 35.24182 36.26188 33.62522 34.38511 31.72189 31.10966 36.81236
