11.00533 9.67807 10.59471 11.01829 11.8512 15.52362 13.00737 14.20917 12.98546 18.03033
11.07529 9.79876 10.63222 11.1026 12.14324 15.56957 13.08652 14.26621 13.08364 18.16469
11.16121 10.15638 10.68135 11.20462 12.98307 15.6216 13.35008 14.35979 13.23245 18.45074
11.43703 11.22914 11.03218 11.38075 14.08993 15.70295 13.71375 14.3296 13.43907 18.78826
11.26266 10.06858 11.03009 11.37356 12.5681 15.8294 14.07096 14.36287 13.65446 19.49305
8.9489 7.19323 11.01525 12.17709 9.26784 16.14196 13.70949 14.66083 14.20402 20.49476
11.78671 7.66783 12.13094 12.39933 10.17487 15.07958 14.0122 13.78527 14.41465 17.60949
11.83812 8.53741 13.1293 12.54834 11.34082 18.33844 15.00325 16.0849 16.5496 21.69202
13.51997 10.80902 13.7892 16.09074 11.8312 17.60795 16.18179 21.02573 18.09964 23.33205
14.61949 11.52886 15.208 16.11943 12.63192 20.38844 18.69916 22.7478 21.27383 23.83092
13.27531 11.37417 16.49426 16.32532 13.38306 20.50615 19.62659 20.65367 20.23895 23.81794
14.91692 12.85957 16.83821 16.76599 14.85258 21.60197 18.66579 20.59307 20.90864 23.00859
16.36932 13.10105 18.37722 18.17028 16.6557 20.02226 17.33389 19.36843 22.67833 21.14541
19.05384 16.93286 19.55347 19.91957 18.42304 19.42762 18.11391 20.0524 22.67379 22.17909
21.8164 20.11496 22.37559 22.40227 20.68902 21.55294 19.84459 21.8263 23.65877 23.56805
23.9757 22.49962 25.18795 25.69015 23.10407 25.00319 21.98838 24.53178 24.92342 26.67066
27.33266 24.41173 28.00801 28.76512 25.87341 27.01933 25.56368 25.29097 25.93552 29.85591
30.97711 28.07165 31.1949 30.81417 30.17112 30.35104 29.08799 28.26881 28.23924 33.08231
33.54381 31.78503 33.56218 34.67678 32.69516 34.74548 34.34008 34.77557 33.79099 35.76219
37.26859 38.5707 36.97644 37.9018 39.56187 36.12128 37.00735 36.41795 34.99867 39.21513
37.35041 38.63874 37.05831 37.97506 39.63843 36.18401 37.07222 36.49386 35.05698 39.2631
