18.45642 17.21084 16.00852 16.78597 16.23561 19.77044 17.53328 17.85648 16.7336 21.59436
18.56714 17.29558 16.13238 16.88593 16.38681 19.84092 17.58616 17.91309 16.79287 21.69912
18.92007 17.45657 16.40108 17.02558 16.46455 20.02476 17.76158 17.97347 16.8799 22.02956
19.49279 17.77764 16.97188 17.26105 16.77355 20.25083 18.03239 18.04469 17.02687 22.66003
20.45588 17.89958 17.15814 17.2108 16.51066 20.54892 18.48515 18.25688 17.39143 23.48964
21.2411 17.9332 17.27293 15.01601 14.7037 21.01471 19.13326 18.61922 17.53477 24.48621
22.05316 18.16631 17.39604 15.17831 15.81375 22.13924 21.42846 19.44601 17.28363 24.44324
22.82307 18.53095 18.32611 16.2969 16.58722 24.45404 23.00511 20.62132 19.98798 25.85626
23.67138 18.83478 19.15252 16.66809 17.44268 25.05662 24.05625 22.39177 23.01887 27.35178
24.53292 19.66121 20.53186 17.64797 18.14373 25.30951 25.43504 23.2433 24.26828 27.01276
25.21571 20.61506 22.03576 19.14006 19.33809 26.11674 26.01182 24.29674 25.64799 27.66879
26.48739 21.44126 22.73573 20.59043 19.97589 26.37895 27.254 25.79655 26.8932 28.96563
28.33901 23.27203 23.64089 21.63676 21.60722 27.25573 28.43455 26.81665 26.22224 30.15176
30.27161 25.15838 24.87171 24.29546 23.97657 28.02501 26.50383 27.19405 23.52156 30.62276
32.33936 27.30599 26.99061 26.90121 26.35038 30.67866 27.24179 29.02636 25.23521 32.04902
33.75848 29.76489 28.79937 29.53945 29.07441 32.41391 28.79301 30.75072 27.12089 33.84611
35.58171 32.60707 31.39498 32.42277 31.36143 33.33738 30.19194 32.64775 30.4696 35.60899
37.64376 35.38797 34.93429 35.16771 33.77431 36.09806 34.61764 33.76424 32.97315 36.81869
39.45386 38.4198 37.79149 37.9124 37.01864 38.34005 38.69391 36.06805 35.28113 40.22509
40.43923 40.15884 38.39996 39.29794 40.47348 38.60152 39.17692 36.30616 36.06443 40.79305
40.47189 40.19987 38.43533 39.33902 40.51214 38.65016 39.23407 36.36564 36.11339 40.8446
