16.80401 14.78102 14.31447 14.57091 14.13145 16.57626 15.80352 16.77235 12.98082 18.69377
16.95693 15.1714 14.431 14.67209 14.79518 16.64343 15.84272 16.77518 13.00995 18.78525
17.43218 16.19664 14.89535 15.19076 16.29655 16.44015 16.07421 16.83347 13.11249 18.98158
18.74187 17.17233 16.11081 15.4356 15.90209 16.63502 16.66002 17.07341 13.46917 20.19583
17.44512 19.09205 15.40321 14.13247 14.9576 17.12538 18.78357 17.96647 13.49405 22.30547
17.95492 18.10386 17.48546 15.40941 15.33052 18.37169 21.72465 19.76218 11.74165 24.87276
19.61852 18.75483 17.8976 17.14837 17.33351 21.96076 24.39612 22.59147 12.33232 25.79784
20.74628 19.73214 18.21984 18.30323 16.46699 21.11884 23.82926 23.35428 14.55028 25.99255
22.54773 20.20549 20.14555 20.36943 17.53675 21.6851 23.34126 24.17001 15.37854 25.39531
24.52881 21.58388 21.54207 21.17039 18.83394 22.54023 24.22611 25.02005 16.90458 27.30358
27.71247 22.48451 22.90239 22.40815 20.90731 23.64387 25.58007 27.13621 20.53053 26.58812
29.57102 25.75681 27.41036 26.51289 23.55357 26.08497 27.73303 29.50695 25.73605 29.29762
30.83356 28.13986 29.01113 28.84349 25.98679 29.43694 28.99155 29.95853 26.83848 30.55489
33.0203 30.36103 32.19292 31.54712 28.86651 30.90192 31.17924 30.75443 29.73829 31.94869
35.35913 33.13107 33.80743 33.53342 31.71904 34.28812 33.43675 30.95801 31.13245 35.39965
37.16106 35.83353 36.73645 35.22354 35.69315 34.96357 35.26655 32.2734 32.57044 37.38169
37.6589 37.62726 37.18866 36.08791 37.96866 35.14233 35.54754 32.53733 32.7908 37.38178
37.66998 37.68086 37.37029 36.34451 37.97318 35.17446 35.54749 32.53729 32.79099 37.38188
37.67121 37.69276 37.38804 36.38726 37.97429 35.1746 35.54754 32.53734 32.791 37.38214
37.671 37.6949 37.39025 36.40599 37.97501 35.17466 35.54762 32.5394 32.79111 37.38291
37.67563 37.69867 37.3985 36.4158 37.97793 35.17461 35.54746 32.53918 32.79141 37.38383
