18.70184 16.80751 14.58527 15.33467 15.37956 20.2963 18.34173 15.13337 16.55595 17.78193
18.79958 17.05439 14.66004 15.41032 15.54168 20.3737 18.46321 15.1957 16.62228 17.99378
19.00747 17.30039 14.888 15.58425 15.90325 20.50004 18.70472 15.27486 16.69159 18.20519
19.4881 17.73413 15.26425 16.03212 16.62537 20.73653 19.24014 15.40912 16.76606 18.70673
19.87631 17.88311 16.1618 17.11801 17.03954 21.08496 19.95632 15.57588 16.84407 19.40551
18.44267 18.9869 13.87159 16.59953 16.22575 21.38404 21.08748 16.32475 17.40739 19.96023
18.33963 20.55215 12.35026 16.00609 16.4663 22.96405 20.10475 15.68332 16.83348 19.45596
19.70643 21.74889 12.99194 17.83187 17.17369 24.97416 21.50676 14.16079 16.90626 20.4835
20.65533 22.50421 13.87955 18.44975 17.34963 27.7686 22.12223 15.12938 20.96911 20.85122
21.70918 23.43452 15.80256 19.92765 17.65618 29.10851 22.91381 15.73871 20.04872 20.66643
23.0493 24.3958 17.81296 20.0957 18.53699 29.5857 24.5809 17.62309 22.94974 20.50908
25.36915 24.25804 19.01827 21.36167 20.10996 27.30202 23.84809 17.69785 19.1631 21.05205
27.90705 24.10835 21.53928 22.4365 21.68527 28.05195 23.18215 19.20328 21.63956 21.95597
30.48523 25.96701 24.7546 25.84994 23.88136 29.5388 24.35336 21.43898 23.25155 23.50748
31.97445 27.87205 27.58368 28.18937 26.48396 31.05749 26.59147 24.32724 25.19451 25.32539
33.05631 30.34783 29.50722 29.62268 28.82122 32.19598 29.26045 27.26664 28.22229 28.79774
35.17705 33.14494 32.38388 32.54797 32.27667 36.11756 33.60008 30.71146 33.7609 31.88632
38.65511 36.97033 36.96788 36.50692 36.50829 38.41171 37.50015 36.84517 35.54024 37.93873
39.47377 40.48593 39.27852 38.0792 40.78953 38.7591 40.06029 36.90462 35.64064 38.35574
39.51461 40.52723 39.32976 38.1212 40.8321 38.80994 40.12585 36.96119 35.70114 38.42001
39.55242 40.56819 39.37616 38.16126 40.87213 38.8596 40.18916 37.01721 35.76023 38.48408
