12.58321 11.30428 12.0297 12.33921 13.26488 17.20768 14.38217 15.09318 14.52186 19.48157
12.61963 11.35837 12.02268 12.40383 13.4235 17.25618 14.43285 15.14869 14.60212 19.61123
12.66979 11.53361 11.99964 12.4991 13.86674 17.30684 14.54124 15.2643 14.73993 20.03204
12.84121 12.10993 12.2018 12.68778 14.62729 17.36103 14.70608 15.32092 14.93086 20.40478
13.45313 12.00437 12.72905 13.24803 14.55881 17.28343 15.10207 15.39845 15.25455 21.1164
11.75007 11.12871 12.74656 13.64312 11.27638 17.81107 15.13654 16.26304 15.89571 22.06707
11.49083 10.68556 13.44974 13.82723 11.1423 16.69923 16.10394 15.83697 16.923 22.40761
12.14626 11.53934 15.11093 16.02759 12.19052 18.71976 16.91076 16.26362 18.62909 24.37059
12.85568 11.60078 16.90584 18.41908 12.92188 19.54973 17.2128 17.68607 20.21526 24.90979
13.70601 13.01906 17.83808 19.81808 14.33535 20.75238 17.43204 19.14862 21.52264 25.16328
14.55644 14.61931 19.43466 19.03623 15.18843 21.86836 18.20683 20.96093 22.78559 25.98695
15.48671 14.99334 19.69066 18.89268 16.02023 22.52798 18.61241 19.18073 23.19949 26.60391
17.32066 16.49037 20.20957 19.7327 17.72335 23.08441 19.40138 21.52259 23.82148 25.89391
19.64606 18.01494 22.36402 21.20849 19.60279 24.07702 20.26087 22.14273 24.26359 26.03978
22.57844 19.86025 24.03311 23.64995 21.48406 25.53863 22.4727 23.84552 25.61488 27.35517
25.21326 21.84115 25.30073 26.38386 23.59041 27.80511 25.01966 25.64445 26.98151 29.30091
28.21985 24.53227 28.22544 28.93577 26.63862 29.8634 27.44989 26.77223 28.17983 31.74084
30.77715 27.38455 30.92688 31.41409 29.64784 31.51472 30.72917 30.54287 30.0464 34.25951
33.20311 31.00526 33.50935 34.80854 32.18812 35.01472 35.74241 34.64018 33.96897 37.07931
35.98625 37.27663 36.05243 37.08809 38.62793 35.7604 36.77172 35.08933 34.77146 38.85244
36.07121 37.3625 36.14816 37.15382 38.69718 35.81601 36.82747 35.14078 34.82456 38.8977
