13.23106 11.99447 12.55008 12.74856 13.86969 18.45858 14.30645 15.92373 15.15188 19.78724
13.27061 12.03396 12.59023 12.81755 13.9217 18.49973 14.38745 16.02015 15.19879 19.90366
13.31763 12.27814 12.60157 12.92364 14.11555 18.54204 14.52985 16.18789 15.2499 20.28313
13.4607 12.95916 12.96212 13.09094 14.64554 18.66437 14.73279 16.35597 15.37641 20.56564
14.15733 12.31359 13.42325 13.48535 14.975 18.83783 14.99729 16.73158 15.58859 21.07637
14.27974 10.43224 13.27734 13.25163 12.89326 19.3574 15.24858 17.32867 16.17561 21.88505
14.41115 10.3587 14.05627 14.21176 12.63524 18.82442 15.33516 18.08669 16.79008 22.27149
14.15372 11.201 15.83095 16.09848 13.63263 19.96685 16.17079 20.087 18.53714 23.63379
15.49893 12.33676 16.87451 17.54865 14.25037 22.48243 17.10955 21.58697 20.26925 24.6353
16.75521 13.26701 17.81513 18.38414 14.91952 23.67483 19.93254 23.04482 22.23919 25.60576
19.7656 13.92694 19.27542 19.24889 15.69371 23.83393 20.06299 24.26046 23.18442 26.35074
17.52729 15.28532 20.46544 19.27068 17.40572 24.12608 20.50135 25.21128 23.93111 26.5842
18.21074 16.91082 19.99836 19.6455 19.25404 25.57351 21.0964 24.47377 24.05948 26.86785
20.87203 18.53657 21.9378 22.11951 21.65573 27.07722 22.0653 23.61962 24.43398 27.91932
23.23302 20.63136 24.10156 25.21114 23.6914 28.3419 23.8424 24.7018 25.50445 29.28442
25.07076 22.5312 25.88845 27.18256 26.08829 30.0107 26.04607 26.27994 26.61441 31.29812
27.85449 25.05629 28.33222 29.75984 29.01946 31.44682 28.57739 27.69108 27.98783 33.00422
30.33729 28.13155 30.8908 31.87079 31.28796 32.90374 31.51099 32.52906 30.87697 34.49928
32.90538 31.57245 33.63504 34.87999 34.3628 36.38618 34.98712 34.62535 33.35178 37.3449
36.63322 36.7254 36.4904 37.35023 39.17708 37.51983 36.77398 35.57179 35.24976 39.40353
36.68697 37.39228 36.54483 37.39047 39.22301 37.56746 36.82696 35.62038 35.30102 39.44919
