11.07161 9.78556 10.64408 10.94787 11.95166 15.666 13.07697 14.25732 12.99982 18.06775
11.14604 9.86937 10.65858 11.01759 12.324 15.71059 13.16834 14.30839 13.08935 18.07033
11.21949 10.24337 10.70504 11.13627 13.14081 15.76107 13.45521 14.21694 13.26211 18.14674
11.52443 11.19219 11.10035 11.31689 14.17647 15.85712 13.79935 14.20571 13.41964 18.56889
11.37404 10.45149 11.31414 11.31391 12.11135 15.94867 14.09757 14.37855 13.64418 19.3659
9.21319 7.41792 10.41326 11.89482 10.44881 16.30607 13.99525 14.49938 14.01972 19.93687
12.06194 7.77791 12.56825 12.05906 10.79597 13.60226 13.94456 13.14961 14.59696 20.50672
11.34646 8.88081 13.54178 13.05879 10.72034 18.41705 15.04206 16.21894 16.11343 22.36886
13.7076 10.2222 14.45271 14.99096 11.9597 19.48391 16.7071 21.37031 17.75743 23.21111
14.77872 10.65729 15.75773 15.77867 11.85119 18.92272 18.82224 22.31734 20.83151 23.60316
14.73024 11.47127 16.96848 15.742 13.28487 21.10223 18.05688 19.31112 19.88765 23.19532
15.69923 12.11645 18.52022 16.74659 14.9151 20.08718 18.61395 19.33171 20.53518 22.47741
16.87939 13.56043 19.79952 17.92823 16.40718 21.69243 17.87251 20.15301 21.08298 21.21078
19.50614 16.31314 21.4168 20.00354 18.56316 20.80049 18.44679 19.16948 22.59467 22.0185
21.70358 19.47884 23.30122 22.47798 20.81703 23.03138 20.5882 20.32232 23.5355 24.43313
24.21481 22.04278 24.89277 25.04609 23.16468 26.2371 22.88898 23.33087 24.98046 27.5468
27.13266 24.60628 27.84897 27.79058 25.67917 28.02072 26.19141 25.00122 26.34245 30.01157
30.30648 27.84475 31.29175 30.63688 28.74497 30.81874 29.0041 27.89974 28.09796 33.09682
34.04626 32.0636 33.73808 33.7317 31.78968 34.35546 35.08468 34.94763 32.54737 36.40828
37.18589 35.98832 36.96719 37.76949 37.89403 36.04349 36.85424 36.38333 34.87924 39.10745
37.26102 38.8943 37.04147 37.8414 39.90367 36.10056 36.918 36.44439 34.93342 39.1513
