12.99275 11.46966 12.12504 12.68184 13.68359 18.30684 14.4178 15.3736 14.93061 19.56931
13.02609 11.54853 12.15695 12.745 13.81914 18.35005 14.4677 15.43521 14.99516 19.72268
13.07754 11.70543 12.21468 12.84631 14.1069 18.41399 14.57621 15.53279 15.12893 20.10132
13.24187 12.17492 12.35321 13.05293 14.80274 18.51249 14.80876 15.59841 15.32089 20.50276
13.91964 13.07779 12.9562 13.55877 15.47029 18.68517 14.95123 15.71308 15.64496 20.99514
12.67634 11.40175 12.93773 14.27288 12.23716 19.01554 15.21318 16.28811 16.34384 21.85869
12.21487 10.61047 13.66645 14.64741 11.55024 18.69183 15.40229 16.79108 17.28467 23.02323
13.01481 12.18413 15.13973 16.77427 12.4689 20.01185 16.64416 17.38313 18.53724 23.94194
13.95577 13.62775 16.48006 18.16257 13.37149 20.72508 17.68409 21.28404 20.47969 25.06851
14.85993 14.14476 17.48914 19.51795 14.19801 22.14193 18.65692 22.29817 21.88416 25.53116
15.9339 15.25966 18.75549 17.80172 15.22892 22.95778 18.40294 20.55187 23.16442 25.97846
17.2714 15.71383 19.83157 18.87053 16.27967 24.29635 19.27992 19.12526 23.78752 26.9903
18.79381 16.48578 21.18256 19.71571 17.7662 25.70595 19.97682 20.85583 24.42305 26.34743
21.08708 18.0457 22.33035 21.54918 19.42663 26.68555 21.11187 21.8509 24.5845 26.86303
24.54045 20.07171 25.16707 25.01546 21.41907 28.24547 23.19355 23.67114 26.13529 28.12433
26.20712 21.55382 25.86841 27.20618 23.58021 30.03416 25.55763 26.05523 27.59185 29.87861
28.78779 24.23747 28.16502 29.04682 26.48172 31.29951 28.96577 26.91831 28.25974 32.24961
30.67906 27.40627 30.48928 31.31948 28.46901 32.24065 32.31898 29.88937 30.63959 34.62919
33.31744 30.58453 33.4922 33.80187 31.93387 36.24274 35.60619 33.84335 33.72763 37.12559
35.7546 36.19959 35.51266 36.4246 38.09347 36.40106 35.72534 34.53974 34.33985 38.4535
35.82951 36.26016 35.59355 36.48777 38.15462 36.45107 35.77754 34.58507 34.38769 38.49666
