17.05855 15.41355 14.91221 15.00703 15.2667 17.51673 16.01465 16.99026 14.27134 19.61883
17.14689 15.54908 15.0236 15.10479 15.59933 17.58302 16.06267 16.99038 14.28254 19.6621
17.44097 16.16121 15.32865 15.36397 16.17472 17.70943 16.15504 17.01526 14.34973 19.83824
18.26583 16.08732 15.76901 15.51004 15.90786 17.91889 16.41815 17.15964 14.56439 20.29714
18.69638 15.21236 14.79767 14.27433 13.40912 18.52461 16.7565 17.72372 15.11836 21.60728
19.93838 15.85256 14.99192 15.04863 14.28858 19.69325 18.13633 18.69948 14.53935 22.95614
20.57324 16.44679 16.18618 16.73537 15.05961 21.37038 19.13348 19.45761 13.7109 24.28736
21.02063 16.95624 17.41328 18.00041 15.71778 22.21686 19.59254 20.23906 14.56204 25.31995
21.61464 18.01648 17.88327 18.58376 16.7649 21.82391 20.23197 21.1254 15.35092 25.71048
22.56107 18.81522 18.8465 19.29427 17.61491 21.56877 20.37949 22.04928 17.58112 25.26585
23.84648 19.98639 19.96995 20.42624 18.85467 21.54192 21.65505 23.66726 19.30327 25.20046
25.15492 22.35698 21.54687 23.01399 20.70398 23.6144 23.56133 25.4861 22.25074 26.47772
26.8682 24.41612 23.59561 24.96944 22.37761 26.20416 25.2329 27.17293 24.71936 28.13974
28.31774 26.64251 25.95441 27.18915 24.39658 27.18865 25.94029 28.67716 26.38282 30.39253
31.03636 28.76197 28.84734 29.16369 26.56587 28.9063 27.17896 29.97813 28.16844 31.98713
33.36556 31.54221 32.34984 31.35591 28.79593 30.48117 29.68948 30.70735 29.1133 33.86897
34.8053 33.70031 34.7627 33.75999 30.93944 33.73104 31.95377 31.35713 30.33613 35.04967
36.50717 36.22765 36.60265 35.45293 32.57554 34.99294 35.05242 33.01701 32.18756 37.33959
37.37566 37.57794 37.09219 35.87568 35.74947 35.19112 35.37212 33.35227 32.69712 37.97992
37.42948 37.67897 37.18996 36.04835 37.83266 35.19113 35.37236 33.3641 32.71601 37.98473
37.44345 37.70146 37.21749 36.12806 37.92402 35.19127 35.37255 33.36707 32.7179 37.98552
