13.11257 11.76823 12.94777 13.30204 14.23613 18.26206 15.36979 16.4417 15.89094 20.94822
13.17917 11.8772 13.02973 13.37364 14.52303 18.31809 15.42612 16.51156 15.97034 21.0289
13.2514 12.02682 12.93246 13.50959 14.91358 18.3858 15.64941 16.61158 16.08792 21.3334
13.43732 12.56855 13.10266 13.75363 15.7098 18.3804 15.9205 16.78523 16.29865 21.79543
13.92096 12.14664 13.65685 14.16087 16.36263 18.46232 16.29733 16.73588 16.61102 22.6343
12.60079 10.45596 14.04033 13.80887 13.45698 19.30986 16.56894 17.53136 17.12471 23.81266
12.70416 9.80501 15.04868 13.86382 13.99685 19.18564 18.03324 17.62804 18.12969 24.65936
13.20256 10.41435 16.03537 16.23632 14.79645 20.47182 19.38568 21.66434 20.42768 25.96948
14.84015 11.14759 17.43798 17.78641 15.52716 21.88206 18.81183 24.52831 22.53829 26.73386
15.57089 14.11385 18.02183 18.44916 15.82173 23.628 19.0493 24.46006 24.37999 26.91323
15.70388 13.23188 19.45905 20.52099 16.2703 24.12809 19.7758 22.47099 25.00635 27.0067
17.22822 16.21364 19.61711 19.72537 17.62854 25.30344 20.36987 19.82271 24.54873 25.99003
19.17191 17.35285 21.51899 22.5527 19.23974 25.68357 21.95571 22.8788 25.26841 25.95725
21.82641 20.17225 24.51883 24.64128 21.44544 27.20832 23.42186 24.3127 27.24622 27.85046
25.84071 23.06761 26.65395 28.223 23.75853 29.84595 26.14722 26.78368 28.69556 29.68562
28.58939 25.3231 28.00865 30.09347 26.10159 30.96904 29.98723 29.48737 29.82601 32.0291
31.07261 28.49303 30.76616 32.95049 28.83237 33.89371 34.26503 33.49962 33.18492 35.52875
35.15724 32.49446 34.71747 36.81498 31.36251 35.79153 37.20492 35.92988 35.08542 39.04136
36.38581 38.0362 36.64474 37.41297 39.44492 35.85154 37.26834 35.98882 35.166 39.18959
36.42398 38.07968 36.68531 37.45395 39.50696 35.91036 37.32978 36.04596 35.22393 39.24499
36.46005 38.12106 36.72319 37.49094 39.54447 35.96792 37.39074 36.10187 35.28133 39.29954
