15.38661 13.72838 13.87399 12.32515 13.10042 16.51282 12.70097 16.12343 15.82754 17.47053
15.40907 14.05442 14.0021 12.79243 13.41262 16.61372 12.89475 16.34416 15.9928 17.6298
15.74266 14.80983 14.41742 13.77293 14.02146 16.95548 13.18843 16.98941 16.3896 17.8132
16.7735 14.59391 14.58204 13.82735 13.30285 17.69365 13.77405 17.88088 17.19916 18.15071
16.10976 12.69688 14.51883 10.34136 11.62703 18.79149 14.80808 18.9604 17.15081 17.50664
15.1321 13.83058 15.78626 11.37674 13.20789 18.63873 13.76767 18.5378 16.35488 16.41258
16.18564 15.02197 16.85639 12.30542 14.08664 18.36795 12.49168 17.2906 16.26377 17.07219
17.13181 15.93851 17.37787 12.65256 14.75691 17.81064 12.64995 17.29946 16.49592 18.10317
18.00351 16.82455 17.1771 13.18722 15.52594 18.48499 13.094 18.15419 17.39983 18.95047
19.00732 17.62775 17.9263 14.16795 16.32122 19.25025 13.57754 18.97773 18.18527 19.06358
20.4301 18.90384 19.25225 15.74724 17.49956 20.04257 14.39698 19.97123 19.2662 19.97852
22.72399 21.02468 21.24678 18.06655 19.53988 22.57965 16.32232 20.81568 20.96615 21.59117
25.25318 23.38228 22.66843 20.65058 21.43218 24.71389 18.46734 22.77533 22.9043 23.36502
27.21365 25.40055 24.36767 22.93365 23.4891 26.30864 20.09701 24.63509 25.27546 25.17404
28.92238 27.43186 26.77858 26.02882 25.6015 27.78853 21.6278 26.79513 27.01541 27.02379
31.92627 29.98575 29.35448 28.22896 28.16094 30.03243 23.71278 28.66981 29.54673 30.00666
34.22194 32.08839 31.73719 31.41049 30.34956 32.19134 26.00306 31.04012 31.36651 32.94374
35.70585 34.5937 34.53296 34.77853 33.0046 34.08829 30.19866 33.45528 35.02891 36.51753
36.99928 37.39796 36.1978 37.90497 35.88233 36.43392 33.74362 37.00959 37.03406 38.05113
37.04213 38.03113 37.33489 39.86367 37.7767 36.44041 34.40704 38.36789 37.0341 39.36053
37.05197 38.03569 37.34242 39.88203 37.78648 36.44082 34.40715 38.3681 37.03421 39.36159
