13.13975 13.19234 13.68641 12.34887 13.40181 17.22933 15.18181 16.02409 16.80814 13.75932
13.3802 13.49504 13.90092 12.45125 13.58625 17.24441 15.31894 16.09222 16.89015 13.90039
14.17801 14.45628 14.33541 12.94747 14.17183 17.38759 15.71607 16.24386 17.20176 14.48116
15.33312 14.80043 14.22469 12.72772 13.34482 17.73004 16.51782 16.80485 17.77972 15.53952
12.52875 13.29895 12.32537 11.69379 11.56162 18.98339 16.98009 17.63352 17.64384 14.91465
13.58703 13.9435 12.84455 12.89477 12.58275 19.3964 16.7658 17.69802 15.90706 13.74179
15.15649 14.95308 13.93422 14.22358 13.75699 18.69036 16.69011 16.3779 15.80855 12.96621
15.57352 15.61502 14.17552 15.03887 14.57395 18.01737 16.76494 17.05804 15.76498 13.18782
15.56131 16.06622 14.70684 15.48089 15.36904 18.363 16.83819 17.71977 16.54924 13.73792
16.60723 16.38581 15.38578 16.49578 16.20213 18.52091 16.9328 19.28787 17.48795 14.33442
18.63624 17.348 16.54301 18.54668 17.6038 19.52286 17.70928 20.63794 19.14619 15.45308
21.60541 19.25848 18.6644 21.30153 19.40596 21.1119 19.10783 22.82886 21.80181 17.22562
24.34505 21.10833 20.68387 22.5708 21.38579 23.79792 20.61572 25.0451 24.98476 19.35191
25.58265 22.84609 23.09175 24.84081 23.17961 24.21718 22.33053 27.7781 27.1662 21.41336
27.71497 25.3833 25.22278 27.03766 25.29583 25.59181 24.60411 28.80976 27.6741 23.49766
30.17277 28.22461 27.75027 29.4485 27.65233 27.38319 26.68567 31.3749 30.29519 25.52017
33.49905 30.42126 30.68779 32.2112 29.86781 30.83839 28.51408 33.48915 33.79177 27.36485
36.2044 32.67335 33.48523 34.45275 32.72262 35.0266 30.11056 35.52855 36.24205 29.84377
37.6139 36.00064 36.92862 35.60204 36.37517 36.67708 32.53261 36.2364 36.56987 36.15657
37.72914 37.50398 37.30899 37.11194 37.25001 36.67713 35.41404 36.23633 36.57117 37.61187
37.74927 37.52831 37.31853 37.12383 37.26655 36.67722 35.41425 36.23654 36.57182 37.61205
