12.98889 13.80509 15.48978 14.16204 15.63416 16.86063 17.55913 16.52113 18.17622 15.48593
13.23951 13.95491 15.67152 14.54115 15.85923 16.98153 17.65361 16.72992 18.39621 15.5812
13.88689 14.29601 16.10943 15.32491 16.28533 17.29398 17.79762 17.21716 18.80443 15.93306
14.86822 14.85303 16.88694 16.07375 16.85938 17.74297 18.12758 18.05896 19.36631 16.58222
15.71263 13.97409 17.18191 16.02762 16.46012 18.81357 18.9938 19.12469 20.1848 17.46356
12.1304 11.16189 13.41538 12.52378 12.96745 20.57149 19.51092 20.0561 21.82117 17.04772
11.51544 11.6205 12.86869 11.7144 13.02895 19.33778 19.00439 18.38108 19.7139 13.64366
11.81593 12.41985 13.48492 12.4571 14.01694 19.3563 19.48223 17.87088 18.07083 13.4727
12.64096 13.35271 14.53971 13.53293 14.86738 19.63545 19.98243 17.83762 18.84753 13.76792
13.84052 14.62799 15.42321 14.6284 15.70622 19.28055 19.67436 17.27312 18.61635 14.39721
14.83847 14.97338 16.67267 15.83851 17.20502 19.98458 19.75517 16.80249 18.31731 15.2031
15.55829 16.70752 18.6177 17.43408 18.25074 19.62679 20.27324 17.52475 19.2007 16.29259
17.36137 19.00881 19.68039 19.82429 19.97391 21.06146 21.39383 18.43496 20.29521 18.12467
20.84717 21.50902 22.35996 22.92592 22.15748 23.032 22.749 20.5019 21.77573 20.55043
23.73603 24.49668 24.80509 26.21822 25.23869 24.87314 25.11454 22.77152 23.77719 23.60441
26.21201 27.53497 27.14377 28.84542 28.07897 28.29914 28.90698 25.73738 26.69517 26.88077
29.32629 29.99082 30.35978 31.60883 31.20791 33.30525 36.33018 29.24871 30.78418 30.54505
33.48009 33.65234 33.71333 34.82821 35.53402 37.68719 39.63113 39.69085 39.38419 41.32474
38.48355 42.43658 39.40405 43.81259 40.88167 40.87862 39.69916 39.75876 41.57283 41.39141
40.68816 42.48449 39.44514 43.85887 40.92163 40.95119 39.76657 39.82611 41.63118 41.45631
40.73298 42.52762 39.4856 43.90073 40.96015 41.02128 39.83335 39.89252 41.68948 41.52076
