12.57708 11.18751 12.50702 12.72356 13.42775 17.95534 14.7884 15.63884 15.40057 20.12415
12.65107 11.3807 12.48125 12.80043 13.93566 17.96293 14.77901 15.53628 15.48049 20.38754
12.92039 12.1735 12.52243 13.0965 15.03343 17.92913 15.16908 15.89037 15.73536 21.23577
13.988 12.31816 13.46822 14.00895 15.19305 18.61451 15.53008 16.2258 16.10211 22.56504
12.80391 11.03812 14.05665 14.3085 13.47359 19.69373 16.05145 17.33731 17.57037 23.83103
14.69638 12.51803 15.32174 16.72845 14.58379 20.56582 17.4788 20.57043 20.43805 24.81143
15.32209 13.48043 17.19314 18.52992 15.92301 23.2566 20.02505 20.06057 23.63785 24.89703
16.17504 13.38047 17.32489 18.29075 16.70419 24.05523 19.72543 19.36604 24.22165 25.71529
17.76615 14.38024 18.08821 19.51526 17.35631 25.07712 20.05847 21.63743 23.94378 25.56455
19.23755 16.03265 19.41658 20.61714 18.54543 25.5972 20.65634 23.48868 25.13948 25.64809
22.05831 18.87332 22.44059 22.07888 20.86202 27.00259 22.12588 25.50417 27.04661 26.50548
25.47885 21.22454 24.84567 27.82739 23.52391 30.10385 25.24495 27.53325 28.97351 28.94535
28.6666 24.25735 26.91748 30.69819 26.48552 30.55644 28.04187 28.89299 30.00298 30.44865
31.81067 27.49121 29.55635 33.25243 29.37983 32.10209 29.34492 31.51403 31.28653 32.40775
32.64563 31.34054 31.84677 34.16673 32.40843 33.81134 33.77258 33.30385 32.54377 36.45741
35.73109 35.37069 34.58169 36.27785 36.4276 35.35807 35.04989 34.01744 34.11588 37.19765
36.44212 37.32051 35.9392 36.5465 38.66528 35.35839 35.20176 34.1948 34.24683 37.35522
36.45511 37.32857 35.98737 36.55433 38.66914 35.35846 35.43988 34.22298 34.24698 37.35522
36.4589 37.33051 35.99803 36.55715 38.67086 35.3587 35.45283 34.22388 34.2471 37.35534
36.4599 37.33166 36.00359 36.5579 38.67107 35.3589 35.45949 34.22474 34.24722 37.35528
36.46291 37.33593 36.0152 36.56108 38.6731 35.35913 35.45971 34.22555 34.24718 37.35531
