15.20678 14.03385 14.70533 14.80276 15.94184 20.25374 16.81321 18.17085 17.17524 21.72009
15.26142 14.08484 14.76318 14.85068 16.00368 20.30515 16.92893 18.22846 17.23461 21.81969
15.3705 14.19409 14.82976 14.93117 16.1531 20.3601 17.02331 18.32066 17.31802 21.95614
15.47893 14.47051 14.9297 15.04662 16.40384 20.42421 17.13767 18.43379 17.46517 22.19887
15.82109 15.02568 15.33013 15.25059 16.76178 20.50594 17.24968 18.54212 17.63581 22.49601
16.70961 14.8107 15.82299 15.77495 16.99261 20.63358 17.51844 18.79101 17.87599 22.88672
16.81353 13.08466 15.39519 15.52972 14.67526 21.03432 17.88867 19.37725 18.41297 23.7029
15.59357 12.32991 15.9888 16.33579 14.56526 21.05139 18.38025 19.56712 19.40117 24.06691
16.29255 13.10047 17.15701 16.81007 15.36332 21.94537 19.29645 20.9476 21.04923 24.44569
17.37438 14.01572 17.85533 18.77197 16.03979 22.95977 20.58962 23.48568 22.58797 24.78069
19.59754 14.53828 18.1477 19.96389 17.3791 23.72867 21.20896 24.19741 23.61976 25.03487
22.14271 16.06658 18.68963 21.61274 18.48876 24.37182 21.13783 24.08323 23.7596 25.83381
22.7227 17.66133 20.68262 22.48293 19.58716 25.31691 21.43788 23.83156 23.54943 26.46676
24.35585 18.63832 21.77083 23.55076 21.26514 26.1413 22.61484 24.27317 24.31577 27.99567
25.51832 20.59983 24.00443 26.02127 23.27969 27.39544 23.98869 24.80736 25.00915 29.46803
27.62328 21.83612 25.18418 27.68779 25.6143 28.90948 25.8292 25.37056 26.16573 30.96153
28.82205 23.74549 27.44496 29.11624 27.63166 30.64618 27.56091 27.01859 27.97093 32.21599
30.35134 26.95382 30.00432 30.99264 30.50685 32.92895 30.71164 30.63148 31.27142 33.1301
33.99384 31.7364 34.20683 35.5362 34.10328 36.75229 35.52835 35.42263 35.40272 35.56433
37.72535 37.91553 37.29031 38.51828 39.94189 38.05345 37.23495 36.36537 36.57519 40.70374
37.83638 37.99891 37.37809 38.58182 40.6512 38.11236 37.30054 36.42085 36.63475 40.75792
