12.67573 13.13354 14.79813 14.14572 15.20119 15.93171 17.23436 16.36458 17.36963 15.59738
12.88146 13.22518 15.00298 14.4978 15.42343 16.0557 17.27597 16.4946 17.52003 15.71444
13.57629 13.48688 15.6157 15.11476 15.75242 16.34797 17.49686 16.83232 17.78854 16.05927
14.27252 13.77835 16.17054 15.81688 16.32683 16.75314 17.93723 17.31673 18.32181 16.6008
14.99459 13.50301 16.34582 15.67129 16.0183 17.46552 18.5044 18.11919 19.04639 17.31717
11.84309 10.83758 12.76657 12.60436 14.6244 18.46604 18.72821 19.04088 20.19724 17.80015
12.31809 11.72802 12.85769 12.66041 15.07872 18.35506 19.76485 16.87531 17.36173 14.21156
14.19556 12.70321 14.05876 14.03005 15.49698 19.18905 20.47481 17.1959 17.7344 16.62302
14.9765 13.65433 14.85294 14.91162 16.293 20.28593 20.88496 17.60415 19.96382 18.10989
15.11453 14.43916 15.55315 15.76262 17.13966 20.53805 21.42456 18.38233 21.47544 17.81327
15.7433 15.10718 16.38006 16.72037 17.71545 20.87017 22.08915 19.31629 20.27738 17.35776
16.30817 16.48553 17.40301 17.84708 19.0002 21.08753 22.67069 19.33843 20.66219 18.13116
17.79198 18.30446 18.74828 19.47851 20.19715 20.91136 21.86921 20.03484 21.312 19.21331
19.84238 20.53608 21.09372 21.46097 22.17682 21.08038 22.77777 19.21493 21.48712 20.86904
21.99613 22.80757 23.35154 24.23689 24.34256 22.73684 24.28521 20.57639 23.3794 23.02141
24.34258 25.32904 25.77428 27.00163 27.03648 24.84347 26.19731 23.1434 25.12886 25.39665
26.6823 29.34449 28.25714 29.99279 29.90592 27.02406 28.92168 25.5616 27.35026 28.08599
29.83942 31.6964 30.81161 33.41943 32.87139 30.2137 32.51119 29.64561 30.06216 31.23538
33.97711 34.83332 33.62912 36.19788 35.5758 34.11199 36.71941 33.36725 36.13054 36.82233
38.84601 41.89247 38.54363 41.33939 40.3981 40.41853 40.23026 39.02658 41.21173 41.91764
40.56592 41.96148 38.93525 43.36459 40.44113 40.47615 40.29416 39.08088 41.26621 41.96922
