14.91445 14.73588 14.0478 13.15858 13.57829 17.78723 16.66763 18.45732 19.60926 18.66493
15.04116 14.78244 14.14279 13.27938 13.79643 17.8294 16.82317 18.50007 19.69099 18.82775
15.25451 14.92374 14.32349 13.46637 14.20221 17.87374 17.21144 18.54785 19.93021 19.11634
15.85886 15.42879 14.65103 13.8186 14.72617 17.92902 17.74197 18.65366 20.23425 19.64037
17.1272 16.25996 15.7217 14.93856 14.53388 18.17314 18.34824 18.88537 20.75521 20.34138
15.07133 15.23264 14.25168 13.79194 12.57782 19.10543 19.44096 19.52719 21.16127 21.31923
13.73556 15.61706 13.99325 12.36832 12.82678 19.8623 20.66551 19.96827 21.71974 20.30537
14.60113 16.9082 15.46358 13.55839 13.89715 19.7948 21.90553 20.67062 24.71704 21.106
15.66596 18.04572 16.55359 14.50081 14.56515 20.62673 22.41554 21.88182 26.33841 21.70483
16.8566 19.18961 17.4285 15.25983 15.10404 21.82884 22.54929 22.28537 27.0695 21.80886
17.95748 20.59489 18.40681 15.69658 16.02725 22.87925 20.6052 22.37011 27.53258 21.97766
19.211 21.49019 18.66154 16.32062 16.49136 23.64534 21.02662 23.32746 26.37479 22.91106
20.9874 22.43859 19.82477 17.82181 17.87552 24.06886 18.97515 24.82862 26.04373 24.43868
23.50734 24.35434 21.95394 19.50971 19.58714 23.08339 20.07011 26.31949 26.20001 25.63781
25.90278 26.1693 24.10381 22.41526 21.64345 25.78855 21.93041 27.7955 27.42644 27.22504
27.37719 27.73654 26.36546 25.0366 24.09576 29.02996 24.16979 30.06367 30.30701 29.67329
29.2065 30.06867 28.45491 27.65884 26.50821 30.61396 26.83785 32.45184 32.20377 31.89651
32.2731 32.43623 30.91775 30.6677 28.59183 34.25121 29.95678 33.204 35.03893 33.70837
35.16023 34.51076 34.45467 34.41143 31.10292 39.13058 34.94721 36.63972 38.51334 35.80807
38.55553 37.2329 38.257 38.04992 39.27607 39.42469 38.35682 36.95782 39.30742 41.54644
38.6498 37.3296 38.35736 38.12621 39.34798 39.47436 38.40917 37.01056 39.35371 41.60123
