16.37261 14.21717 14.01889 14.37849 14.59017 16.16301 15.61961 15.5287 13.01167 18.42459
16.47571 14.29784 14.08165 14.4486 14.73083 16.18034 15.68326 15.57042 13.06648 18.49183
16.67465 14.55827 14.25434 14.57048 15.1609 16.24356 15.82223 15.61358 13.14522 18.62372
16.9468 15.00982 14.57829 14.7946 15.67924 16.3936 15.95347 15.66351 13.23626 18.88592
17.53078 15.80306 15.24091 14.97318 16.07572 16.59537 16.16703 15.78497 13.36956 19.3771
17.22041 15.13692 14.37609 13.77121 13.81407 17.00484 16.69297 16.15616 13.78546 20.28647
17.6605 14.69831 14.79961 12.91959 13.38378 17.23458 17.77883 16.67993 13.5701 21.55553
18.16705 14.82811 15.72318 13.86352 13.66328 17.48198 19.09904 16.78366 12.09276 22.92091
19.14556 15.83973 16.3408 15.51005 14.78628 19.5195 21.26561 18.49662 11.51129 23.97425
20.15282 17.04458 17.50669 16.74144 15.6315 20.993 22.64695 19.26326 12.26424 25.34766
21.17233 18.81742 18.23051 18.5607 16.47754 19.65489 22.77928 19.89822 14.09514 26.57619
22.26433 19.69274 19.50051 19.41475 16.87853 19.05134 22.93125 20.6334 17.4355 27.71368
24.1178 19.97002 19.95068 20.72424 17.95975 19.61065 23.31637 21.6787 17.57642 27.66857
26.06978 21.86933 22.83215 22.79478 19.4837 21.09406 23.73634 22.62636 18.90171 26.22495
28.70479 23.85305 24.70996 25.25102 21.41766 23.19191 25.18217 25.07646 22.3983 27.10178
29.74752 25.38837 25.52117 27.02952 23.49644 25.29975 26.5514 27.4277 25.12309 29.75024
31.76582 27.5448 28.16228 29.54005 26.2435 29.57056 27.61682 28.77002 26.23917 31.09026
33.96584 29.98936 31.84994 31.71733 29.03679 31.54771 30.62093 30.19354 28.68478 33.3011
36.1513 33.38617 35.25171 34.41906 31.21425 34.0352 35.17906 31.51381 31.68147 37.25191
37.01889 36.66517 36.75794 36.06837 37.43523 34.59193 35.75297 32.61522 32.74992 37.94945
37.06505 36.73686 36.84907 36.16893 37.51478 34.63379 35.80176 32.66963 32.79504 37.99449
