14.26665 13.62232 14.72155 12.92199 14.71999 16.95225 16.90331 17.42014 17.94638 15.43452
14.34456 13.71949 14.777 12.96542 14.878 17.00725 16.98945 17.47355 18.0221 15.48587
14.66538 13.95699 14.90351 13.25302 15.04039 17.10103 17.20103 17.61886 18.14064 15.61168
15.08969 14.24453 15.18647 13.57491 15.45529 17.19753 17.42995 17.80001 18.34297 16.05719
15.67113 14.7973 15.22046 14.16276 15.74675 17.33666 17.7429 18.10845 18.75665 16.64934
15.248 14.03723 13.80294 13.2664 12.75236 17.71459 18.35741 18.62158 19.65661 17.46495
15.04708 13.54474 13.45563 13.15039 11.66376 18.74283 17.75108 18.30668 18.50269 14.80057
16.87959 13.95295 15.85064 13.92728 12.18927 17.32239 16.85085 17.62406 17.32871 13.57286
16.41971 14.41542 15.40235 14.4223 13.62805 21.26886 17.01476 18.7176 17.81761 13.59787
15.83252 14.92138 15.99809 15.163 14.647 17.78191 17.5292 20.07992 18.3382 14.10699
16.41165 15.74045 16.37099 15.88654 15.10916 17.88792 18.06362 20.10771 19.07317 14.14204
18.38293 17.48597 17.5361 16.6186 16.24198 17.98259 18.70664 20.93933 20.04341 13.87162
19.66023 18.62065 18.0098 17.88515 17.67048 19.15431 19.61415 22.3883 20.94083 14.82199
21.32943 20.59463 19.63018 20.36404 19.49935 20.88053 20.77659 22.86503 21.75766 16.38314
25.29008 22.70915 21.75636 23.6591 22.01971 22.586 22.70567 24.30638 22.90231 18.32765
27.90853 25.29843 24.50686 27.31032 24.71448 24.60558 24.59694 25.94474 25.03144 20.13571
29.34402 27.70967 27.03315 29.19311 26.84674 27.23217 26.80154 28.82266 28.0773 22.34373
32.35638 29.53293 29.83014 30.21475 30.07323 28.8753 28.85575 31.44281 33.04119 24.78097
37.93456 33.70145 35.788 35.9381 33.83982 39.44321 32.8433 39.38868 38.50141 27.51402
40.92554 40.61748 41.2452 39.69947 41.1434 39.79187 39.8072 39.74653 40.32121 40.53949
40.96735 40.6652 41.29235 39.74267 41.18893 39.85118 39.88279 39.81349 40.3969 40.6041
