4.0106 4.35517 3.63777 3.82733 4.00563 4.4471 4.51361 3.61562 4.01978 4.40654
4.02112 4.37243 3.65096 3.83766 4.01826 4.46566 4.52982 3.62896 4.05449 4.42409
4.03242 4.39488 3.66481 3.8489 4.03175 4.48652 4.54689 3.64328 4.07468 4.44266
4.04842 4.42279 3.6913 3.86137 4.05759 4.51059 4.57618 3.65886 4.09527 4.46245
4.06709 4.45239 3.69606 3.87596 4.07852 4.53364 4.59476 3.67374 4.11405 4.48169
4.08769 4.4846 3.7207 3.89256 4.09603 4.5576 4.6157 3.69015 4.13718 4.50107
4.11017 4.50911 3.72571 3.91537 4.11445 4.59036 4.64048 3.72338 4.16533 4.5227
4.14099 4.58325 3.7546 3.95322 4.14379 4.63129 4.6776 3.75201 4.20486 4.54725
4.19153 4.65484 3.77256 3.99719 4.15788 4.67546 4.71931 3.78327 4.25094 4.57827
4.28651 4.76004 3.84555 4.0795 4.25692 4.73899 4.83239 3.83329 4.31028 4.63466
4.86938 5.41426 4.6352 4.6191 4.7089 5.06871 4.98115 3.91562 4.58952 5.07846
6.75936 7.18372 6.0802 6.59925 6.80839 7.12454 6.81557 5.23593 5.85284 6.6916
9.31899 9.95463 8.41777 9.21533 9.32225 10.15354 9.25008 7.61064 8.00121 8.86735
11.06959 11.38452 10.18122 10.61455 10.9665 11.20592 10.64537 9.86919 9.88795 11.06371
11.58672 11.71543 11.01616 11.19814 11.41022 11.5784 11.54494 11.17748 11.4584 11.73223
11.76 11.76 11.57126 11.73876 11.76 11.75089 11.68991 11.3271 11.67044 11.76
11.76 11.76 11.76 11.76 11.76 11.7545 11.69396 11.34744 11.67329 11.76
11.76 11.76 11.76 11.76 11.76 11.75792 11.69802 11.36877 11.67613 11.76
11.76 11.76 11.76 11.76 11.76 11.76 11.70208 11.38793 11.67898 11.76
11.76 11.76 11.76 11.76 11.76 11.76 11.70613 11.40577 11.68183 11.76
11.76 11.76 11.76 11.76 11.76 11.76 11.71019 11.41637 11.68468 11.76
