3.74746 3.8258 3.77355 3.591 3.76245 4.60853 4.22131 4.25547 4.48181 4.17747
3.75659 3.8367 3.78346 3.59962 3.77158 4.61941 4.23268 4.26491 4.49321 4.18891
3.76604 3.84825 3.79759 3.61313 3.7819 4.6323 4.2449 4.27507 4.50516 4.20072
3.77746 3.86353 3.81136 3.62146 3.79308 4.65096 4.26205 4.28592 4.51779 4.22061
3.79262 3.88767 3.82499 3.6374 3.80421 4.67235 4.29812 4.30187 4.55335 4.227
3.80765 3.91309 3.83883 3.653 3.81522 4.69226 4.31601 4.31353 4.56766 4.24525
3.82737 3.94006 3.85799 3.67057 3.82636 4.71252 4.33235 4.33483 4.58385 4.2583
3.85114 3.96644 3.87274 3.69294 3.83797 4.73343 4.33385 4.34937 4.60602 4.27683
3.98525 3.9998 3.89008 3.72039 3.85411 4.76758 4.37224 4.36962 4.62819 4.29339
4.52876 4.03604 3.90977 3.76168 3.88436 4.80593 4.56359 4.40075 4.6551 4.31395
5.01567 4.36555 3.97466 3.99028 4.08795 4.84943 4.9642 4.43717 4.70277 4.42843
6.48193 5.49456 4.64283 5.95086 5.31412 5.43572 5.31113 5.40829 5.45274 5.18807
7.63255 6.20076 5.75075 7.67585 7.15714 6.50996 6.23965 6.83958 6.19795 5.75907
8.30529 7.2425 7.33589 8.54397 8.10227 7.73445 7.4473 7.94848 6.85358 6.423
9.41617 8.7837 9.25033 9.4513 9.46762 9.21824 9.25828 8.85618 7.4918 7.03884
10.69338 10.44531 11.03059 10.6144 10.20299 10.31444 10.26896 9.51564 8.65708 7.71077
11.40212 11.25344 11.43714 11.37208 11.00963 10.98949 11.02243 10.32953 9.69682 8.27644
11.47744 11.58109 11.5315 11.51868 11.74326 11.70071 11.34701 11.49828 10.49558 10.21303
11.76 11.76 11.58848 11.72354 11.76 11.76 11.76 11.74158 11.76 11.76
11.76 11.76 11.76 11.76 11.76 11.76 11.76 11.74349 11.76 11.76
11.76 11.76 11.76 11.76 11.76 11.76 11.76 11.74542 11.76 11.76
