3.54467 3.87547 3.76385 3.93289 4.04405 4.15918 4.73093 4.23601 4.80897 4.60759
3.55578 3.88648 3.77331 3.94482 4.05897 4.17193 4.7449 4.24892 4.82737 4.62011
3.56714 3.96161 3.78288 3.95287 4.07572 4.1849 4.76011 4.27059 4.84911 4.63334
3.57943 4.15221 3.79379 3.98756 4.09313 4.19845 4.7791 4.28604 4.8739 4.64717
3.59306 4.17276 3.79946 4.01219 4.11272 4.21217 4.79781 4.30497 4.90753 4.66497
3.60851 4.19632 3.81958 4.04209 4.13614 4.22593 4.81683 4.3466 4.93911 4.68403
3.62527 4.22189 3.83795 4.08343 4.15641 4.23947 4.84161 4.37365 4.96855 4.70322
3.64363 4.25095 3.86153 4.13298 4.17933 4.2545 4.87262 4.39897 5.00378 4.70837
3.66584 4.28808 3.89053 4.18639 4.20615 4.27984 4.90682 4.4385 5.04644 4.75129
3.70368 4.3565 3.94136 4.25014 4.26079 4.31786 4.95854 4.50036 5.09693 4.78369
3.93678 5.09993 4.52478 4.50269 4.98514 4.86112 5.03196 4.56764 5.1635 4.86717
5.58603 7.31651 6.22763 5.76757 6.45212 5.56339 6.56675 5.7408 5.95967 5.7575
7.41544 9.0164 8.05939 7.12596 7.82709 7.0291 7.74264 7.2334 7.57306 6.63386
9.01117 9.91105 9.21528 8.58001 8.87256 8.51731 8.71974 7.8328 8.81865 7.39792
10.31301 10.5438 10.39019 10.56036 9.81109 9.84808 9.94396 8.78361 9.37702 8.79788
11.21257 11.12955 11.21161 11.52879 11.09031 10.93882 11.01413 10.03989 10.01529 10.94375
11.49381 11.58568 11.52086 11.70581 11.71659 11.72457 11.76 11.20977 11.41836 11.76
11.64814 11.76 11.61744 11.76 11.76 11.76 11.76 11.65954 11.65284 11.76
11.76 11.76 11.76 11.76 11.76 11.76 11.76 11.75555 11.76 11.76
11.76 11.76 11.76 11.76 11.76 11.76 11.76 11.75964 11.76 11.76
11.76 11.76 11.76 11.76 11.76 11.76 11.76 11.76 11.76 11.76
