3.25723 3.7575 3.44915 3.5742 3.54271 3.85148 4.09144 4.06846 3.84288 3.92198
3.26724 3.77093 3.45973 3.58399 3.55686 3.86261 4.10392 4.08012 3.85456 3.9574
3.27744 3.7848 3.46917 3.59777 3.58057 3.8738 4.11658 4.09199 3.86702 3.94717
3.28836 3.79969 3.48185 3.62034 3.59823 3.89886 4.13039 4.10494 3.88028 3.98379
3.29933 3.81653 3.49426 3.64445 3.61762 3.89774 4.15098 4.11996 3.89324 3.99729
3.3101 3.84594 3.50671 3.67647 3.6381 3.9096 4.14748 4.13644 3.91052 4.01136
3.32214 3.86757 3.5266 3.70251 3.66375 3.9349 4.16174 4.15486 3.9295 4.02821
3.33543 3.90325 3.5414 3.73747 3.68892 3.94705 4.17039 4.17495 3.95054 4.04424
3.37131 3.94681 3.57603 3.78044 3.71924 3.96497 4.196 4.20264 3.97146 4.0631
3.41977 3.99952 3.60911 3.82538 3.75803 3.97625 4.23691 4.23672 3.99672 4.065
3.68663 4.1504 3.83735 4.11319 3.86949 4.01711 4.29101 4.29058 4.03797 4.10753
4.78591 5.59008 4.90845 6.12743 4.99597 4.46068 5.42514 5.04226 4.87097 6.00179
6.68297 6.46637 6.54919 7.76991 7.10335 5.52029 6.39746 5.96513 6.71278 7.68586
8.31753 7.49524 8.30296 9.15169 8.48934 6.28498 7.23135 7.30235 7.43062 8.52476
10.0018 8.94011 10.24258 9.97505 10.14727 7.27635 8.3335 9.06368 8.56029 9.17421
10.91776 10.26472 10.9905 10.85322 11.00678 8.81057 9.517 10.13723 9.85099 10.46668
11.39726 11.23204 11.38917 11.43694 11.39295 10.43608 10.67613 11.25668 10.95537 11.01815
11.596 11.52523 11.67417 11.66306 11.74341 11.42163 11.53494 11.46299 11.43715 11.51628
11.76 11.76 11.68123 11.76 11.75367 11.76 11.55356 11.51564 11.60166 11.54367
11.76 11.76 11.68709 11.76 11.75605 11.76 11.57217 11.75818 11.61171 11.55597
11.76 11.76 11.69294 11.76 11.75843 11.76 11.59047 11.76 11.6218 11.56832
