3.42209 3.6876 3.638 3.787 3.97461 4.04266 4.2873 3.72449 4.58227 4.5681
3.42977 3.69531 3.64616 3.79723 3.99045 4.05187 4.30229 3.73334 4.59044 4.57831
3.43793 3.7046 3.66087 3.81639 4.00996 4.11172 4.3188 3.74257 4.60149 4.59043
3.4504 3.71887 3.67927 3.84039 4.0297 4.16887 4.33896 3.75281 4.61432 4.60629
3.46539 3.73504 3.69816 3.87427 4.054 4.21304 4.36237 3.76357 4.63378 4.62355
3.48793 3.76034 3.72891 4.00367 4.49612 4.31505 4.39698 3.7777 4.661 4.71771
4.1724 3.97575 3.93429 4.36698 4.6508 4.5821 4.47848 4.02203 4.95094 5.72951
5.37907 5.35513 5.57141 5.30738 5.42722 5.29154 4.92899 5.27367 6.14255 6.66305
6.22936 6.38123 6.33353 5.94581 6.07088 6.12826 5.6031 6.27443 7.64633 7.44687
7.1509 6.82643 7.07367 6.66159 6.95783 6.69357 7.07689 7.03958 8.62229 8.51747
8.39723 7.43011 7.78712 7.73931 8.08785 7.9792 7.83217 7.741 9.26092 9.37373
9.22176 8.75162 9.06438 8.67281 9.16046 9.71909 8.6528 8.68865 9.58157 9.83685
9.97741 10.17612 9.87657 9.78766 9.94348 10.60893 9.98389 9.68379 10.79951 10.69703
10.6172 10.83983 10.40124 10.33698 10.39039 11.34235 10.41795 10.41251 11.39899 11.4188
11.11212 11.35938 10.84961 11.34044 11.36455 11.59459 11.65937 10.93116 11.75574 11.61203
11.38752 11.71365 11.53749 11.4852 11.69601 11.60459 11.6659 11.29843 11.75769 11.66211
11.58669 11.73762 11.56302 11.49086 11.70036 11.61048 11.67121 11.31359 11.75962 11.66423
11.59367 11.73996 11.56745 11.49625 11.7026 11.6165 11.67675 11.32955 11.76 11.66635
11.60062 11.7423 11.57161 11.50184 11.70482 11.6225 11.68227 11.34542 11.76 11.66846
11.6075 11.7446 11.57597 11.5074 11.70703 11.62847 11.68776 11.36118 11.76 11.67056
11.61443 11.74694 11.58037 11.51304 11.70926 11.63448 11.69328 11.37707 11.76 11.67267
