3.88306 5.33823 4.07983 4.30395 4.1741 4.99344 4.89533 4.39532 5.06379 4.49389
3.89511 5.35373 4.09226 4.32231 4.18948 5.01719 4.9118 4.41059 5.06929 4.51287
3.90795 5.37465 4.10551 4.34183 4.20985 5.02272 4.93007 4.42917 5.10396 4.53484
3.89809 5.37924 4.12041 4.36614 4.23282 5.06236 4.95425 4.4522 5.12778 4.56077
3.91287 5.40331 4.13601 4.40219 4.26027 5.08529 4.97831 4.47232 5.16252 4.59028
3.98144 5.45927 4.15412 4.44226 4.28402 5.09333 5.0039 4.49462 5.18772 4.6304
4.00725 5.50297 4.15415 4.47925 4.33636 5.15163 5.04708 4.51753 5.21845 4.66686
4.10258 5.55199 4.18093 4.53165 4.76177 5.16088 5.08172 4.5406 5.23719 4.69955
4.45241 5.61628 4.20924 4.60474 5.0189 5.1952 5.11573 4.56611 5.26489 4.73572
4.59065 5.75508 4.28318 4.70932 5.10883 5.24486 5.15174 4.60146 5.29651 4.77749
5.29832 6.28743 4.64464 5.14339 6.01124 5.29773 5.3058 4.65104 5.44465 5.14568
7.72005 8.35137 6.66701 6.93357 8.28698 6.34575 7.08289 6.03069 6.62376 7.0197
10.04706 10.25107 9.03494 8.83477 9.83227 9.46676 9.73737 8.00169 8.80982 9.20811
10.8701 10.99541 10.79062 10.49164 10.60674 11.05315 11.30177 9.81622 10.5309 10.99951
11.51065 11.23614 11.76 11.35129 11.20767 11.69583 11.66275 11.41815 11.7068 11.51949
11.71127 11.76 11.76 11.60178 11.72422 11.76 11.67538 11.68429 11.76 11.54045
11.71613 11.76 11.76 11.76 11.72716 11.76 11.68407 11.68886 11.76 11.55363
11.72253 11.76 11.76 11.76 11.73012 11.76 11.69277 11.69342 11.76 11.5671
11.72893 11.76 11.76 11.76 11.73307 11.76 11.7005 11.69799 11.76 11.57794
11.73533 11.76 11.76 11.76 11.73602 11.76 11.70919 11.70255 11.76 11.58719
11.74313 11.76 11.76 11.76 11.73898 11.76 11.71784 11.70712 11.76 11.59644
