4.6463 4.71144 4.43323 4.65678 4.94432 5.20234 5.42505 4.90653 5.01057 5.13314
4.66051 4.70475 4.43889 4.66303 4.95415 5.20565 5.43289 4.91332 5.01662 5.13982
4.68449 5.07902 4.44657 4.66939 4.96473 5.21352 5.44103 4.92186 5.02273 5.14653
4.71212 5.09179 4.4541 4.68055 4.98636 5.21871 5.44958 4.93077 5.03126 5.15346
4.74906 5.10876 4.46754 4.69435 5.02816 5.22749 5.45813 4.94245 5.04367 5.1604
4.79392 5.1308 4.49018 4.71196 5.07702 5.24161 5.47356 4.95602 5.08455 5.16714
4.88479 5.76092 4.65682 4.94747 5.17994 5.52006 5.50715 4.98769 5.51869 5.36292
6.07404 6.61197 5.45613 6.98131 5.46733 6.62968 5.89195 5.59573 6.44419 6.5896
6.61751 7.15397 6.17028 8.17885 5.75944 7.57373 6.39328 6.34436 7.17898 7.10164
6.90141 7.99256 7.10595 8.97171 7.18062 8.6494 7.08962 6.65261 8.19348 8.0688
7.4037 9.34827 7.86539 9.68493 8.34501 9.63108 7.83513 7.43586 9.58609 8.59958
8.42662 10.1027 9.05626 10.69018 9.21508 9.87321 9.6101 8.33669 10.18957 9.73079
9.50115 10.57405 9.7483 10.89926 9.81194 10.40657 10.00557 9.87724 10.73 10.30995
10.30657 11.02013 10.13758 11.11726 10.58104 10.61899 10.39143 10.76685 10.9153 10.47354
11.2138 11.54904 10.46166 11.2245 11.2592 10.79299 10.65393 11.41866 11.13858 10.69576
11.76 11.7318 11.27547 11.2326 11.76 11.08886 10.72948 11.71689 11.39764 11.19034
11.76 11.76 11.55306 11.40979 11.76 11.15898 10.95392 11.75239 11.64797 11.22454
11.76 11.76 11.63475 11.76 11.76 11.38207 11.76 11.76 11.76 11.66889
11.76 11.76 11.6661 11.76 11.76 11.66391 11.76 11.76 11.76 11.76
11.76 11.76 11.75676 11.76 11.76 11.76 11.76 11.76 11.76 11.76
11.76 11.76 11.75901 11.76 11.76 11.76 11.76 11.76 11.76 11.76
