3.7242 4.57745 3.81151 3.50713 3.70746 4.74471 4.53697 4.20484 4.37713 4.21455
3.73601 4.58934 3.82345 3.51664 3.71833 4.75538 4.55739 4.21939 4.38925 4.22734
3.74841 4.6027 3.83668 3.52681 3.72981 4.76882 4.57143 4.23469 4.4019 4.24078
3.76196 4.61756 3.85096 3.5389 3.74613 4.78454 4.59373 4.25152 4.41593 4.25803
3.7789 4.63321 3.86446 3.55198 3.76191 4.80046 4.61598 4.26509 4.43094 4.27475
3.79993 4.65248 3.87779 3.56575 3.78037 4.81672 4.63175 4.28396 4.4467 4.29151
3.82362 4.67799 3.89097 3.58296 3.80031 4.83548 4.65384 4.29795 4.46519 4.30922
3.8627 4.71162 3.90652 3.60341 3.80433 4.85411 4.68301 4.32224 4.49079 4.33675
3.9103 4.75144 3.93588 3.63693 3.8425 4.87728 4.72581 4.34951 4.52013 4.36077
3.96776 4.80693 4.27668 3.70672 3.92077 4.90977 4.78543 4.38761 4.56964 4.3899
4.30421 5.33771 4.75633 4.43268 4.22246 5.02964 5.11419 4.46768 4.90187 4.57358
6.16271 7.21648 6.48313 6.50613 5.96073 7.09709 6.20978 5.68327 6.59424 6.60941
8.10575 8.75851 8.12955 7.99715 7.3645 9.18629 7.53203 7.67096 8.73429 8.67277
9.43227 9.72641 9.77278 9.27712 9.11834 10.27787 8.56931 9.78476 9.75083 9.58942
10.73072 10.65565 10.84066 10.54647 10.57285 10.87728 9.96583 10.61583 10.72129 10.52835
11.37635 11.62855 11.57542 11.30043 11.24553 11.37329 10.91265 11.52359 11.38683 11.00322
11.70158 11.76 11.76 11.58073 11.60209 11.76 11.74269 11.69233 11.73478 11.60406
11.73486 11.76 11.76 11.64626 11.67479 11.76 11.76 11.74706 11.7369 11.72396
11.74041 11.76 11.76 11.76 11.76 11.76 11.76 11.7509 11.73905 11.72712
11.74601 11.76 11.76 11.76 11.76 11.76 11.76 11.75477 11.7412 11.7303
11.7495 11.76 11.76 11.76 11.76 11.76 11.76 11.75866 11.74336 11.7335
