3.70322 3.73838 3.33705 3.38811 3.59374 3.88801 4.04301 3.70227 3.36568 3.81468
3.71503 3.74882 3.35774 3.39706 3.60282 3.89853 4.0677 3.70637 3.37585 3.81646
3.72996 3.76057 3.36984 3.40628 3.61415 3.91272 4.08075 3.73016 3.38621 3.8579
3.74829 3.77454 3.37079 3.4162 3.62737 3.92948 4.09917 3.74652 3.39746 3.86114
3.77012 3.79189 3.40798 3.42656 3.6419 3.94677 4.09687 3.76366 3.40884 3.88234
3.78898 3.80949 3.42343 3.44009 3.65386 3.96917 4.13003 3.77295 3.42014 3.90503
3.80874 3.83554 3.4362 3.45649 3.66822 3.99729 4.14768 3.79174 3.43142 3.94495
3.83145 3.86517 3.4597 3.47646 3.68957 4.03204 4.20056 3.81489 3.4439 3.97067
3.86582 3.90122 3.48127 3.50879 3.71402 4.06605 4.24328 3.83929 3.46178 3.98012
3.92132 3.94286 3.50447 3.57872 3.74954 4.10376 4.29402 3.87148 3.58811 4.00813
4.34631 4.11001 3.71525 3.95623 4.03798 4.18084 4.59921 4.05829 3.78288 4.06181
5.66464 5.57614 5.15404 5.17701 5.25792 4.9837 5.65679 5.14035 4.64171 4.37441
7.24621 7.1273 6.72551 6.77518 7.13735 6.34931 7.50912 6.8488 6.04623 5.21879
8.6483 8.39686 8.2028 8.23151 8.49774 8.1652 9.11756 8.02474 7.24015 6.39801
10.25349 9.34024 9.75178 10.0683 10.02661 10.0051 9.90532 9.10263 8.23511 8.3293
11.20367 10.46931 11.01104 10.88256 11.18006 11.12347 10.83378 10.24802 9.70047 10.99437
11.75327 11.30781 11.68461 11.45323 11.49619 11.45878 11.63151 11.20573 10.71168 11.41219
11.76 11.68925 11.76 11.62646 11.59063 11.67382 11.69247 11.58269 10.98813 11.59155
11.76 11.76 11.76 11.76 11.76 11.68293 11.69936 11.70573 11.0123 11.60627
11.76 11.76 11.76 11.76 11.76 11.69181 11.70281 11.70941 11.03658 11.61779
11.76 11.76 11.76 11.76 11.76 11.70066 11.70629 11.71312 11.06069 11.62538
