4.42802 5.15925 4.23256 4.71204 5.50813 4.98279 6.10882 5.53841 5.42476 5.33991
4.42803 5.15958 4.2337 4.71269 5.59953 4.97497 6.10989 5.53848 5.42485 5.33989
4.42804 5.1602 4.23582 4.71381 5.81894 4.97608 6.11207 5.5386 5.42495 5.33986
4.42819 5.16092 4.23977 4.71564 5.82183 4.9909 6.11504 5.53871 5.42512 5.34055
4.42882 5.16258 4.24673 4.71789 5.82708 4.99461 6.11898 5.54103 5.42537 5.34275
4.43042 5.16554 4.25812 4.71997 5.83922 4.99724 6.1247 5.54441 5.42589 5.34735
4.43382 5.16956 4.27219 4.72324 5.85734 5.011 6.13251 5.54569 5.42677 5.3532
4.45272 5.17868 4.28765 4.72808 5.87967 5.01829 6.14386 5.54775 5.42844 5.36076
4.50555 5.20008 4.31261 4.73573 5.91913 5.02516 6.162 5.55134 5.4312 5.37493
4.59968 5.21562 4.39048 4.74826 5.96622 5.04935 6.18888 5.559 5.44468 5.41214
4.87523 5.44799 4.70182 4.87242 6.1314 5.09331 6.2513 5.59519 5.55019 5.4619
6.43339 6.97237 5.73134 5.66416 7.23362 5.39305 6.64495 6.01173 6.5025 6.02825
7.97256 8.41666 7.07407 7.60473 8.41081 6.49212 7.88911 7.30177 8.53777 7.24489
9.49354 9.30125 8.4808 9.18738 8.97846 8.72573 9.17377 8.68838 10.48541 9.22099
10.62714 9.98365 10.02191 10.42039 10.12445 10.44036 10.37936 9.61109 11.42112 10.02775
11.09141 10.51732 10.71133 11.30476 10.78495 11.23811 11.02153 10.79649 11.62609 10.7275
11.42364 11.00694 11.2307 11.64454 11.56521 11.59123 11.50948 11.76 11.70519 11.3061
11.6412 11.31893 11.54056 11.74101 11.76 11.7459 11.65302 11.76 11.75788 11.53397
11.7248 11.70373 11.65749 11.76 11.76 11.74589 11.67227 11.76 11.76 11.58503
11.75777 11.70373 11.74203 11.76 11.76 11.74588 11.71173 11.76 11.76 11.69584
11.76 11.70373 11.75302 11.76 11.76 11.74588 11.71171 11.76 11.76 11.71271
