3.08091 3.30787 3.03467 3.08762 3.39484 3.88078 3.54831 3.60468 3.21746 4.39264
3.08936 3.31886 3.04393 3.09703 3.4043 3.89065 3.55933 3.62918 3.2403 4.42076
3.09836 3.33532 3.05363 3.10931 3.41626 3.90095 3.57228 3.64519 3.25273 4.43258
3.11046 3.34908 3.06378 3.12436 3.43227 3.91329 3.5862 3.67909 3.2664 4.44647
3.12466 3.3611 3.07429 3.14299 3.44816 3.92715 3.59991 3.68423 3.28468 4.46459
3.13914 3.55399 3.08469 3.16285 3.46335 3.94044 3.61559 3.71995 3.29942 4.48284
3.15587 3.71606 3.09696 3.185 3.4783 3.95343 3.63265 3.74052 3.31707 4.50108
3.17546 3.78598 3.11628 3.20969 3.49716 3.96719 3.6507 3.76118 3.33391 4.52421
3.20584 3.83059 3.14306 3.2398 3.52627 3.98406 3.67387 3.78808 3.46886 4.55261
3.25731 3.87519 3.19015 3.27776 3.57081 4.00411 3.71029 3.82343 3.67877 4.5894
3.41708 4.03557 3.69044 3.35645 3.74066 4.24199 3.75552 3.88471 3.72067 4.64978
4.43483 5.08369 5.66774 4.06432 5.26212 5.184 4.86486 4.44098 4.54905 5.18968
5.61342 6.16053 7.5788 5.26603 7.71875 6.46173 6.05641 5.36513 6.00775 6.10201
7.15432 7.13811 8.7093 6.90883 9.15003 7.45623 7.01926 6.10082 7.0451 6.91587
8.64823 8.45531 9.5013 8.67776 10.02442 8.57766 8.4842 6.83262 7.70142 8.5286
10.36912 10.03506 10.47949 10.00024 10.87327 9.6698 10.17764 7.7177 8.70525 9.83596
10.98604 10.89932 11.11756 10.71611 11.35994 10.5226 10.77714 9.12292 10.35061 11.53428
11.15364 11.4786 11.60439 11.17999 11.76 10.92657 11.21957 10.56411 10.89235 11.66666
11.70967 11.7533 11.61715 11.66026 11.76 11.44386 11.35885 11.70711 10.92421 11.67281
11.76 11.76 11.62473 11.76 11.76 11.44656 11.3778 11.73627 10.95019 11.67845
11.76 11.76 11.63238 11.76 11.76 11.44928 11.39645 11.74512 10.9763 11.6841
