3.90664 3.77026 3.29695 3.49818 3.5076 4.22776 4.12096 3.45127 3.56888 3.94269
3.92327 3.7822 3.30803 3.50955 3.51843 4.24044 4.14907 3.46576 3.58191 3.95582
3.93697 3.80048 3.32381 3.52243 3.52977 4.25719 4.16771 3.48245 3.59535 3.9711
3.95291 3.82196 3.33253 3.53742 3.55167 4.277 4.18801 3.50004 3.61203 3.98887
3.97105 3.84337 3.36193 3.55405 3.56464 4.31527 4.21545 3.51999 3.63093 4.00983
3.99078 3.86331 3.38396 3.57124 3.58114 4.34013 4.24057 3.54158 3.65368 4.02745
4.01332 3.88657 3.4018 3.59024 3.59866 4.35805 4.26906 3.56545 3.68451 4.04693
4.06412 3.92192 3.42966 3.6173 3.62395 4.38687 4.3024 3.59437 3.72056 4.07443
4.1331 3.98718 3.46491 3.66473 3.67608 4.42483 4.3617 3.63027 3.77187 4.11076
4.36114 4.30623 3.60169 4.11301 3.81311 4.49684 4.48063 3.69174 3.86039 4.19599
5.37466 5.67901 4.492 5.43184 4.74681 5.5444 5.50375 4.42114 4.75959 5.39306
6.81411 7.41191 5.80626 7.29262 6.4914 6.80781 7.28662 6.12554 6.29218 6.972
8.46817 9.33523 7.5291 8.66998 8.45079 8.63901 8.94044 8.02299 8.11501 8.78177
10.70558 11.00232 9.68143 10.11313 10.03946 10.50514 10.21102 10.55466 9.99257 10.48441
11.56737 11.73704 11.3366 10.90545 11.25077 11.46517 11.41963 11.30696 11.48618 11.69551
11.76 11.75169 11.76 11.66962 11.70378 11.76 11.67148 11.33007 11.64498 11.70077
11.76 11.75599 11.76 11.76 11.76 11.76 11.67544 11.35198 11.64755 11.70476
11.76 11.75968 11.76 11.76 11.76 11.76 11.67938 11.37296 11.65012 11.70874
11.76 11.76 11.76 11.76 11.76 11.76 11.68333 11.39427 11.65269 11.71273
11.76 11.76 11.76 11.76 11.76 11.76 11.68727 11.41559 11.65526 11.71672
11.76 11.76 11.76 11.76 11.76 11.76 11.69122 11.4366 11.65783 11.7207
