3.82323 3.92554 3.36038 3.50315 3.70492 4.45172 4.31035 3.82954 3.97685 4.05188
3.83231 3.93898 3.36931 3.51226 3.72237 4.46176 4.32193 3.84063 3.99172 4.06199
3.8418 3.95508 3.37861 3.52172 3.73679 4.47391 4.33695 3.85226 4.00928 4.07446
3.85222 3.97783 3.38856 3.53342 3.75225 4.48958 4.35221 3.86479 4.02856 4.08837
3.86548 4.0027 3.39873 3.54608 3.76976 4.53514 4.36768 3.87898 4.04817 4.10246
3.88186 4.04307 3.4087 3.55904 3.78626 4.54866 4.38352 3.89538 4.06824 4.12285
3.90252 4.07301 3.41887 3.5736 3.7995 4.57096 4.40111 3.9138 4.09434 4.13648
3.92588 4.20642 3.42978 3.59498 3.82009 4.60159 4.42028 3.94551 4.12303 4.15377
3.96859 4.45602 3.44686 3.62635 3.84493 4.62711 4.44368 3.96973 4.15785 4.17319
4.02885 4.51822 3.49577 3.67095 3.89929 4.65899 4.46923 4.00081 4.19839 4.20841
4.42776 4.8327 3.96421 4.14378 4.201 4.70922 4.52271 4.10165 4.28853 4.25134
6.17911 6.57588 4.98418 6.2154 5.52325 5.05485 5.60511 5.0862 5.29364 4.87829
7.87752 8.14788 6.53735 8.29429 7.05758 6.21736 7.37808 6.69619 7.35794 5.89846
9.38595 9.34909 8.26064 9.52958 8.31362 8.32118 8.7126 8.31463 9.4636 7.16799
10.6006 10.84132 9.86255 10.41989 9.8397 9.96897 9.63531 9.8048 10.35062 8.48335
11.51461 11.47059 10.98833 11.14107 10.851 10.9982 10.2118 10.75451 11.40935 10.38701
11.76 11.74934 11.51417 11.51801 11.48473 11.4791 10.96308 11.45584 11.69415 11.44706
11.76 11.76 11.71086 11.66518 11.58516 11.64444 11.19277 11.72019 11.72431 11.7397
11.76 11.76 11.76 11.76 11.76 11.76 11.74284 11.72676 11.72694 11.74615
11.76 11.76 11.76 11.76 11.76 11.76 11.75159 11.73069 11.72958 11.74973
11.76 11.76 11.76 11.76 11.76 11.76 11.75496 11.73464 11.73225 11.75332
