3.41352 3.24755 3.28147 3.11138 3.27251 2.84211 3.04948 2.64657 2.7618 3.29171
3.42199 3.25577 3.28839 3.11886 3.28047 2.84887 3.05693 2.65373 2.77839 3.29878
3.43253 3.26545 3.29561 3.12831 3.28869 2.85624 3.06682 2.66095 2.79516 3.30662
3.44487 3.2767 3.30384 3.14004 3.29961 2.86507 3.07844 2.66814 2.80881 3.31658
3.4603 3.28999 3.31411 3.15368 3.31325 2.87554 3.09277 2.67594 2.82191 3.32937
3.47776 3.30748 3.3282 3.17165 3.33023 2.89048 3.11236 2.68527 2.83573 3.3472
3.49885 3.33065 3.3468 3.19294 3.3505 2.90819 3.13373 2.69591 2.85131 3.36894
3.54016 3.36707 3.39793 3.29252 3.3941 3.01832 3.18282 2.76807 2.87494 3.45664
3.66299 3.52727 3.5443 3.68701 3.51697 3.22487 3.32332 2.99341 3.03108 3.72947
4.10213 3.97613 3.9282 4.41645 3.71776 3.71833 3.75357 3.50955 3.4637 4.37546
4.83947 4.69378 4.63786 5.50692 4.31331 4.55776 4.46848 4.25808 4.20515 5.33087
6.11237 5.90946 5.71152 6.73201 5.10104 5.61347 5.3718 5.29856 5.35089 6.65604
7.33418 7.36434 7.12622 7.94146 6.56014 6.62405 6.77639 6.43377 6.69158 8.15395
8.67365 8.75998 8.59817 9.00167 8.30635 7.61285 8.14485 7.42438 7.6806 9.37229
10.20921 9.96292 9.83357 9.84141 9.91651 8.85935 9.35503 8.44556 8.60014 10.36717
11.281 11.10228 10.92658 10.73886 10.68528 10.17631 10.58406 9.84591 9.67924 11.32304
11.64983 11.53982 11.61148 11.40323 11.08066 11.04439 11.33578 10.60679 10.63887 11.63388
11.74585 11.75446 11.75306 11.69028 11.4569 11.44926 11.61143 11.06945 11.20027 11.76
11.75647 11.76 11.76 11.70471 11.72753 11.49781 11.68653 11.26229 11.48386 11.76
11.75829 11.76 11.76 11.70661 11.74486 11.50321 11.68835 11.31312 11.54385 11.76
11.76 11.76 11.76 11.70852 11.74972 11.50837 11.69018 11.32818 11.56179 11.76
