3.75422 4.198 3.77644 3.9981 4.51776 4.31661 4.14559 4.74627 4.94485 4.82794
3.7638 4.21617 3.79335 4.00819 4.53052 4.33447 4.15946 4.75807 4.96166 4.84178
3.77415 4.23708 3.81985 4.01983 4.54872 4.35516 4.17766 4.7712 4.97933 4.85613
3.78782 4.26132 3.85013 4.03694 4.56753 4.37749 4.19985 4.78871 4.99815 4.87227
3.80255 4.28749 3.8832 4.05661 4.60235 4.39861 4.22152 4.80732 5.01632 4.88736
3.82381 4.31603 3.91285 4.07868 4.6326 4.42212 4.24661 4.82809 5.0354 4.90234
3.85951 4.35211 3.9473 4.10059 4.65945 4.44404 4.27373 4.85225 5.05668 4.9203
3.88621 4.394 3.98279 4.13199 4.69804 4.46714 4.29937 4.88415 5.07385 4.9428
3.92984 4.47494 4.0319 4.17742 4.75657 4.49905 4.33788 4.91624 5.09329 4.97116
3.99073 4.55804 4.09178 4.22926 4.86973 4.54484 4.39661 4.95601 5.11756 5.00901
4.56859 5.27706 4.35902 4.39934 5.37953 4.62879 4.83743 5.15786 5.60691 5.16977
6.87968 7.0639 5.7273 5.73182 6.85069 5.93472 5.60606 6.55358 6.63955 6.88917
8.57389 7.85771 7.39181 7.87843 7.71455 7.5004 7.18678 8.23437 8.31115 8.21875
9.98175 8.96665 9.17155 9.7932 8.76731 9.20599 8.54332 9.74682 9.1612 9.11612
10.96225 10.28739 10.73735 11.14879 10.06482 10.40355 9.282 10.76316 9.9994 10.06068
11.60661 11.10185 11.45728 11.61374 10.4021 11.2315 10.64698 11.51238 10.6127 11.1968
11.76 11.64073 11.62208 11.74889 11.29187 11.76 11.73781 11.74845 11.4837 11.76
11.76 11.71781 11.7235 11.76 11.76 11.76 11.75358 11.76 11.76 11.76
11.76 11.72169 11.72599 11.76 11.76 11.76 11.75851 11.76 11.76 11.76
11.76 11.72436 11.7285 11.76 11.76 11.76 11.76 11.76 11.76 11.76
11.76 11.72703 11.73103 11.76 11.76 11.76 11.76 11.76 11.76 11.76
