4.02454 3.77823 3.5045 3.64495 4.13398 4.29873 4.23663 4.13501 4.47768 4.63794
4.03466 3.79187 3.51958 3.67096 4.14775 4.31506 4.25086 4.16076 4.4978 4.65421
4.05154 3.83512 3.53802 3.68468 4.17115 4.33287 4.26578 4.18014 4.51857 4.69236
4.07168 3.86175 3.55802 3.69959 4.19729 4.3543 4.28192 4.20027 4.54163 4.7165
4.09186 3.88815 3.57776 3.71635 4.22432 4.3817 4.4574 4.22211 4.56666 4.74131
4.0652 3.91967 3.60123 3.74717 4.26543 4.40613 4.68357 4.24687 4.59172 4.76604
4.24947 3.95874 3.62673 3.77328 4.29779 4.43927 4.71665 4.27652 4.62025 4.79007
4.34781 4.01042 3.66472 3.80518 4.33855 4.47418 4.76265 4.31243 4.65639 4.81843
4.42064 4.08175 3.98144 3.86475 4.41542 4.52115 4.83368 4.35661 4.71196 4.86232
4.61614 4.24538 4.24325 4.07564 4.58378 4.58474 4.97118 4.47813 4.87566 5.16718
5.82937 5.38346 5.52086 5.42739 5.99835 5.56035 5.79046 5.61928 5.86315 6.76361
7.83419 7.56231 7.46514 7.58752 8.1406 7.43485 7.76026 7.5439 7.3863 8.80728
9.63094 9.89785 9.1353 9.22326 9.56918 9.18623 9.54264 9.03266 9.03672 9.91475
11.1396 11.26079 10.20886 10.65806 10.64573 10.93308 11.49957 11.2873 10.39904 11.15276
11.75286 11.59633 11.31593 11.4781 11.52157 11.64656 11.69362 11.65233 11.76 11.76
11.76 11.60682 11.61083 11.76 11.76 11.76 11.70342 11.66067 11.76 11.76
11.76 11.61266 11.61334 11.76 11.76 11.76 11.71084 11.66905 11.76 11.76
11.76 11.61699 11.61461 11.76 11.76 11.76 11.71482 11.67742 11.76 11.76
11.76 11.62283 11.61711 11.76 11.76 11.76 11.71879 11.6858 11.76 11.76
11.76 11.62869 11.61961 11.76 11.76 11.76 11.72276 11.69418 11.76 11.76
11.76 11.63454 11.6221 11.76 11.76 11.76 11.72673 11.70255 11.76 11.76
