3.80996 4.07673 3.96915 3.96866 4.30725 4.48166 4.65861 4.24088 4.97374 5.26896
3.83326 4.0895 3.98327 3.98742 4.34246 4.49955 4.67639 4.28932 5.00562 5.29734
3.85069 4.10276 4.00008 4.01879 4.3702 4.51836 4.6985 4.30688 5.02614 5.30053
3.86689 4.11719 4.03032 4.05552 4.35768 4.53873 4.72462 4.32631 5.04814 5.32311
3.88333 4.1319 4.03658 4.08523 4.38037 4.55834 4.75069 4.34288 5.06487 5.36284
3.91502 4.14565 4.06313 4.11903 4.42748 4.61944 4.77848 4.3699 5.07928 5.38713
4.03346 4.23595 4.09477 4.15096 4.48284 4.81833 4.81442 4.41445 5.08959 5.43457
4.18602 4.48529 4.14092 4.18709 4.71537 4.98883 4.84565 4.44272 5.10262 5.45546
4.36103 4.72453 4.2035 4.24141 5.12564 5.139 4.87823 4.48109 5.13167 5.4797
4.59785 4.82839 4.32609 4.36109 5.69533 5.57266 4.94605 4.52917 5.27833 5.5308
5.80476 5.97509 5.62887 5.43285 6.81923 6.67793 5.5231 5.15064 6.15564 5.96374
7.85147 7.99279 8.07361 7.28489 8.75357 8.6043 7.49509 6.77164 8.08192 7.64682
9.44597 9.54235 9.80592 9.41061 10.23018 10.25725 9.74818 8.43368 9.59616 9.56726
10.77417 10.74051 10.94337 10.8266 11.13447 11.62862 11.37482 10.14447 11.14106 11.5577
11.67504 11.54677 11.64699 11.60887 11.43861 11.74196 11.74922 11.68826 11.76 11.76
11.76 11.76 11.76 11.66683 11.76 11.74568 11.75363 11.76 11.76 11.76
11.76 11.76 11.76 11.67196 11.76 11.75087 11.75804 11.76 11.76 11.76
11.76 11.76 11.76 11.6773 11.76 11.75606 11.76 11.76 11.76 11.76
11.76 11.76 11.76 11.68265 11.76 11.76 11.76 11.76 11.76 11.76
11.76 11.76 11.76 11.68798 11.76 11.76 11.76 11.76 11.76 11.76
11.76 11.76 11.76 11.69333 11.76 11.76 11.76 11.76 11.76 11.76
