3.73492 4.22463 4.0696 4.2315 4.20906 4.30849 5.22272 4.45233 4.83705 4.83865
3.74866 4.24082 4.08098 4.24538 4.22846 4.32982 5.24876 4.47046 4.85273 4.85601
3.76305 4.25774 4.09301 4.26232 4.24625 4.34583 5.27817 4.48948 4.86934 4.87432
3.77996 4.27615 4.11196 4.28468 4.2677 4.36998 5.31647 4.51092 4.88779 4.89436
3.79866 4.29669 4.12799 4.31501 4.28564 4.41817 5.34946 4.53141 4.90787 4.9188
3.80626 4.32625 4.14411 4.35023 4.30462 4.44421 5.38362 4.5498 4.92882 4.94397
3.8244 4.37008 4.16388 4.3897 4.32495 4.47967 5.41917 4.57122 4.9558 4.97156
3.85696 4.4284 4.19408 4.42583 4.35167 4.48342 5.45499 4.597 4.98998 5.00809
3.88968 4.50232 4.25576 4.45488 4.39307 4.55762 5.49603 4.63397 5.01925 5.05646
3.9657 4.60933 4.36044 4.92019 4.58942 4.59882 5.56736 4.68713 5.05322 5.11165
4.70074 5.67067 4.99396 5.31862 5.65787 4.69885 5.94948 4.77386 5.87025 5.36349
6.48498 7.8679 7.4147 7.57585 7.35041 5.38243 8.17319 5.49855 7.57889 6.69948
9.04514 9.48665 9.78155 9.66119 9.59558 8.17997 9.91897 8.17892 9.57873 9.91761
10.52611 10.9979 11.03657 11.03597 11.19363 10.4228 11.53026 10.20622 10.89665 11.35113
11.24745 11.49121 11.4333 11.63194 11.72631 11.671 11.76 11.49009 11.46592 11.67536
11.73165 11.76 11.76 11.76 11.76 11.67572 11.76 11.52232 11.76 11.76
11.76 11.76 11.76 11.76 11.76 11.6802 11.76 11.5374 11.76 11.76
11.76 11.76 11.76 11.76 11.76 11.68487 11.76 11.55331 11.76 11.76
11.76 11.76 11.76 11.76 11.76 11.68954 11.76 11.56971 11.76 11.76
11.76 11.76 11.76 11.76 11.76 11.69421 11.76 11.58613 11.76 11.76
11.76 11.76 11.76 11.76 11.76 11.69888 11.76 11.60232 11.76 11.76
