3.59755 3.98691 3.82722 4.33691 4.32283 4.437 5.34607 4.25602 5.29594 5.26472
3.6055 3.99494 3.83705 4.34687 4.33929 4.44664 5.35699 4.26708 5.30748 5.27471
3.61704 4.00433 3.85939 4.35833 4.36382 4.45814 5.36888 4.28003 5.3219 5.2913
3.63151 4.01792 3.88714 4.38298 4.39707 4.4738 5.39378 4.2961 5.33848 5.30831
3.65309 4.04282 3.9196 4.42138 4.434 4.4978 5.42524 4.31349 5.36383 5.32745
3.6875 4.07634 3.9741 4.47349 4.74784 4.53474 5.46018 4.33484 5.39356 5.36083
3.78914 4.20577 4.4499 4.76975 5.00098 4.7737 5.88053 4.60895 5.4763 5.56308
4.61232 4.73324 5.95942 6.42613 6.16626 5.84073 7.29873 6.08705 6.67698 6.57834
5.34443 5.004 6.74309 7.14686 6.46506 6.6738 7.98303 7.16172 7.24507 7.43035
6.12908 5.92904 7.44428 7.86214 6.81136 7.40749 8.81175 8.12542 8.08217 8.41779
6.95139 7.22346 8.59451 8.93568 7.12658 8.16319 9.31506 9.36607 9.99114 9.75538
8.28919 8.20171 9.85582 10.8517 8.21293 9.77363 9.91808 10.22514 10.6657 10.07497
9.64313 9.29307 10.55186 11.06292 9.36803 11.2094 10.57798 10.76054 10.78132 10.6424
10.30632 10.18452 10.90002 11.30254 10.01248 11.431 10.72371 11.03102 10.90383 10.79143
10.95979 10.72134 11.19809 11.57665 10.7111 11.62396 11.76 11.20402 11.67372 11.27951
11.60685 11.76 11.54455 11.73238 11.29791 11.76 11.76 11.76 11.76 11.76
11.72657 11.76 11.71629 11.75229 11.76 11.76 11.76 11.76 11.76 11.76
11.73097 11.76 11.71884 11.75456 11.76 11.76 11.76 11.76 11.76 11.76
11.73537 11.76 11.72075 11.75683 11.76 11.76 11.76 11.76 11.76 11.76
11.73973 11.76 11.72269 11.75907 11.76 11.76 11.76 11.76 11.76 11.76
11.74412 11.76 11.72464 11.76 11.76 11.76 11.76 11.76 11.76 11.76
