3.93782 3.70742 3.69994 3.32644 3.66936 4.12749 4.0979 3.63229 3.54698 4.44467
3.95035 3.71691 3.71148 3.33458 3.67889 4.13628 4.10927 3.64565 3.55821 4.4597
3.96154 3.7266 3.72339 3.34444 3.68979 4.14823 4.12677 3.6595 3.57051 4.47914
3.97358 3.73934 3.73725 3.36114 3.70144 4.16495 4.14718 3.67405 3.58793 4.49741
3.98623 3.75136 3.75759 3.37725 3.71274 4.1821 4.16721 3.68967 3.60528 4.51545
4.01125 3.76618 3.7804 3.39305 3.72367 4.20079 4.18631 3.70644 3.62337 4.5338
4.03052 3.78657 3.80326 3.42466 3.73653 4.22112 4.20534 3.72466 3.64313 4.55421
4.06018 3.81349 3.82579 3.44879 3.75199 4.24481 4.22447 3.74342 3.66632 4.57554
4.08911 3.8561 3.85438 3.57634 3.77571 4.27317 4.24589 3.7647 3.69637 4.60281
4.1588 3.90352 3.89195 3.71859 3.81603 4.31691 4.27224 3.79095 3.73233 4.64612
4.646 4.69723 4.25039 3.90487 4.26469 4.42617 4.32375 3.97318 3.79105 4.71929
6.04323 7.21842 5.64247 5.09487 4.95804 6.10859 4.99501 4.76265 4.52902 5.54954
7.4545 8.79906 6.93479 6.47244 6.07738 7.58504 6.63537 5.81425 5.6092 7.29099
8.87783 9.98002 7.92014 8.02128 7.35683 8.85016 8.34727 7.28776 6.75365 9.3758
10.71551 10.60326 9.299 9.14781 9.01642 10.22035 10.19428 9.11325 7.88882 10.62189
11.46519 11.12236 10.7899 10.50784 10.29804 11.05651 11.08706 10.69055 9.32263 11.31715
11.64802 11.52132 11.52178 11.20068 10.98955 11.27687 11.57286 11.57317 10.56162 11.66372
11.7366 11.74553 11.75971 11.48312 11.40327 11.70448 11.74248 11.7007 11.28708 11.75999
11.76 11.76 11.76 11.69084 11.71954 11.76 11.76 11.70535 11.63346 11.76
11.76 11.76 11.76 11.69286 11.76 11.76 11.76 11.70818 11.76 11.76
11.76 11.76 11.76 11.6949 11.76 11.76 11.76 11.71104 11.76 11.76
