3.45574 3.70176 3.28677 3.11827 3.54617 4.22913 3.88912 3.766 3.75357 3.89554
3.46493 3.69819 3.29799 3.12614 3.56214 4.23879 3.90092 3.77618 3.76495 3.90757
3.47446 3.71534 3.30988 3.13453 3.5795 4.24914 3.91327 3.78681 3.7766 3.9197
3.48781 3.74027 3.32257 3.14519 3.59821 4.26348 3.92621 3.79796 3.78922 3.93277
3.5013 3.76051 3.33545 3.15958 3.63753 4.28331 3.93908 3.80931 3.80178 3.94583
3.51463 3.77915 3.34827 3.17254 3.63893 4.30391 3.95165 3.82044 3.81448 3.96248
3.53516 3.79804 3.36369 3.18498 3.68199 4.32651 3.9643 3.83146 3.82795 3.97162
3.56118 3.82031 3.38463 3.20041 3.70804 4.35291 3.97697 3.84921 3.84484 3.9865
3.59555 3.85038 3.40899 3.22181 3.74288 4.38109 3.99191 3.87621 3.8712 4.0047
3.64283 3.90113 3.44231 3.25876 3.79467 4.41223 4.01905 3.90971 3.9056 4.03805
4.28858 4.22532 3.52176 3.41282 4.08013 4.45915 4.06718 3.9613 3.95574 4.1933
5.83239 5.84176 4.61954 4.94198 5.2743 5.16833 5.09812 4.83261 4.912 5.09192
7.66827 7.52307 6.54009 6.91755 6.46156 6.19433 6.73633 6.23648 6.90503 5.55098
9.03897 8.61894 8.38812 8.18063 7.72803 7.32217 8.64904 7.58739 8.43999 6.01787
10.1854 9.99809 9.73239 9.17935 9.27728 8.6312 10.02463 8.87345 9.58289 7.15184
10.88535 10.79216 10.68274 10.14337 10.86111 10.18771 10.71436 10.37088 10.65147 8.97527
11.36054 11.23898 11.11717 10.86245 11.47769 11.42457 11.21463 11.28364 11.25545 10.58829
11.60617 11.4679 11.46966 11.03229 11.76 11.74154 11.67511 11.62838 11.53715 11.37081
11.76 11.76 11.72968 11.2343 11.76 11.76 11.68208 11.65775 11.547 11.41701
11.76 11.76 11.73295 11.76 11.76 11.76 11.68908 11.76 11.55688 11.43464
11.76 11.76 11.73629 11.76 11.76 11.76 11.6961 11.76 11.56678 11.45232
