3.51951 3.72251 3.66881 3.54134 4.03465 4.26869 4.38348 3.94875 4.61979 4.73929
3.54109 3.73253 3.67771 3.55496 4.04639 4.27921 4.39831 3.95934 4.63321 4.7549
3.55109 3.74293 3.68847 3.56925 4.05824 4.29011 4.42154 3.97075 4.64659 4.77505
3.5637 3.7559 3.7037 3.58507 4.07146 4.3017 4.44624 3.98269 4.6606 4.80824
3.57785 3.76838 3.72029 3.60045 4.09765 4.31309 4.46972 3.99441 4.6749 4.83153
3.59233 3.78032 3.74153 3.61498 4.13237 4.32434 4.49226 4.0059 4.68944 4.85923
3.60654 3.83969 3.77451 3.63816 4.16402 4.33745 4.5182 4.01801 4.7047 4.88609
3.75147 3.98626 3.79874 3.66143 4.16509 4.36892 4.63568 4.03091 4.72448 4.91962
3.93754 4.18116 3.83517 3.69192 4.21422 4.53746 4.81012 4.04556 4.74998 4.96203
4.0265 4.2996 3.87862 3.73555 4.30548 4.7401 5.04761 4.0638 4.78032 5.00773
4.16606 4.51736 4.24521 4.17003 5.25291 4.93658 5.47482 4.1141 4.90028 5.20352
5.23682 6.21174 6.76776 5.57745 7.09028 5.99591 6.50638 4.97437 6.6844 6.24014
7.13794 8.38382 8.33305 7.35624 8.33866 7.96262 8.23432 6.44251 8.02981 7.45473
8.54874 9.6976 9.43355 8.49839 9.62374 9.84226 9.40189 7.47507 8.85167 8.62551
9.81766 10.63934 10.45312 9.69021 10.2183 10.99826 10.63919 8.56336 9.53592 9.54887
10.75959 11.19703 11.08127 10.83392 10.72916 11.42894 11.53084 9.86401 10.7752 10.74729
11.34964 11.55585 11.50579 11.32021 11.03643 11.68788 11.76 10.80854 11.76 11.68771
11.66675 11.70854 11.66244 11.60752 11.63891 11.76 11.76 11.4613 11.76 11.74004
11.76 11.76 11.76 11.62412 11.76 11.76 11.76 11.74953 11.76 11.76
11.76 11.76 11.76 11.63202 11.76 11.76 11.76 11.76 11.76 11.76
11.76 11.76 11.76 11.63994 11.76 11.76 11.76 11.76 11.76 11.76
