3.30787 3.56326 3.36338 3.3079 3.64812 4.35249 4.11503 4.11786 3.78257 4.6632
3.31896 3.56899 3.37248 3.31637 3.65712 4.36277 4.12981 4.12674 3.79677 4.67325
3.33999 3.58616 3.38438 3.32684 3.66624 4.37361 4.14498 4.13622 3.81183 4.68395
3.35223 3.59779 3.39803 3.34587 3.66196 4.38835 4.16096 4.15148 3.82779 4.69532
3.38745 3.61018 3.41102 3.36486 3.69736 4.40027 4.17717 4.16877 3.84411 4.70655
3.40531 3.62669 3.42583 3.38635 3.7113 4.42602 4.19311 4.18752 3.86015 4.71775
3.41802 3.97937 3.44221 3.41128 3.72619 4.43805 4.21078 4.20519 3.87993 4.73031
3.44124 4.03507 3.46642 3.43668 3.75091 4.4524 4.48019 4.22242 3.90393 4.75018
3.5821 4.05503 3.49672 3.47255 3.78513 4.48109 4.72419 4.24388 3.93806 4.78221
3.77157 4.13753 3.55562 3.54488 3.85233 4.51227 4.77472 4.27781 3.97912 4.89629
4.12308 4.65009 3.87448 3.89374 4.13745 4.56118 4.85743 4.32402 4.27927 5.36599
5.41525 5.77595 5.11534 5.13645 5.46356 4.82645 6.08815 5.17215 5.78541 7.10844
6.77373 7.04286 6.45033 6.90697 6.79965 5.47964 7.66345 6.65957 7.56328 8.23501
8.03097 8.3059 7.73811 8.58268 8.18042 6.40007 8.91328 7.62898 8.89572 8.92522
9.38611 9.84242 9.32205 9.61623 9.44946 7.45398 9.69738 8.59628 9.73442 9.62699
10.49061 10.97012 10.76392 10.60552 10.74163 9.03184 10.47056 9.475 10.48581 10.8984
10.95935 11.41287 11.47243 11.39353 11.60586 10.30156 11.51733 10.31386 11.4274 11.76
11.08852 11.7168 11.75324 11.72871 11.76 11.15207 11.76 11.13498 11.76 11.76
11.27143 11.75859 11.76 11.75271 11.76 11.69265 11.76 11.76 11.76 11.76
11.76 11.76 11.76 11.75489 11.76 11.76 11.76 11.76 11.76 11.76
11.76 11.76 11.76 11.75711 11.76 11.76 11.76 11.76 11.76 11.76
