4.26518 4.33033 4.06433 3.65002 4.24003 5.00047 5.05778 4.44796 4.65389 4.69043
4.28501 4.34559 4.08447 3.65749 4.24843 5.00812 5.07471 4.46437 4.66518 4.70396
4.33746 4.36078 4.10758 3.67813 4.26853 5.01638 5.09249 4.48007 4.67987 4.72573
4.39616 4.38704 4.13167 3.69289 4.2789 5.02552 5.1143 4.49608 4.70011 4.75093
4.42927 4.41579 4.15538 3.71663 4.30201 5.0365 5.134 4.51088 4.7219 4.7736
4.46591 4.45425 4.18298 3.73481 4.32322 5.04962 5.15109 4.53338 4.74154 4.7971
4.50729 4.49574 4.21469 3.78174 4.34328 5.06201 5.16892 4.55794 4.7611 4.81939
4.55751 4.59309 4.25612 3.82328 4.36936 5.08298 5.19097 4.58648 4.78326 4.85293
4.61962 4.91465 4.31667 3.88331 4.42684 5.13119 5.21109 4.6234 4.81409 4.89813
5.27149 5.1776 4.48222 4.07882 4.87101 5.18212 5.23326 4.69433 4.87541 5.04942
6.12022 6.74477 5.78328 5.29124 6.22241 6.2559 7.0403 5.69084 6.00047 5.9635
7.5871 8.511 7.33495 7.13379 8.74468 8.906 8.9538 7.7148 8.25219 8.1719
9.26048 9.7335 9.57693 9.09793 10.92429 10.58959 10.70939 9.80534 10.61101 9.60986
11.1042 10.94391 10.79198 10.64703 11.52158 11.58402 11.74821 11.19508 11.6697 10.68258
11.74515 11.51455 11.42847 11.25681 11.76 11.76 11.76 11.72403 11.76 11.76
11.76 11.76 11.73315 11.76 11.76 11.76 11.76 11.76 11.76 11.76
11.76 11.76 11.73616 11.76 11.76 11.76 11.76 11.76 11.76 11.76
11.76 11.76 11.73878 11.76 11.76 11.76 11.76 11.76 11.76 11.76
11.76 11.76 11.7414 11.76 11.76 11.76 11.76 11.76 11.76 11.76
11.76 11.76 11.74402 11.76 11.76 11.76 11.76 11.76 11.76 11.76
11.76 11.76 11.74663 11.76 11.76 11.76 11.76 11.76 11.76 11.76
