3.68058 3.94151 3.39874 3.45239 3.75701 4.42135 4.2606 3.47784 3.9132 4.13859
3.68172 3.9372 3.39093 3.45254 3.76059 4.41881 4.27247 3.50787 3.91339 4.13865
3.68297 3.94969 3.42093 3.45274 3.76628 4.41954 4.27286 3.51123 3.91438 4.1388
3.68507 3.95741 3.39425 3.45458 3.7751 4.42147 4.27356 3.51194 3.91667 4.14027
3.71769 3.96595 3.39752 3.457 3.78434 4.42485 4.28676 3.51376 3.92053 4.14248
3.72061 3.97792 3.40186 3.4613 3.79586 4.43125 4.29035 3.51645 3.92555 4.14527
3.72583 3.98929 3.45552 3.46632 3.80477 4.41921 4.29582 3.53158 3.93269 4.1486
3.7343 4.00557 3.47532 3.49463 3.81561 4.4258 4.3075 3.5226 3.945 4.15167
3.74569 4.02757 3.46633 3.50774 3.82873 4.43841 4.31693 3.54113 3.96376 4.1537
3.76035 4.06515 3.49215 3.53442 3.84448 4.46805 4.29917 3.54929 3.99503 4.16037
3.81375 4.46076 3.55259 3.60296 3.90246 4.51515 4.35173 3.57719 4.03963 4.18592
4.45423 6.14923 4.38365 4.43948 5.46343 5.10233 4.84969 3.85669 4.19025 4.62471
6.28186 7.8726 6.20886 5.84056 6.82155 7.00168 6.02886 5.15868 4.8957 5.7873
8.22414 9.55606 7.67679 7.51179 8.41558 9.28311 7.96298 6.86495 6.6814 7.74475
9.84684 10.62981 9.31892 9.47535 10.08551 10.69324 9.92046 8.41641 9.19587 9.82894
10.81529 11.28665 10.51227 10.45487 11.15041 11.26293 11.00906 9.73558 10.79262 10.77926
11.46384 11.63963 11.32492 11.23885 11.37799 11.4772 11.5588 10.42039 11.43762 11.28771
11.66526 11.76 11.70913 11.64121 11.58609 11.61037 11.61186 11.13056 11.61972 11.74994
11.68633 11.76 11.76 11.66171 11.75878 11.76 11.61903 11.14779 11.62457 11.76
11.68859 11.76 11.76 11.6681 11.76 11.76 11.62198 11.15549 11.62947 11.76
11.69088 11.76 11.76 11.67291 11.76 11.76 11.62496 11.16323 11.63443 11.76
