3.78861 3.76228 3.76473 3.51957 4.13719 4.65621 4.59715 4.19362 4.736 4.59792
3.79618 3.77383 3.77554 3.54822 4.14888 4.67439 4.61406 4.20905 4.74984 4.61403
3.81694 3.78597 3.78699 3.56329 4.16325 4.69221 4.632 4.22502 4.77021 4.63082
3.83036 3.79932 3.80088 3.57805 4.17916 4.71278 4.65184 4.24949 4.78998 4.64957
3.84593 3.81524 3.81563 3.59469 4.19572 4.73658 4.67364 4.26988 4.82864 4.67026
3.88172 3.833 3.83831 3.61389 4.21059 4.75459 4.69577 4.29057 4.8479 4.69087
3.91081 3.85183 3.86139 3.65118 4.22815 4.77482 4.72133 4.31277 4.87174 4.75523
3.93287 3.87485 3.89497 3.68969 4.25682 4.7993 4.83996 4.33797 4.90437 4.78176
3.97303 3.91429 3.94676 3.74623 4.30955 4.82951 5.0892 4.36931 4.94408 4.81207
4.162 4.25386 4.12381 3.88646 4.4419 5.0836 5.39861 4.57415 5.01355 4.88125
5.18115 5.18426 5.53188 5.25905 5.99738 6.42245 6.98201 6.15076 5.7969 6.46988
6.95393 6.75365 7.57017 7.18165 8.20044 8.30659 9.12086 8.14329 7.71062 8.71058
8.65298 8.12691 9.31367 8.95022 9.89637 9.99006 10.82643 9.90514 9.43291 10.24008
10.45824 9.79272 10.69848 10.45153 10.90742 11.0231 11.50248 11.09773 11.30464 10.80224
11.59676 11.63523 11.46023 11.28579 11.38737 11.68832 11.76 11.74444 11.76 11.68728
11.73032 11.76 11.76 11.5581 11.6075 11.76 11.76 11.74987 11.76 11.76
11.76 11.76 11.76 11.58802 11.76 11.76 11.76 11.7539 11.76 11.76
11.76 11.76 11.76 11.59403 11.76 11.76 11.76 11.75777 11.76 11.76
11.76 11.76 11.76 11.60005 11.76 11.76 11.76 11.76 11.76 11.76
11.76 11.76 11.76 11.60606 11.76 11.76 11.76 11.76 11.76 11.76
11.76 11.76 11.76 11.61207 11.76 11.76 11.76 11.76 11.76 11.76
