3.05122 3.37971 3.20966 3.17008 3.69571 3.98656 3.8395 3.63289 3.50464 4.41413
3.05848 3.38876 3.21859 3.1797 3.70792 3.99944 3.85028 3.64184 3.51462 4.43055
3.0688 3.39812 3.22972 3.19109 3.7245 4.01261 3.86132 3.65344 3.52939 4.44336
3.08034 3.40816 3.24161 3.20817 3.74204 4.0266 3.87325 3.66584 3.5483 4.45737
3.08783 3.41797 3.25348 3.22999 3.76267 4.04403 3.88514 3.68018 3.56776 4.47357
3.10565 3.42774 3.26893 3.25275 3.78467 4.06236 3.89813 3.69682 3.58724 4.49016
3.22445 3.43837 3.28564 3.27586 3.80793 4.08084 3.91315 3.71396 3.607 4.50528
3.51408 3.45065 3.30309 3.29859 3.83275 4.0995 3.93156 3.7377 3.63039 4.53445
3.63821 3.47067 3.33123 3.3295 3.86237 4.12054 3.95396 3.77188 3.65624 4.56238
3.67411 3.49988 3.37683 3.38091 3.90649 4.14834 3.97943 3.81043 3.70557 4.58058
3.7466 3.85769 3.46453 3.49909 4.25148 4.24607 4.03306 3.86269 3.99847 4.64357
4.56728 5.07477 4.26501 4.7538 5.62538 4.65517 4.29422 4.13705 4.8327 5.25412
5.57356 6.56735 5.94888 6.35295 7.29379 5.44761 5.18331 4.8233 6.14227 6.90085
6.85984 7.81172 7.69531 8.0564 8.60075 6.69781 6.59252 5.91113 7.55466 9.00033
8.28851 9.10349 9.26359 9.64006 9.90052 8.03355 7.88722 7.17146 8.68694 10.35021
9.86177 10.18504 10.26262 10.27202 10.98552 9.43796 9.17415 8.40307 9.99444 11.65209
11.04024 11.27348 10.98448 10.88821 11.37968 10.16055 10.36929 9.62046 11.15775 11.71409
11.41754 11.52044 11.63535 11.52758 11.6097 10.83543 11.52336 11.22716 11.74477 11.72085
11.7436 11.76 11.75793 11.76 11.76 11.44513 11.76 11.68438 11.76 11.72728
11.74751 11.76 11.76 11.76 11.76 11.44773 11.76 11.71303 11.76 11.73372
11.75048 11.76 11.76 11.76 11.76 11.45037 11.76 11.72263 11.76 11.7402
