3.5552 3.686 3.54975 3.30365 3.61167 4.55731 4.3872 3.96731 3.95672 3.88056
3.56783 3.69672 3.55933 3.31132 3.62339 4.56622 4.39717 3.97767 3.97083 3.89859
3.58024 3.70845 3.56906 3.31914 3.63463 4.5764 4.40729 3.9882 3.9878 3.90978
3.59553 3.72237 3.5789 3.32719 3.64582 4.59178 4.41831 3.99897 4.00698 3.92212
3.61366 3.73883 3.58926 3.33627 3.66128 4.61246 4.4321 4.0111 4.02769 3.93559
3.63498 3.7592 3.60108 3.34714 3.67724 4.63693 4.45011 4.02794 4.051 3.9524
3.65539 3.7831 3.61285 3.36036 3.69681 4.66871 4.47145 4.04963 4.07669 3.97231
3.70761 3.85439 3.64248 3.42476 3.76823 4.77559 4.5337 4.08786 4.11431 4.0312
3.91964 4.09204 3.76362 3.6189 4.00606 5.02086 4.63032 4.19032 4.20441 4.15454
4.406 4.61632 4.22603 4.13155 4.66274 5.66189 4.81734 4.4431 4.37708 4.48576
5.19743 5.74939 5.01571 4.92498 5.8226 6.67175 5.27716 4.7828 4.7616 5.19555
6.01835 7.06716 6.45477 6.06301 7.44663 7.91169 6.30898 5.41069 5.46973 6.05614
7.31771 7.71882 7.78624 7.43696 8.50836 9.20101 7.25426 6.21004 6.68996 7.60154
8.80335 8.3328 8.94951 8.39072 9.31404 10.02111 8.86008 7.25961 8.97684 8.70631
10.26722 9.07677 10.37017 9.38008 10.11376 10.9011 10.65692 8.82832 10.6172 9.92954
11.07723 9.91905 11.12953 10.30967 11.20658 11.44964 11.36017 10.50658 11.3723 11.08357
11.60677 11.21038 11.40921 11.02775 11.67191 11.76 11.56583 11.33197 11.56769 11.35004
11.76 11.57589 11.69204 11.4146 11.76 11.76 11.76 11.76 11.57777 11.372
11.76 11.76 11.6984 11.73078 11.76 11.76 11.76 11.76 11.58781 11.38944
11.76 11.76 11.70325 11.76 11.76 11.76 11.76 11.76 11.59788 11.40688
11.76 11.76 11.70608 11.76 11.76 11.76 11.76 11.76 11.60795 11.42425
