3.62494 3.81116 3.59089 3.32812 3.59175 4.52238 4.26152 4.21147 4.49086 4.18872
3.63567 3.82212 3.60168 3.33709 3.60304 4.53291 4.27335 4.22517 4.50548 4.2017
3.6487 3.83564 3.61437 3.34814 3.61222 4.54523 4.28577 4.2412 4.51987 4.21492
3.66257 3.85159 3.62743 3.3668 3.62323 4.56323 4.29908 4.26192 4.53551 4.22891
3.67834 3.86723 3.65119 3.38176 3.63559 4.59096 4.31918 4.28607 4.55613 4.24294
3.69961 3.88429 3.66356 3.3983 3.64878 4.61821 4.33948 4.30947 4.57804 4.25684
3.72967 3.90467 3.67613 3.41615 3.66321 4.647 4.36289 4.33366 4.59951 4.27092
3.76203 3.93173 3.68968 3.4402 3.6785 4.67672 4.38703 4.35936 4.62552 4.28646
3.79967 3.97616 3.7024 3.47634 3.70396 4.7087 4.41459 4.38517 4.65774 4.31343
3.84471 4.03761 3.78539 3.529 3.74442 4.74728 4.45741 4.41452 4.69146 4.35596
4.25471 4.55038 4.51347 3.8936 4.35419 4.92468 4.51184 4.48089 4.74607 4.4166
6.42786 5.14865 6.07594 5.71951 6.28567 6.94818 5.34426 6.13692 5.67686 5.50634
8.30969 6.54768 7.2232 7.05545 8.20004 9.4077 6.92126 7.72995 7.14774 7.0299
9.61105 8.3559 8.46425 8.50926 9.56412 10.80684 7.87871 8.86915 8.1249 8.26371
10.68142 9.53787 9.79186 9.82549 10.33457 11.46216 8.75968 10.03014 9.1573 9.39758
11.10741 10.90487 11.02656 10.97613 11.11544 11.73003 9.93289 11.25942 10.58394 10.61363
11.5028 11.37726 11.40486 11.43638 11.63062 11.76 11.13844 11.71017 11.76 11.45184
11.71764 11.63464 11.53012 11.63143 11.76 11.76 11.47091 11.76 11.76 11.68445
11.76 11.76 11.76 11.76 11.76 11.76 11.76 11.76 11.76 11.76
11.76 11.76 11.76 11.76 11.76 11.76 11.76 11.76 11.76 11.76
11.76 11.76 11.76 11.76 11.76 11.76 11.76 11.76 11.76 11.76
