4.30355 4.51305 4.32068 4.272 4.23404 5.14402 4.86066 4.50231 5.32013 5.15387
4.31201 4.52208 4.33131 4.28101 4.24388 5.15392 4.87166 4.51292 5.33179 5.16694
4.32469 4.53231 4.343 4.29697 4.25433 5.16594 4.88246 4.52365 5.34788 5.18023
4.34023 4.54513 4.38778 4.3176 4.26913 5.17889 4.89382 4.53421 5.3635 5.19383
4.37136 4.55891 4.50173 4.33848 4.28461 5.1933 4.90649 4.54411 5.3794 5.21
4.39687 4.57483 4.69768 4.36134 4.304 5.21183 4.92131 4.55497 5.3981 5.23204
4.42408 4.59688 4.72053 4.38438 4.3514 5.23137 4.94003 4.5811 5.41546 5.30062
4.47589 4.63452 4.79383 4.43342 4.41708 5.27114 5.01705 4.69339 5.43997 5.40704
4.63603 4.73334 4.94646 4.5566 4.51654 5.40284 5.23469 4.86659 5.5399 5.79906
4.94101 5.07193 5.28868 4.81341 4.84379 5.87039 5.81919 5.46016 5.78224 6.24553
5.71329 5.76309 5.9738 5.54653 5.30075 6.76839 6.78261 6.81007 6.476 7.18117
6.63201 6.69104 7.00779 6.3611 6.11765 8.40308 7.70815 8.15927 7.0696 7.62986
7.22477 7.63825 8.04767 7.57033 6.99352 8.8101 8.24541 8.70704 7.66244 8.60609
7.81956 8.486 9.12687 8.58046 7.67505 9.27932 9.08379 9.36726 8.22537 9.46177
8.59672 9.33299 10.10466 10.00102 8.77425 9.9018 9.84149 10.10131 8.79294 9.80949
9.96303 10.44021 10.73908 11.22069 10.08009 10.57938 11.10096 11.26098 9.73868 10.40795
11.36748 10.96501 11.69225 11.66447 10.66892 11.21157 11.59642 11.33392 10.2209 11.19108
11.70289 11.32568 11.76 11.76 11.53101 11.73766 11.62598 11.34872 10.8773 11.76
11.76 11.76 11.76 11.76 11.76 11.76 11.63719 11.36351 11.76 11.76
11.76 11.76 11.76 11.76 11.76 11.76 11.64842 11.37834 11.76 11.76
11.76 11.76 11.76 11.76 11.76 11.76 11.65965 11.39315 11.76 11.76
