3.00873 3.51455 3.38938 3.31515 3.34665 3.13503 3.40627 3.24835 3.18642 3.23423
3.01659 3.52632 3.39712 3.32364 3.35623 3.14483 3.4147 3.25872 3.20837 3.24275
3.02529 3.53856 3.4054 3.33215 3.3685 3.15544 3.42369 3.27203 3.20445 3.25271
3.03517 3.55161 3.41434 3.3433 3.38226 3.1666 3.43701 3.28767 3.21577 3.26445
3.05387 3.56784 3.42559 3.36354 3.39643 3.17858 3.45353 3.307 3.22975 3.27938
3.0589 3.59461 3.43994 3.39286 3.41538 3.19149 3.47202 3.33169 3.24734 3.29657
3.07238 3.62736 3.45927 3.42434 3.43533 3.20678 3.49294 3.35947 3.28264 3.31549
3.13297 3.68113 3.51852 3.49269 3.57984 3.26323 3.59573 3.43872 3.3376 3.36631
3.34683 3.86805 3.64812 3.64857 3.81253 3.42141 3.8206 3.6574 3.55874 3.50371
3.79386 4.4087 3.9537 3.96689 4.35269 3.81039 4.35998 4.08477 4.07523 3.76521
4.59387 5.59625 4.5646 4.49976 5.01629 4.5151 5.18307 4.89053 5.02913 4.2939
5.85614 6.98884 5.54971 5.34329 5.97129 5.58091 6.43048 6.08886 6.43198 5.10626
7.19196 8.06578 6.77218 6.55968 6.94805 6.95499 7.65921 7.42099 8.30504 6.40339
8.5469 8.87914 8.53482 8.10083 8.2067 8.28953 9.09307 8.68375 9.4731 8.15735
9.58319 9.91225 10.23983 9.36186 9.67759 9.66774 10.3766 9.66346 10.3003 9.72425
10.55612 10.77674 10.96523 10.8779 10.99709 10.66935 11.13934 10.65767 10.86191 10.86491
11.37784 11.36788 11.40247 11.45407 11.40305 11.33826 11.59597 11.13872 11.11194 11.51199
11.71121 11.76 11.6576 11.67553 11.65401 11.72767 11.76 11.51341 11.42951 11.76
11.76 11.76 11.74591 11.76 11.76 11.76 11.76 11.71955 11.7481 11.76
11.76 11.76 11.75064 11.76 11.76 11.76 11.76 11.7269 11.76 11.76
11.76 11.76 11.75315 11.76 11.76 11.76 11.76 11.72947 11.76 11.76
