3.29209 3.54618 3.29174 3.29083 3.58219 4.20343 3.90313 3.88159 3.57923 4.75854
3.3005 3.5562 3.30093 3.29985 3.59261 4.21681 3.92926 3.89142 3.59068 4.77383
3.31276 3.56635 3.31355 3.31192 3.60613 4.23072 3.94089 3.90152 3.6067 4.79017
3.32958 3.5772 3.32922 3.32661 3.6204 4.24564 3.95312 3.91261 3.62359 4.81063
3.34829 3.64309 3.34609 3.34421 3.63425 4.26094 3.97013 3.92391 3.63297 4.83191
3.38946 3.65803 3.36292 3.36858 3.65912 4.27877 3.98423 3.93926 3.64987 4.85499
3.54114 3.67514 3.38155 3.39653 3.67944 4.29878 4.0013 3.95988 3.66793 4.87969
3.72827 3.6967 3.40373 3.42378 3.71507 4.32286 4.03344 3.98075 3.71351 4.90321
3.97538 3.72448 3.43256 3.45702 3.76044 4.34931 4.06183 4.00963 3.74318 4.93103
4.03723 3.7828 3.4898 3.50293 3.80543 4.38124 4.0911 4.04693 3.86376 4.96246
4.4271 4.1378 4.14277 3.73531 4.24156 4.49695 4.1438 4.13746 4.25066 5.11582
5.93021 5.9044 5.92155 4.892 5.74349 5.75872 4.68191 5.4378 5.4606 7.07158
7.48732 7.21727 7.62582 6.88943 6.84996 7.37629 5.79626 6.80551 6.74249 9.0514
8.67893 8.52168 8.78966 8.46966 8.33669 8.85419 7.20899 8.02023 8.13656 10.00943
9.81431 9.768 10.01187 9.67595 9.95309 9.73839 8.34528 9.25584 9.29448 10.58997
10.48486 10.77333 10.98407 10.69228 11.26287 11.00136 9.69123 10.46746 10.29376 11.311
11.15612 11.55839 11.50949 10.94461 11.61091 11.67921 10.87023 11.51092 11.40214 11.76
11.30905 11.73479 11.76 11.60368 11.76 11.75914 11.33641 11.76 11.76 11.76
11.76 11.76 11.76 11.76 11.76 11.76 11.66262 11.76 11.76 11.76
11.76 11.76 11.76 11.76 11.76 11.76 11.76 11.76 11.76 11.76
11.76 11.76 11.76 11.76 11.76 11.76 11.76 11.76 11.76 11.76
