3.36799 3.55729 3.38062 3.28332 3.57747 4.25982 4.51718 3.47752 4.32847 4.24602
3.3781 3.56679 3.38958 3.29168 3.59765 4.27277 4.52868 3.49003 4.33665 4.25727
3.38915 3.57777 3.40022 3.30126 3.6133 4.2858 4.54036 3.5049 4.34673 4.2686
3.40201 3.58923 3.41305 3.31252 3.6283 4.29902 4.55225 3.5204 4.358 4.28302
3.41732 3.60249 3.42838 3.32729 3.64327 4.31274 4.56505 3.53646 4.36903 4.30221
3.43242 3.61776 3.44647 3.34534 3.65945 4.32982 4.58298 3.55448 4.38453 4.32826
3.44844 3.63897 3.46802 3.36841 3.6794 4.34882 4.61668 3.57396 4.4038 4.36003
3.48735 3.67814 3.5448 3.42018 3.76489 4.37917 4.69668 3.60445 4.46751 4.40244
3.62881 3.84083 3.78699 3.53814 3.97937 4.45959 4.82401 3.71322 4.35194 4.51718
4.13842 4.25356 4.27828 3.78091 4.57941 4.71638 5.17543 3.94105 4.93087 4.76486
5.12262 4.94262 5.1724 4.4065 5.73178 5.37631 5.84032 4.31155 5.57207 5.32102
6.29185 6.02529 6.48568 5.14276 7.0089 6.51477 7.00277 4.98375 6.24992 6.04482
7.76981 7.30878 7.61722 6.25437 8.48712 7.96189 8.58936 5.87023 7.01503 7.10837
9.0343 8.54741 8.89762 7.49746 9.09675 9.25293 9.8204 7.02761 7.8446 8.02762
10.06641 9.89135 9.86032 8.878 9.77177 10.44417 10.63758 9.00988 8.83302 9.25155
11.10999 10.94909 10.83774 10.47203 10.72678 11.54037 11.06147 11.06185 9.9575 11.25391
11.57905 11.59911 11.2901 11.21656 11.32647 11.76 11.75844 11.22897 11.20563 11.43712
11.65527 11.76 11.64439 11.60678 11.65943 11.76 11.76 11.25059 11.68492 11.67276
11.74733 11.76 11.65227 11.66743 11.76 11.76 11.76 11.27112 11.76 11.76
11.75018 11.76 11.6596 11.67394 11.76 11.76 11.76 11.29168 11.76 11.76
11.75304 11.76 11.66575 11.6804 11.76 11.76 11.76 11.31223 11.76 11.76
