4.08888 5.69645 4.36742 4.74096 5.24083 4.49716 5.09503 5.36513 4.92745 5.14597
4.10015 5.71551 4.37764 4.76196 5.2545 4.51219 5.11591 5.37765 4.93835 5.15883
4.11682 5.73842 4.39073 4.7938 5.26738 4.53255 5.14527 5.39235 4.95108 5.17224
4.13912 5.76434 4.40707 4.839 5.29219 4.55333 5.18297 5.4129 4.97233 5.19294
4.16471 5.79309 4.42849 5.02832 5.34616 4.5795 5.23128 5.4382 4.9976 5.21456
4.1987 5.84167 4.47007 5.31166 5.40779 4.60727 5.29024 5.47005 5.31079 5.50735
4.39372 6.12549 4.59315 5.46151 6.24074 4.77993 5.4482 5.87995 5.51624 5.62257
5.55185 7.27318 5.43683 6.3678 7.13385 5.8286 6.41336 7.3859 6.60517 5.88533
5.89338 7.936 6.47446 6.87688 7.95185 6.44252 7.16847 8.53524 7.26996 6.1464
6.71348 8.60585 7.29204 7.75652 8.39743 7.23197 7.93473 8.94915 8.15908 6.7835
7.43789 9.07284 7.87732 8.44385 8.76325 8.21105 9.14991 9.17957 9.22478 7.49998
9.25457 9.81097 9.74597 9.64717 9.52709 9.56468 9.50349 9.67933 10.03749 8.95974
10.39317 10.90776 11.13239 10.45334 10.02799 10.44387 10.85798 11.22619 11.2732 10.62038
10.88985 11.16455 11.52147 10.85624 11.35142 11.4067 11.36249 11.73362 11.70891 11.48789
11.13154 11.33425 11.69957 11.55625 11.75419 11.41548 11.37628 11.73667 11.71217 11.49619
11.64456 11.59527 11.70431 11.65179 11.76 11.42666 11.39013 11.73973 11.71824 11.50458
11.64911 11.6941 11.70871 11.71592 11.76 11.43751 11.40394 11.74278 11.72429 11.51293
11.65366 11.6964 11.71312 11.71822 11.76 11.44595 11.41773 11.74583 11.73035 11.52127
11.65818 11.69869 11.71747 11.72051 11.76 11.45433 11.43141 11.74886 11.73636 11.52957
11.66268 11.70097 11.72117 11.7228 11.76 11.46273 11.44515 11.75189 11.74237 11.53788
11.66721 11.70327 11.72493 11.7251 11.76 11.47115 11.45891 11.75493 11.74564 11.54622
