4.19087 4.51351 4.07722 4.50784 4.45804 4.97238 5.49871 5.20645 4.9411 5.26584
4.1915 4.51355 4.07713 4.50833 4.45926 4.97056 5.50641 5.20643 4.94112 5.26584
4.1984 4.51369 4.07761 4.5093 4.46198 4.97051 5.50889 5.20642 4.94158 5.26665
4.20761 4.51407 4.07976 4.51096 4.46598 4.97608 5.51193 5.20639 4.94381 5.26805
4.21326 4.5151 4.08204 4.51493 4.47093 4.97764 5.51521 5.20635 4.94657 5.26981
4.22353 4.51768 4.085 4.52262 4.47792 4.97717 5.51908 5.20635 4.95011 5.27202
4.21916 4.52469 4.08942 4.53391 4.48705 4.97937 5.52231 5.20641 4.95422 5.27525
4.23581 4.53806 4.09556 4.55008 4.503 4.98988 5.52609 5.20672 4.97629 5.28041
4.25724 4.56189 4.10579 4.57078 4.52467 4.99648 5.53199 5.20749 4.98316 5.28951
4.34464 4.60452 4.13164 4.60429 4.55035 5.00509 5.5364 5.20951 4.99154 5.30616
4.67586 4.75912 4.21608 4.74508 4.6914 5.08028 5.5481 5.23059 5.0282 5.36886
5.8976 5.74665 4.77523 6.08652 5.60364 5.58722 5.9294 5.7525 5.57412 5.7887
7.62703 7.84207 6.05525 7.95123 7.52438 6.84312 7.18326 7.28645 6.87097 6.98192
9.40326 9.61388 7.92959 9.81771 9.0465 8.11226 9.78779 9.39264 8.60341 8.67867
10.76553 10.91086 9.40874 10.96228 10.09009 9.34269 10.93269 10.6779 10.14672 10.21952
11.26531 11.40881 10.70245 11.59385 10.98614 10.65763 11.44585 11.56994 11.242 11.25317
11.56529 11.54541 11.11749 11.75166 11.29475 11.34696 11.69344 11.75389 11.67388 11.44473
11.7303 11.60957 11.41941 11.76 11.76 11.76 11.73874 11.76 11.76 11.56758
11.76 11.66067 11.56016 11.76 11.76 11.76 11.74245 11.76 11.76 11.68629
11.76 11.69053 11.64158 11.76 11.76 11.76 11.74244 11.76 11.76 11.74987
11.76 11.76 11.69673 11.76 11.76 11.76 11.74243 11.76 11.76 11.76
