3.45129 3.67114 3.67632 3.72846 3.75639 4.07413 4.4535 3.90429 4.23246 4.21508
3.46279 3.68297 3.6851 3.7393 3.76608 4.08449 4.46475 3.91677 4.26381 4.22779
3.4743 3.6962 3.69654 3.75117 3.77599 4.09657 4.47633 3.93102 4.27748 4.24104
3.491 3.70988 3.70789 3.76347 3.78609 4.11294 4.53571 3.94757 4.29263 4.25647
3.49831 3.7252 3.71989 3.7766 3.79681 4.12797 4.67818 3.96591 4.31035 4.27394
3.51676 3.77315 3.73382 3.79182 3.80881 4.15149 4.83297 3.98606 4.33115 4.30392
3.53465 3.86156 3.75039 3.81347 3.82182 4.17351 4.85542 4.00625 4.35479 4.32755
3.58437 4.07806 3.78167 3.88682 3.84887 4.19572 4.89558 4.04825 4.41909 4.45061
3.65999 4.33777 3.87018 4.09666 3.94738 4.24144 5.00011 4.15876 4.59074 4.70613
3.84619 4.69737 4.11724 4.53814 4.15128 4.39241 5.42274 4.41806 4.99138 5.23278
4.22504 5.36282 4.74813 5.3624 4.70001 4.76579 5.8055 4.95401 5.56662 5.91859
4.96076 5.96372 5.66935 6.0606 5.46724 5.53581 6.53292 5.83473 6.28408 6.33897
6.18486 6.64464 6.65125 7.03501 6.59258 6.35568 7.40649 7.1138 7.11074 7.08486
7.46779 7.96005 7.60736 7.8101 8.006 7.06646 8.30827 8.20512 8.29301 8.65332
9.33039 9.19066 8.64316 8.77853 9.48897 7.76585 9.51052 9.59797 9.665 10.29538
10.75648 10.69771 10.08083 10.44409 10.8644 8.62458 10.68483 10.22331 10.83082 11.34993
11.29849 11.3328 11.45094 11.48028 11.2249 10.38726 11.6433 11.09449 11.51419 11.55786
11.6547 11.71284 11.56995 11.74935 11.63376 11.65027 11.69565 11.29593 11.52371 11.56676
11.76 11.76 11.74006 11.76 11.64647 11.76 11.76 11.31373 11.5326 11.57566
11.76 11.76 11.74394 11.76 11.65364 11.76 11.76 11.33153 11.54149 11.58439
11.76 11.76 11.74595 11.76 11.66081 11.76 11.76 11.34935 11.5504 11.5935
