3.09785 3.43745 3.34403 3.36293 3.72668 3.81556 4.08005 3.37904 4.25451 3.81625
3.09785 3.43745 3.34403 3.36293 3.72668 3.81556 4.08005 3.37904 4.25451 3.81625
3.09785 3.43745 3.34403 3.36293 3.72668 3.81556 4.08005 3.37904 4.25451 3.81625
3.09785 3.43745 3.34403 3.36293 3.72668 3.81556 4.08005 3.37904 4.25451 3.81625
3.09785 3.43745 3.34403 3.36293 3.72668 3.81556 4.08005 3.37904 4.25451 3.81625
3.09785 3.43745 3.34403 3.36293 3.72668 3.81556 4.08005 3.37904 4.25451 3.81625
3.09785 3.43745 3.34403 3.36293 3.72668 3.81556 4.08005 3.37904 4.25451 3.81625
3.09785 3.43745 3.34403 3.36293 3.72668 3.81556 4.08005 3.37904 4.25451 3.81625
3.09785 3.43745 3.34403 3.36293 3.72668 3.81556 4.08005 3.37904 4.25451 3.81625
3.09785 3.43745 3.34403 3.36293 3.72668 3.81556 4.08005 3.37904 4.25451 3.81625
3.09785 3.43745 3.34403 3.36293 3.72668 3.81556 4.08005 3.37904 4.25451 3.81625
3.09785 3.43745 3.34403 3.36293 3.72668 3.81556 4.08005 3.37904 3.97029 3.81625
3.09785 3.43745 3.34403 3.36293 3.72668 3.81556 4.08005 3.37904 4.25451 3.81625
3.09785 3.43745 3.34403 3.36293 3.72668 3.81556 4.08005 3.37904 4.25451 3.81625
3.09785 3.43745 3.34403 3.36293 3.72668 3.81556 4.08005 3.37904 4.25451 3.81625
3.09785 3.43745 3.34403 3.36293 3.72668 3.81556 4.08005 3.37904 4.25451 3.81625
3.09785 3.43745 3.34403 3.36293 3.72668 3.81556 4.08005 3.37904 4.25451 3.81625
3.09785 3.43745 3.34403 3.36293 3.72668 3.81556 4.08005 3.37904 4.25451 3.81625
3.09785 3.43745 3.34403 3.36293 3.72668 3.81556 4.08005 3.37904 4.25451 3.81625
3.09785 3.43745 3.34403 3.36293 3.72668 3.81556 4.08005 3.37904 4.25451 3.81625
3.09785 3.43745 3.34403 3.36293 3.72668 3.81556 4.08005 3.37904 4.25451 3.81625
