3.80259 4.38271 4.18439 4.33585 4.04519 4.30769 4.76895 4.5581 4.82013 4.64907
3.81543 4.39862 4.19459 4.35038 4.05862 4.32161 4.78518 4.57678 4.82959 4.66534
3.83029 4.4161 4.20649 4.36704 4.07292 4.34415 4.80571 4.59857 4.83958 4.68389
3.84782 4.44109 4.22143 4.38813 4.0885 4.3674 4.82659 4.62302 4.84922 4.703
3.86175 4.47107 4.25374 4.41232 4.10869 4.38955 4.84896 4.64977 4.85841 4.72188
3.88357 4.50423 4.28549 4.4476 4.13923 4.41334 4.87442 4.67927 4.8589 4.7439
3.90309 4.53374 4.31169 4.50033 4.16799 4.43587 4.89801 4.71634 4.89963 4.76923
3.9269 4.57442 4.34947 4.54104 4.24489 4.46506 4.92747 4.75633 4.92745 4.80152
3.96971 4.63471 4.42231 4.59393 4.44727 4.51529 4.97133 4.80042 4.95859 4.8372
4.05989 4.78468 4.65388 4.70976 5.33978 4.90265 5.04951 4.87753 5.13112 5.02753
5.4155 6.00343 5.72835 5.87466 6.18345 5.62704 5.8925 5.70943 5.84563 6.20531
7.78073 8.02656 7.64804 7.79223 7.94473 7.082 8.27886 8.13666 7.64284 9.46837
9.84765 9.44205 9.6806 9.57352 9.46191 9.64091 10.57568 10.68068 9.827 10.58898
10.91678 10.91184 11.41084 11.27878 11.21296 11.64115 11.69806 11.40066 11.02804 11.39224
11.49939 11.61345 11.55064 11.76 11.64578 11.64514 11.71389 11.43251 11.72325 11.64986
11.73959 11.63793 11.71837 11.76 11.67289 11.64896 11.71789 11.44464 11.76 11.65627
11.74294 11.64308 11.72087 11.76 11.67952 11.65296 11.7217 11.45907 11.76 11.66269
11.74422 11.65074 11.72338 11.76 11.687 11.65696 11.72787 11.47061 11.76 11.66911
11.74729 11.65855 11.72523 11.76 11.69481 11.66089 11.73404 11.48176 11.76 11.67552
11.75035 11.66636 11.72774 11.76 11.70261 11.66458 11.73929 11.49293 11.76 11.67983
11.75342 11.67416 11.73024 11.76 11.71042 11.66828 11.74215 11.50408 11.76 11.68342
