3.45142 3.62185 3.29051 3.5417 3.72772 4.28796 4.12154 4.16476 3.80587 4.32653
3.45857 3.63009 3.29888 3.54823 3.73607 4.29809 4.13021 4.17308 3.81572 4.3371
3.4686 3.63979 3.31037 3.5565 3.74494 4.31143 4.14225 4.18179 3.8301 4.35448
3.48375 3.65421 3.32966 3.57081 3.75822 4.33568 4.15962 4.1937 3.84869 4.37709
3.50487 3.67494 3.34838 3.59413 3.77705 4.3538 4.18148 4.21166 3.87348 4.40469
3.53265 3.70779 3.37802 3.63338 3.8037 4.37368 4.22519 4.23581 3.90368 4.53807
3.77191 3.91973 3.59121 3.72336 3.8741 4.42847 4.37702 4.36911 3.97608 4.99854
5.5071 5.24977 4.46198 4.43082 4.10776 4.90095 5.14405 5.05048 4.54329 6.28888
6.98812 6.34578 5.33694 5.47574 4.30954 5.29713 6.05421 5.68173 4.82626 7.11155
8.12993 7.60795 6.47561 6.8105 4.58068 5.69034 7.33783 6.35591 5.54849 7.43467
8.89476 8.92744 7.74305 8.06614 5.4085 6.70927 8.10165 7.46884 7.0274 7.78279
9.82546 9.69831 8.52056 9.61029 6.45275 7.86808 9.00755 9.34921 8.56947 8.3687
10.43714 10.37713 9.31894 10.62255 8.11339 9.32716 9.87507 10.37302 9.57542 9.5356
10.89201 10.95938 10.07126 11.14711 9.21366 9.98922 10.62231 11.55324 10.86615 10.77446
11.28526 11.46371 11.09022 11.64475 10.52429 11.48608 11.55515 11.70379 11.48377 11.36895
11.69669 11.63784 11.50086 11.74157 11.76 11.76 11.56028 11.70868 11.49316 11.47556
11.71301 11.67743 11.54452 11.74484 11.76 11.76 11.56537 11.71353 11.50237 11.48487
11.71747 11.67975 11.55472 11.7471 11.76 11.76 11.57047 11.71849 11.5116 11.49389
11.7219 11.68206 11.56486 11.74931 11.76 11.76 11.57553 11.72342 11.52072 11.50286
11.72627 11.68433 11.5749 11.75152 11.76 11.76 11.58056 11.72833 11.52978 11.51177
11.72841 11.68664 11.58365 11.75377 11.76 11.76 11.58563 11.73327 11.53894 11.52076
