3.6037 4.24649 4.0607 4.0871 4.15992 4.48129 5.09013 4.71903 4.82556 4.69265
3.61947 4.26543 4.07677 4.09986 4.17572 4.49849 5.11154 4.7415 4.84636 4.70786
3.63407 4.28546 4.09645 4.11372 4.1924 4.51825 5.13313 4.76645 4.86821 4.72381
3.66572 4.30628 4.11768 4.13119 4.21067 4.55559 5.1601 4.79173 4.90239 4.72568
3.69699 4.33174 4.13932 4.15908 4.23016 4.57842 5.18402 4.81945 4.91768 4.75871
3.71949 4.36164 4.17782 4.19749 4.25175 4.6039 5.2095 4.84837 4.9449 4.7856
3.74851 4.40086 4.1981 4.24143 4.2747 4.61723 5.2354 4.88155 4.97806 4.78864
3.76193 4.45184 4.24339 4.29775 4.30154 4.63802 5.2636 4.92828 5.01555 4.83329
3.7982 4.52694 4.30499 4.34647 4.34238 4.65128 5.29494 4.98831 5.07236 4.87229
3.87702 4.63078 4.41731 4.46875 4.7172 4.71057 5.34787 5.04737 5.13081 4.93621
4.80693 5.53041 5.2282 5.50328 5.75813 4.85798 5.61173 5.1494 5.21042 5.57686
7.06923 7.49351 7.72797 7.75672 7.17883 5.68202 7.26373 6.61907 6.5525 7.30383
9.20977 9.38028 9.97131 10.01898 9.14466 7.87484 9.20685 8.77655 8.81411 9.23959
10.15427 10.55663 11.16629 11.29357 11.11137 10.93889 11.1771 10.81354 10.64533 10.46576
11.04362 11.51888 11.39395 11.72144 11.58761 11.61831 11.76 11.57021 11.33356 11.63963
11.64166 11.76 11.62116 11.76 11.76 11.76 11.76 11.76 11.76 11.76
11.76 11.76 11.76 11.76 11.76 11.76 11.76 11.76 11.76 11.76
11.76 11.76 11.76 11.76 11.76 11.76 11.76 11.76 11.76 11.76
11.76 11.76 11.76 11.76 11.76 11.76 11.76 11.76 11.76 11.76
11.76 11.76 11.76 11.76 11.76 11.76 11.76 11.76 11.76 11.76
11.76 11.76 11.76 11.76 11.76 11.76 11.76 11.76 11.76 11.76
