3.57069 3.74925 3.56974 3.25339 3.72553 4.52273 4.31664 3.94964 4.07442 4.41476
3.5795 3.75903 3.58018 3.26142 3.73729 4.53371 4.32836 3.9748 4.08685 4.42684
3.58995 3.77078 3.60143 3.27002 3.74936 4.54509 4.34023 3.99872 4.10029 4.43821
3.60242 3.78496 3.61905 3.28015 3.76188 4.55904 4.35227 4.01098 4.1149 4.44933
3.61599 3.80194 3.63454 3.29439 3.77723 4.57794 4.36545 4.02388 4.13209 4.461
3.63289 3.8241 3.65099 3.31127 3.79758 4.60305 4.38112 4.03955 4.15389 4.47442
3.65496 3.85037 3.66883 3.33297 3.82241 4.63131 4.39827 4.05985 4.18047 4.49078
3.72899 3.89315 3.70318 3.36484 3.87005 4.66905 4.43729 4.09651 4.24265 4.52533
3.91305 4.03992 3.81479 3.44949 4.0342 4.7477 4.53824 4.18404 4.37749 4.65608
4.26669 4.40942 4.14552 3.85509 4.47272 5.18102 4.76438 4.59156 4.82878 5.01853
4.96168 5.11763 4.73268 4.72896 5.1743 5.90142 5.19373 5.29757 5.71356 5.84896
6.2038 5.91333 5.61772 5.92562 5.90225 7.17284 5.89761 6.35946 7.0385 6.87769
7.8134 6.92835 7.21997 7.25932 6.75908 8.34405 6.96392 7.49376 8.38094 8.25872
9.33674 8.37675 8.7237 8.5636 8.00167 9.22049 8.14026 8.76621 9.68536 9.09366
10.62468 9.61965 10.24399 9.66833 9.41742 10.02161 9.92622 9.89582 11.10145 10.04652
11.28036 11.04381 11.25732 10.63844 11.10343 10.8331 11.48222 10.99089 11.55673 10.95255
11.54291 11.42024 11.46001 11.07395 11.5659 11.35262 11.74127 11.66454 11.57447 11.5983
11.75013 11.76 11.5922 11.56784 11.76 11.76 11.76 11.76 11.5828 11.76
11.76 11.76 11.76 11.76 11.76 11.76 11.76 11.76 11.58952 11.76
11.76 11.76 11.76 11.76 11.76 11.76 11.76 11.76 11.59625 11.76
11.76 11.76 11.76 11.76 11.76 11.76 11.76 11.76 11.60298 11.76
