3.6692 3.73726 3.57338 3.64493 4.08439 3.99361 3.95378 4.44236 3.9384 4.52093
3.67771 3.74701 3.58716 3.65609 4.09334 4.00661 3.96297 4.48361 3.95349 4.53305
3.6881 3.75217 3.60394 3.66845 4.10903 4.0207 3.97264 4.49811 3.9678 4.54588
3.70093 3.77364 3.62464 3.68211 4.16862 4.03777 3.98393 4.51425 3.98894 4.56453
3.70226 3.79329 3.64547 3.698 4.19239 4.05573 4.00395 4.53152 4.01063 4.58619
3.71671 3.82292 3.66726 3.71523 4.22307 4.07253 4.03592 4.54821 4.03025 4.60627
3.74957 3.85772 3.94407 3.7329 4.23574 4.08919 4.14416 4.5645 4.04815 4.62258
3.77071 3.91861 3.99618 3.75182 4.26863 4.10564 4.40129 4.58094 4.08409 4.64219
3.80921 4.26897 4.05259 3.77582 4.30879 4.15581 4.45234 4.61755 4.11354 4.6663
3.85959 4.3393 4.1085 3.82788 4.3538 4.17986 4.49584 4.6555 4.13924 4.70445
4.48663 4.6495 4.40146 4.34929 4.56992 4.58233 4.55937 4.70622 4.19229 5.30024
6.70999 5.63544 5.74239 6.04466 6.54971 5.70763 4.92415 5.99496 5.00796 6.03229
8.04054 7.11031 7.36977 7.45791 7.93116 7.07978 5.4312 7.47385 6.49129 6.90541
9.14781 8.7253 8.77713 8.77976 8.81363 8.92759 6.13758 8.36813 7.27433 8.15151
10.3791 10.36607 10.0219 10.12537 9.88916 10.81895 7.36393 9.55712 8.72383 8.9646
11.39699 11.41029 10.90705 11.09177 10.88877 11.11181 8.72951 10.50455 11.42334 10.49553
11.75478 11.5845 11.37941 11.57927 11.6186 11.64519 9.8 11.13618 11.68402 11.36827
11.76 11.67907 11.68672 11.75899 11.76 11.6554 11.13423 11.61657 11.6956 11.76
11.76 11.7095 11.69306 11.76 11.76 11.665 11.67446 11.76 11.70596 11.76
11.76 11.71196 11.6953 11.76 11.76 11.67118 11.68031 11.76 11.71634 11.76
11.76 11.71445 11.69755 11.76 11.76 11.67739 11.68593 11.76 11.72678 11.76
