3.30376 3.47075 3.32895 3.18298 3.58941 4.17391 4.56183 3.67033 4.38613 3.9998
3.31341 3.47782 3.3386 3.19085 3.60032 4.18561 4.56104 3.68266 4.39427 4.01129
3.32399 3.48654 3.35075 3.19944 3.61335 4.19476 4.57298 3.69522 4.40455 4.02295
3.33492 3.49723 3.36494 3.20981 3.62668 4.20396 4.58542 3.7081 4.41568 4.03534
3.34662 3.50942 3.3807 3.22059 3.64204 4.21092 4.59902 3.7239 4.42706 4.04962
3.35946 3.52358 3.39872 3.23945 3.65929 4.2242 4.61643 3.74167 4.44241 4.06819
3.37542 3.54007 3.41966 3.26927 3.69791 4.2334 4.64878 3.7613 4.46378 4.09231
3.41616 3.5783 3.45398 3.32719 3.81305 4.26798 4.72313 3.78915 4.51641 4.15026
3.49893 3.68963 3.55953 3.45263 4.08161 4.40455 4.85979 3.85023 4.70516 4.35465
3.87779 3.93281 3.92941 3.73184 4.7677 4.77569 5.23987 4.0004 5.0961 4.87331
4.63179 4.37745 4.63394 4.212 5.65261 5.32433 6.02012 4.26261 5.85128 6.16494
5.7586 5.15055 5.77257 5.10117 6.75343 6.23767 7.18173 4.62567 6.78257 7.52221
7.50281 6.17408 6.88359 6.09158 7.68511 7.07041 8.66176 5.30274 7.49707 8.96868
9.03055 7.49971 8.34794 7.46689 8.65303 7.59641 9.69713 6.3542 8.5357 10.1896
10.08753 8.85263 10.08314 9.10702 9.47451 8.22376 10.43656 7.76824 9.83472 10.7025
10.96066 10.33849 10.8757 10.48116 10.55371 9.13579 11.12732 9.99385 11.04732 11.00913
11.40897 11.22902 11.31953 11.22906 11.35838 10.19823 11.76 11.66204 11.59925 11.42384
11.65109 11.71634 11.68052 11.34832 11.63482 11.62026 11.76 11.72382 11.76 11.59441
11.65661 11.67256 11.68917 11.35824 11.76 11.76 11.76 11.72692 11.76 11.60279
11.66184 11.76 11.69684 11.36705 11.76 11.76 11.76 11.73002 11.76 11.61118
11.66707 11.76 11.70216 11.37593 11.76 11.76 11.76 11.73313 11.76 11.61957
