3.77573 3.64936 3.71341 3.51271 3.66123 4.40256 3.91422 4.01913 4.24939 3.8408
3.78652 3.68501 3.72303 3.52326 3.66959 4.4226 3.92589 4.02834 4.25974 3.85164
3.79577 3.70018 3.73292 3.53626 3.68064 4.4471 3.93945 4.03851 4.27081 3.8626
3.81077 3.71819 3.74304 3.55011 3.69409 4.46147 3.9549 4.04943 4.28408 3.87459
3.82957 3.74025 3.75396 3.5681 3.70932 4.48158 3.97171 4.06305 4.3014 3.93046
3.8533 3.7663 3.7671 3.58865 3.72842 4.50477 3.99111 4.07565 4.32207 4.02902
3.93393 3.80284 3.78187 3.614 3.75132 4.52874 4.01274 4.09438 4.35951 4.26689
4.15527 3.85564 3.82723 3.69036 3.82883 4.5837 4.06721 4.13219 4.46099 4.29203
4.58171 3.95102 3.98746 3.90753 3.93551 4.68083 4.18424 4.23967 4.81262 4.38625
5.5337 4.22603 4.54579 4.38861 4.33456 4.93323 4.43084 4.67229 5.22767 4.6192
6.58822 4.7611 5.50086 5.25012 4.69511 5.45294 5.04124 5.17939 5.96815 5.27298
7.47728 5.58941 6.92307 6.56836 5.47106 6.16677 5.626 6.10577 7.1192 5.74799
8.25332 6.60924 7.9989 7.91312 6.25217 6.80575 6.57735 7.29486 7.83597 6.40868
9.02819 7.52329 9.23762 9.18701 6.94241 8.00904 7.89419 8.29636 8.58048 7.17734
10.20874 8.93827 10.32608 10.06338 7.89536 9.71953 9.30863 9.30052 9.62905 7.90461
11.09786 10.95463 10.92582 10.88815 10.29862 11.02984 10.66093 10.47895 11.27589 9.49328
11.40205 11.35558 11.29062 11.33187 11.18927 11.69168 11.47041 11.11376 11.56356 10.93022
11.5984 11.64612 11.64033 11.73857 11.58611 11.70445 11.53959 11.28633 11.6719 11.08164
11.60892 11.656 11.66556 11.74042 11.64036 11.70726 11.55162 11.30399 11.67753 11.09628
11.61617 11.66152 11.67009 11.74227 11.6499 11.71007 11.56365 11.32169 11.68316 11.11094
11.62343 11.66703 11.67271 11.74413 11.65793 11.71288 11.57568 11.3394 11.68819 11.1256
