4.09872 3.99256 4.02967 3.70171 3.9893 3.9353 4.40253 3.89353 3.99093 4.79401
4.10925 4.00698 4.04684 3.71427 4.00097 3.94952 4.41217 3.91053 4.00967 4.80838
4.12122 4.0222 4.06827 3.73025 4.03366 3.96455 4.42893 3.92843 4.02907 4.82996
4.13773 4.03932 4.09276 3.74961 4.04911 3.98554 4.45633 3.94822 4.05117 4.85896
4.15443 4.06139 4.11788 3.76968 4.06468 4.00391 4.48509 3.96723 4.0745 4.87894
4.17105 4.08483 4.14413 3.80732 4.08462 4.02629 4.51467 3.98968 4.0989 4.89779
4.19303 4.11286 4.17181 3.90934 4.10071 4.04964 4.53715 4.01438 4.12454 4.91106
4.21812 4.15857 4.20378 4.03518 4.11992 4.12382 4.56612 4.04012 4.15476 4.93084
4.29113 4.23279 4.26625 4.3054 4.16201 4.162 4.60189 4.06676 4.19388 4.95722
4.40618 4.34329 4.57624 4.44887 4.24428 4.44124 4.64735 4.10559 4.24607 5.00169
4.91463 4.76886 5.57615 5.05466 5.10742 4.99706 5.17235 4.29934 4.51379 5.08646
7.24901 6.28092 7.25721 6.62601 7.03377 6.41469 6.94798 5.94148 6.08768 6.45709
9.45948 7.9731 9.41367 9.05507 9.1594 8.63707 9.20286 7.94121 8.60238 9.38643
10.71399 9.91537 10.95334 10.65185 10.63057 10.42816 10.50717 9.84603 10.33168 11.29038
11.28563 11.38985 11.56849 11.44285 11.20068 11.1174 11.5846 11.13039 11.2815 11.73644
11.66609 11.76 11.76 11.76 11.70426 11.43237 11.76 11.67052 11.72571 11.76
11.67052 11.76 11.76 11.76 11.76 11.43552 11.76 11.67774 11.76 11.76
11.67338 11.76 11.76 11.76 11.76 11.43868 11.76 11.68497 11.76 11.76
11.67624 11.76 11.76 11.76 11.76 11.44185 11.76 11.6919 11.76 11.76
11.6791 11.76 11.76 11.76 11.76 11.44501 11.76 11.69573 11.76 11.76
11.68196 11.76 11.76 11.76 11.76 11.44818 11.76 11.69957 11.76 11.76
