3.22588 4.20311 3.26328 3.07841 3.3103 3.34381 3.30576 3.06727 3.18142 3.21536
3.23581 4.21626 3.27089 3.08607 3.31809 3.35177 3.31331 3.07572 3.18853 3.22494
3.24641 4.23126 3.27872 3.11311 3.32894 3.36037 3.32133 3.08567 3.19589 3.23601
3.25818 4.24768 3.28703 3.12533 3.3519 3.37255 3.33001 3.09746 3.204 3.24908
3.27229 4.26838 3.29687 3.13822 3.36567 3.38934 3.34059 3.11098 3.21568 3.26476
3.29102 4.29621 3.30935 3.15312 3.4085 3.4113 3.35546 3.12658 3.23102 3.28344
3.32251 4.33117 3.32401 3.1711 3.45328 3.4435 3.37752 3.14437 3.24973 3.30556
3.39341 4.47317 3.36062 3.27481 3.54345 3.51261 3.43484 3.1875 3.28375 3.35502
3.53304 4.78221 3.55004 3.53466 3.88995 3.66713 3.62386 3.35522 3.4318 3.51472
3.84946 5.53113 4.10105 4.07157 4.2212 3.99108 4.02139 3.78567 3.8792 3.87939
4.37199 6.51003 5.00636 4.90315 5.05894 4.55586 4.75192 4.53327 4.68313 4.75252
5.12094 7.88372 6.41217 6.05888 5.8548 5.45624 5.90309 5.63548 5.83896 5.81904
6.15898 8.72428 7.79418 7.38527 6.65667 6.58355 7.13543 6.86077 7.35542 7.18998
7.67529 9.40702 8.99349 8.56041 7.49148 7.97386 8.50886 8.14122 8.8215 8.23825
8.88574 10.51722 9.98097 9.45889 8.76821 9.81721 10.12299 9.19675 10.01561 9.22988
10.49489 11.16708 11.04513 10.4078 10.14017 10.74824 10.79211 10.24876 10.7369 9.93709
11.21347 11.54501 11.55428 11.09175 11.15791 11.25372 11.31865 11.14828 11.35241 10.70278
11.65329 11.74607 11.76 11.34168 11.53542 11.59982 11.61532 11.61753 11.61767 11.21187
11.70993 11.76 11.76 11.71629 11.71183 11.76 11.68704 11.66365 11.65589 11.55171
11.71903 11.76 11.76 11.72066 11.71721 11.76 11.69776 11.67193 11.65999 11.60203
11.72356 11.76 11.76 11.72467 11.72176 11.76 11.70277 11.67463 11.66371 11.60724
