3.31678 3.4046 3.13309 2.95148 3.31302 3.3012 3.29028 2.97888 3.23098 3.24816
3.33 3.41456 3.14182 2.95089 3.3206 3.30897 3.29847 2.9895 3.23789 3.25562
3.34767 3.42605 3.15229 2.96465 3.32864 3.31999 3.30857 2.99637 3.24527 3.2654
3.36762 3.44038 3.16486 2.97193 3.33753 3.33695 3.31976 3.00563 3.25523 3.29404
3.3864 3.45664 3.17815 2.98368 3.34638 3.35613 3.3327 3.01802 3.26979 3.30561
3.4055 3.47587 3.1926 2.99466 3.35659 3.37593 3.34855 3.03133 3.28411 3.31019
3.43157 3.50658 3.20882 3.02066 3.36682 3.40205 3.36673 3.04876 3.30095 3.32639
3.46265 3.54572 3.22591 3.03865 3.38045 3.43498 3.39235 3.07424 3.32152 3.36246
3.50651 3.59666 3.25161 3.08312 3.41558 3.46653 3.42562 3.11288 3.34957 3.4117
3.61536 3.6707 3.29227 3.1211 3.46932 3.52213 3.68049 3.16188 3.39401 3.47292
4.03654 3.90263 3.49411 3.67477 4.17799 4.43281 4.09154 3.49646 3.85527 3.94526
5.23861 6.15074 4.56441 5.02062 5.41246 5.66849 5.42669 5.22697 5.25654 5.31295
6.63037 7.35539 6.07286 6.2319 6.43861 6.89391 7.36757 6.7522 6.66293 6.5716
7.88262 8.22321 7.62529 7.229 7.97394 8.22267 8.6673 8.0786 8.09024 7.86434
9.28323 9.27448 9.25772 8.46025 9.40493 9.43259 9.91245 8.99914 9.48748 9.41809
10.49473 10.27286 10.46693 9.77669 10.45232 10.6514 10.76387 9.94987 10.54621 10.44132
11.22587 11.27924 11.16856 10.63006 11.25718 11.42305 11.13178 10.93354 11.16638 11.08345
11.64601 11.63443 11.44272 11.18875 11.66168 11.62426 11.59513 11.5518 11.48285 11.51043
11.74354 11.7039 11.67853 11.7524 11.74237 11.72357 11.76 11.66654 11.58488 11.65191
11.75361 11.70917 11.682 11.75421 11.7482 11.72585 11.76 11.67599 11.59113 11.6585
11.75603 11.7116 11.6841 11.75603 11.75034 11.72789 11.76 11.68171 11.59536 11.66206
