3.53598 3.88315 3.60161 3.76368 4.05145 4.52833 4.34158 4.13885 4.21745 5.06643
3.54722 3.89383 3.6074 3.77743 4.06175 4.54352 4.35479 4.1499 4.23619 5.08144
3.55947 3.8677 3.62344 3.79284 4.07348 4.56192 4.36906 4.16198 4.25359 5.09959
3.5755 3.93731 3.64225 3.81535 4.08892 4.58217 4.38686 4.17489 4.27355 5.11707
3.59422 3.9611 3.66032 3.84864 4.10946 4.59505 4.40881 4.18808 4.29637 5.13604
3.69178 3.98527 3.6951 3.88661 4.13577 4.62397 4.44464 4.2079 4.32605 5.15439
3.87314 4.01038 3.72309 3.93573 4.16934 4.64774 4.47958 4.23351 4.35805 5.17727
4.11579 4.04761 3.77387 4.00272 4.21686 4.67665 4.5452 4.26608 4.41332 5.21066
4.28545 4.10585 3.85278 4.08177 4.28208 4.71389 4.59265 4.30686 4.46624 5.26182
4.44507 4.4163 4.00967 4.25588 4.4062 4.85917 4.65369 4.4105 4.62692 5.35022
5.13422 5.62045 5.25988 5.08999 5.5891 6.00038 5.11023 5.50566 5.73888 6.10154
6.67084 7.33391 6.9815 6.68512 8.00093 8.85199 7.51398 7.5369 7.08215 8.47673
8.31763 9.3172 9.12999 9.09039 9.89038 10.86765 9.73402 9.76169 8.25312 11.23834
10.172 11.08808 10.64183 10.74068 11.23033 11.46447 11.20636 11.1537 10.33599 11.72135
11.3416 11.63275 11.58522 11.59163 11.70926 11.47419 11.55153 11.22703 11.76 11.74157
11.64713 11.65196 11.72205 11.61183 11.74236 11.48246 11.56125 11.26067 11.76 11.74514
11.65936 11.6544 11.72502 11.61804 11.7453 11.48813 11.57122 11.28357 11.76 11.74872
11.66397 11.65948 11.72992 11.62462 11.74825 11.49381 11.5812 11.30633 11.76 11.7523
11.66919 11.66458 11.73482 11.63118 11.75119 11.49948 11.59118 11.32923 11.76 11.75587
11.67443 11.66967 11.73973 11.63775 11.75414 11.50516 11.60114 11.34947 11.76 11.75945
11.67965 11.67476 11.74376 11.64432 11.75708 11.51102 11.61112 11.36806 11.76 11.76
