2.92826 3.26709 3.12045 3.20471 3.34815 2.91669 3.2588 3.02571 3.11253 3.19345
2.93636 3.27781 3.12853 3.2165 3.35657 2.92657 3.26781 3.03587 3.12299 3.20184
2.94495 3.29206 3.15223 3.23433 3.36537 2.92687 3.2773 3.04634 3.13592 3.21026
2.95423 3.36646 3.16378 3.25274 3.37606 2.93789 3.28775 3.05762 3.15286 3.21986
2.9636 3.46463 3.17472 3.2871 3.38871 2.95412 3.3001 3.06895 3.17045 3.23064
2.9728 3.48661 3.1731 3.31986 3.40232 2.9596 3.31625 3.08565 3.18782 3.24612
2.9833 3.50618 3.18928 3.36391 3.41761 2.98189 3.3316 3.10519 3.20797 3.26333
2.99623 3.52822 3.20718 3.39644 3.43423 2.99064 3.34782 3.13128 3.23084 3.28387
3.01209 3.55869 3.25874 3.43539 3.45482 3.01071 3.37412 3.16192 3.2588 3.33189
3.04232 3.6123 3.3119 3.48769 3.49573 3.04643 3.41777 3.2112 3.29774 3.37736
3.31451 4.37892 3.74929 4.10097 3.78911 3.60825 3.73528 3.3891 3.88831 3.8662
4.95245 6.31744 5.30999 5.73183 5.21707 5.15513 5.81557 4.51884 5.86095 5.73969
6.9607 7.58855 6.64223 7.25201 6.95339 6.81379 6.92589 5.78104 7.49546 7.27256
8.50163 8.54608 7.94657 8.21439 8.53315 7.90129 7.97716 7.28569 8.7331 8.15872
9.37421 9.324 9.44837 9.50527 9.50034 9.1859 9.37074 9.07321 9.70342 9.63576
10.23179 10.0438 10.50436 10.54881 10.45149 9.99182 10.40598 10.13595 10.49003 10.44909
10.97846 10.85309 11.26497 11.25041 11.07807 10.80826 11.20208 10.79533 10.80147 11.19558
11.46021 11.29592 11.58521 11.6067 11.40622 11.2526 11.50953 11.18106 11.05756 11.60791
11.76 11.70288 11.65054 11.76 11.74466 11.73198 11.75645 11.6365 11.67649 11.76
11.76 11.70744 11.65581 11.76 11.75299 11.7352 11.75888 11.65356 11.73026 11.76
11.76 11.71206 11.66039 11.76 11.75524 11.73795 11.76 11.65884 11.73215 11.76
