3.77857 3.90691 4.13335 3.90528 4.16217 4.64801 4.88492 4.01338 5.03515 4.79564
3.81003 3.91659 4.14787 3.9194 4.18023 4.67064 4.90236 4.03029 5.04373 4.8082
3.82473 3.92728 4.15924 3.93458 4.20192 4.69419 4.92169 4.05911 5.05777 4.83522
3.84085 3.94081 4.1775 3.95342 4.2254 4.71979 4.94601 4.08338 5.07573 4.86158
3.85422 3.95705 4.19466 3.97465 4.24976 4.74247 4.97429 4.10401 5.09451 4.88428
3.86845 3.9752 4.22352 3.99886 4.28128 4.76979 5.00232 4.12352 5.11546 4.91185
3.89261 3.9979 4.25413 4.02874 4.31824 4.79912 5.03684 4.14324 5.14701 5.17003
3.92307 4.03675 4.29049 4.06771 4.36185 4.81603 5.08658 4.16841 5.18615 5.52915
3.97925 4.09225 4.35391 4.12914 4.42741 4.89335 5.15456 4.23144 5.2328 5.55856
4.11797 4.20397 4.57181 4.25855 4.53429 4.96115 5.61829 4.61661 5.32706 5.60201
5.23317 5.30493 5.60045 4.85791 5.58627 5.50218 6.58492 5.52419 6.23426 5.94189
7.06594 7.53349 7.25985 6.51718 7.75849 8.26323 8.36114 7.13307 8.20629 7.69214
9.12532 9.60043 9.06293 8.60105 9.84328 10.68589 9.97567 9.59858 10.08703 9.7891
10.83793 11.12016 10.50851 10.41688 11.04032 11.71344 11.67709 11.33098 11.64855 11.51126
11.61386 11.69187 11.65037 11.2753 11.56905 11.73168 11.71424 11.39437 11.76 11.68764
11.67736 11.74007 11.76 11.36152 11.66282 11.7361 11.72079 11.41347 11.76 11.69414
11.68033 11.74806 11.76 11.3709 11.66886 11.74053 11.72663 11.43426 11.76 11.69743
11.68331 11.75169 11.76 11.37903 11.67454 11.74496 11.73362 11.45526 11.76 11.70071
11.68628 11.75504 11.76 11.38716 11.68001 11.74938 11.74062 11.47624 11.76 11.70399
11.68926 11.7584 11.76 11.3953 11.68568 11.75381 11.74649 11.49747 11.76 11.70727
11.69224 11.76 11.76 11.40343 11.69136 11.75823 11.75001 11.51751 11.76 11.71055
