3.38635 3.68539 3.56569 3.48783 4.00144 4.35231 4.25426 4.16822 3.9144 5.29271
3.39635 3.69934 3.58263 3.50116 4.01718 4.367 4.27091 4.19395 3.93173 5.30758
3.41767 3.71608 3.5986 3.51667 4.03506 4.38195 4.31102 4.22043 3.95218 5.32292
3.42948 3.73379 3.61678 3.53661 4.05464 4.39842 4.33077 4.25826 3.97396 5.33944
3.44455 3.75113 3.63862 3.56321 4.07503 4.41479 4.36262 4.28801 3.99642 5.35899
3.46157 3.77002 3.66034 3.59186 4.09589 4.43378 4.40037 4.32171 4.02371 5.37979
3.48355 3.78968 3.68491 3.62886 4.1262 4.45371 4.43443 4.36177 4.05445 5.40124
3.5015 3.81702 3.72255 3.67557 4.16447 4.47427 4.46879 4.40045 4.09286 5.42489
3.55186 3.87205 3.77405 3.74281 4.21997 4.51365 4.51733 4.44388 4.14635 5.45394
3.6843 4.29203 3.87814 4.04519 4.3245 4.72771 4.58883 4.51219 4.20711 5.51873
4.38863 5.2876 4.42425 4.85805 5.21434 5.39453 4.79084 4.63938 4.51827 6.03366
6.05151 7.55828 6.14268 6.22708 7.75048 7.11022 6.8402 5.59712 5.48894 7.20852
8.03383 9.54147 8.98172 8.11538 9.73462 9.1134 9.8855 7.61894 7.62255 9.9303
9.54069 10.67761 10.64677 10.18095 10.75256 10.56522 11.32088 10.24015 9.75811 11.64917
10.66297 11.18926 11.37366 11.31252 11.4547 11.32581 11.76 11.56174 11.50416 11.76
11.39059 11.66903 11.76 11.76 11.70345 11.44902 11.76 11.75546 11.76 11.76
11.76 11.76 11.76 11.76 11.76 11.45235 11.76 11.75902 11.76 11.76
11.76 11.76 11.76 11.76 11.76 11.45569 11.76 11.76 11.76 11.76
11.76 11.76 11.76 11.76 11.76 11.45904 11.76 11.76 11.76 11.76
11.76 11.76 11.76 11.76 11.76 11.46239 11.76 11.76 11.76 11.76
11.76 11.76 11.76 11.76 11.76 11.46573 11.76 11.76 11.76 11.76
