3.84443 3.89372 3.70862 3.50606 3.62921 4.08169 3.9807 3.65262 3.42934 4.25235
3.8538 3.90118 3.71541 3.5139 3.64605 4.09039 3.99031 3.66242 3.43963 4.26292
3.86683 3.91663 3.72249 3.52575 3.65492 4.09949 3.99997 3.47283 3.45213 4.27425
3.88395 3.92893 3.73154 3.53951 3.67962 4.11196 4.00978 3.48327 3.46646 4.28846
3.90327 3.94293 3.74386 3.55495 3.70126 4.12762 4.021 3.69181 3.48133 4.30531
3.97454 3.96041 3.76503 3.59263 3.72063 4.14652 4.03256 3.70278 3.49662 4.3257
4.08004 3.98326 3.78894 3.65563 3.74352 4.191 4.04515 3.51845 3.5127 4.34978
4.24966 4.04904 3.81832 3.78357 3.79679 4.32408 4.08862 3.74735 3.53358 4.40309
4.69398 4.27969 3.89079 4.05971 3.92098 4.6284 4.23549 3.65017 3.61251 4.57434
5.10847 4.7375 4.12444 4.62315 4.18276 5.16676 4.73309 3.95613 3.89938 5.06963
5.6771 5.64006 4.66351 5.49587 4.74078 6.11941 5.65601 4.47927 4.36182 5.87311
6.75476 6.87039 5.50554 6.5724 5.53854 7.21864 7.2183 5.24873 5.07503 7.26744
7.96342 7.79449 6.68233 7.56754 6.49406 8.49494 8.26501 6.26289 5.80389 8.55573
9.296 9.18733 7.81207 8.70584 7.79858 9.66207 9.15997 7.66583 6.81684 9.73829
10.45936 10.36866 8.99644 9.75353 9.63712 10.6352 9.82555 9.36738 8.2352 10.47914
11.44973 11.2205 10.10731 10.81309 11.00391 11.46357 10.62983 10.2258 9.70479 11.44063
11.68254 11.59906 11.28883 11.55784 11.35446 11.48895 11.43765 11.59722 10.70612 11.75566
11.74937 11.76 11.76 11.73393 11.65273 11.49794 11.72372 11.09379 11.1522 11.75922
11.7513 11.76 11.76 11.76 11.74725 11.50556 11.75362 11.11158 11.17321 11.76
11.75323 11.76 11.76 11.76 11.7496 11.51138 11.75585 11.69027 11.19356 11.76
11.75517 11.76 11.76 11.76 11.75195 11.5172 11.75809 11.14723 11.2139 11.76
