3.83935 4.65213 3.78405 3.73642 3.83256 4.639 4.48325 3.901 4.22251 4.35037
3.85074 4.66475 3.79625 3.75301 3.84128 4.65041 4.4974 3.91498 4.23618 4.36508
3.86645 4.68255 3.81414 3.77382 3.85644 4.66522 4.51244 3.93096 4.25294 4.37977
3.924 4.70258 3.8325 3.80619 3.87507 4.68521 4.52974 3.95516 4.27282 4.39936
3.94631 4.72102 3.84916 3.83225 3.89314 4.70711 4.54799 3.97649 4.29364 4.42114
3.97252 4.74363 3.86601 3.85891 3.91243 4.72984 4.58162 4.00201 4.31541 4.44267
4.00537 4.77847 3.88377 3.88836 3.91564 4.75238 4.61561 4.03066 4.34313 4.46606
4.04975 4.81947 3.91612 3.92371 3.9747 4.78117 4.65781 4.06462 4.37672 4.49415
4.11101 4.87068 3.93543 3.97578 4.04029 4.82111 4.7269 4.10339 4.42326 4.53208
4.44462 5.05357 4.20869 4.20323 4.14982 4.87206 4.80032 4.17687 4.55239 4.59239
5.86144 5.85294 4.98639 5.06477 4.93897 5.95175 5.78937 5.04405 5.38626 5.14429
7.97609 7.72161 6.90092 6.91611 6.90619 7.37317 7.99239 6.7263 7.02595 6.59402
10.03805 9.78119 9.10332 9.2153 8.72402 9.98094 9.79044 8.90817 9.09137 8.42167
11.15143 11.40008 10.4233 10.98417 10.43009 10.83153 11.34286 10.52799 11.01915 9.58636
11.60312 11.74742 11.4366 11.58072 11.32187 11.54852 11.76 11.71137 11.73476 11.18716
11.76 11.76 11.76 11.76 11.61125 11.75124 11.76 11.72438 11.73708 11.69544
11.76 11.76 11.76 11.76 11.76 11.76 11.76 11.72855 11.73957 11.69906
11.76 11.76 11.76 11.76 11.76 11.76 11.76 11.73272 11.74206 11.70248
11.76 11.76 11.76 11.76 11.76 11.76 11.76 11.7369 11.74456 11.70575
11.76 11.76 11.76 11.76 11.76 11.76 11.76 11.74107 11.74705 11.70901
11.76 11.76 11.76 11.76 11.76 11.76 11.76 11.74524 11.74954 11.71228
