3.18406 3.1936 3.16344 2.95824 3.32891 3.16756 3.34203 2.83802 3.31812 3.36236
3.1962 3.20145 3.17243 2.96624 3.33992 3.17608 3.35052 2.84542 3.3253 3.37077
3.20544 3.21649 3.18224 2.97639 3.35433 3.18564 3.35307 2.85485 3.33422 3.3825
3.21539 3.22936 3.19406 2.98553 3.36935 3.19548 3.39854 2.86443 3.34845 3.39742
3.22652 3.24947 3.20896 2.99984 3.38509 3.20586 3.49363 2.8755 3.36873 3.41675
3.24123 3.25763 3.22746 3.01831 3.40465 3.21833 3.61356 2.88883 3.38868 3.44015
3.25935 3.28114 3.25122 3.04662 3.42678 3.23186 3.71372 2.90516 3.41221 3.49303
3.33865 3.34841 3.3345 3.1157 3.53041 3.25869 3.8055 2.95243 3.44375 3.68636
3.5008 3.55821 3.60665 3.27456 3.78564 3.41868 3.97158 3.0699 3.58352 4.16463
3.91668 4.0314 4.05065 3.60944 4.43864 3.91634 4.41701 3.36172 4.03113 4.86011
4.67414 4.79433 4.86636 4.08635 5.46599 4.68731 5.18609 3.88058 4.71025 5.83711
5.57534 6.01218 5.85187 4.92115 6.95914 5.8627 6.43758 4.62142 5.64978 7.29986
6.81358 7.50679 7.12144 5.9702 8.08699 7.3407 7.84716 5.6368 7.14538 8.62139
8.27967 9.10311 8.64523 7.14985 8.95129 8.71868 9.14039 7.03497 8.62188 9.59221
9.85964 10.03447 10.0979 8.87226 9.79446 10.0331 10.18322 8.55503 10.1789 10.37388
10.99521 10.94933 10.81265 10.32676 10.85305 10.954 11.17502 10.17153 11.12958 10.89425
11.52016 11.54852 11.4318 10.9139 11.30017 11.62616 11.70235 11.11711 11.68348 11.27827
11.66378 11.75521 11.74084 11.37563 11.57789 11.76 11.76 11.60817 11.76 11.66159
11.76 11.76 11.76 11.49136 11.76 11.76 11.76 11.67866 11.76 11.73091
11.76 11.76 11.76 11.50886 11.76 11.76 11.76 11.69044 11.76 11.73973
11.76 11.76 11.76 11.51622 11.76 11.76 11.76 11.69322 11.76 11.74222
