3.98962 4.18489 3.93449 3.96184 4.02616 4.85519 4.80029 4.50033 4.81544 4.47693
3.99772 4.19652 3.94429 3.97473 4.04428 4.87121 4.82923 4.51004 4.82672 4.48752
4.00617 4.21313 3.95891 3.99788 4.06456 4.8925 4.85039 4.52474 4.84291 4.49853
4.02151 4.23619 3.97737 4.02729 4.08464 4.91616 4.87252 4.53829 4.86 4.51573
4.04765 4.26576 3.99493 4.06248 4.11063 4.94573 4.89082 4.55493 4.88163 4.53609
4.08612 4.30897 4.02422 4.09887 4.15289 4.98055 4.92096 4.57572 4.91089 4.569
4.16563 4.39694 4.28801 4.28455 4.24559 5.05091 4.99403 4.67925 5.19324 4.66666
4.56868 4.61615 5.63051 5.84769 4.86552 5.50728 5.20664 5.50356 6.89498 5.54918
5.10241 4.88901 6.68379 6.52089 5.46751 6.0903 5.38694 6.06362 8.09438 6.10293
5.7179 5.72684 7.59559 7.69537 5.807 6.61345 5.74345 7.17076 9.06472 7.23969
6.9314 6.94314 8.06383 9.03385 6.93003 7.13368 6.76341 7.98441 9.89057 8.32312
8.24881 8.09653 8.70641 9.93089 8.04502 8.01071 7.19801 8.67403 10.66447 10.18157
9.03286 9.2698 10.1565 10.76959 9.03801 8.47187 8.56721 9.65251 11.13785 10.66157
9.50201 10.28335 10.69219 11.59919 9.8261 9.20929 9.40147 10.54613 11.14708 10.9485
10.14282 10.59314 11.11212 11.68818 10.67425 10.61673 10.51958 10.82201 11.76 11.58631
11.75142 11.31258 11.53097 11.76 11.64377 11.76 11.76 11.71457 11.76 11.75886
11.76 11.76 11.76 11.76 11.76 11.76 11.76 11.71638 11.76 11.76
11.76 11.76 11.76 11.76 11.76 11.76 11.76 11.71817 11.76 11.76
11.76 11.76 11.76 11.76 11.76 11.76 11.76 11.71978 11.76 11.76
11.76 11.76 11.76 11.76 11.76 11.76 11.76 11.72156 11.76 11.76
11.76 11.76 11.76 11.76 11.76 11.76 11.76 11.72337 11.76 11.76
