3.17988 3.4166 3.30735 2.94508 3.28383 2.6965 2.99519 2.27523 2.74653 3.20611
3.186 3.42561 3.31345 2.9553 3.29353 2.7021 3.00121 2.28135 2.75265 3.21194
3.19332 3.43564 3.32012 2.9668 3.30059 2.71031 3.00941 2.28776 2.75944 3.21966
3.20412 3.44493 3.3287 2.98053 3.30825 2.71624 3.01929 2.2949 2.7684 3.22984
3.2158 3.45772 3.34012 2.99613 3.31621 2.72379 3.08638 2.30183 2.77894 3.23999
3.23021 3.4735 3.35249 3.01598 3.32632 2.73381 3.10303 2.3088 2.78941 3.25003
3.24496 3.49495 3.36849 3.03819 3.33949 2.74452 3.12077 2.31553 2.80111 3.26209
3.26759 3.52641 3.39053 3.06692 3.35526 2.77902 3.14195 2.32222 2.82039 3.28791
3.30668 3.58986 3.4176 3.10114 3.3778 2.8067 3.17146 2.33203 2.8487 3.33028
3.36527 3.65328 3.47511 3.21484 3.42178 2.86428 3.21774 2.42246 2.90147 3.3887
3.92102 4.15724 4.05496 3.47998 3.96468 3.33555 3.58251 2.78651 3.18797 3.7167
5.50316 5.32494 5.69484 4.98255 4.89977 4.79106 4.90581 3.49956 4.36317 5.25933
7.00379 6.49884 7.15357 6.27827 6.16365 6.10286 6.60456 4.46924 5.7896 6.88332
8.45113 7.82972 8.50586 7.77039 7.8723 7.25296 8.07465 5.54654 7.07697 8.3036
9.45836 9.13056 9.83179 9.09436 9.67581 8.08025 9.2268 6.57498 8.34278 9.50204
10.4035 10.21591 10.78792 10.11645 10.68559 9.27319 10.21522 7.84131 9.44124 10.68889
11.17417 11.44866 11.4228 10.80234 11.12254 10.08677 10.95858 9.08708 10.15458 11.4501
11.41231 11.7147 11.65364 11.25753 11.32831 10.68773 11.36771 9.53169 10.65579 11.56623
11.47678 11.74223 11.73464 11.3926 11.66848 10.74264 11.61112 9.86673 11.06558 11.76
11.47977 11.74444 11.73847 11.40934 11.68384 10.75205 11.62275 9.91033 11.11565 11.76
11.48283 11.74668 11.74075 11.41932 11.68819 10.76013 11.62692 9.92649 11.13349 11.76
