3.61154 3.51414 3.51852 3.25214 3.56424 3.80662 4.00025 3.23927 3.28221 4.03567
3.61922 3.52304 3.52757 3.26059 3.57234 4.036 4.00944 3.25192 3.29307 4.04386
3.62786 3.53491 3.53772 3.27104 3.58145 4.06961 4.01876 3.26226 3.30553 4.05229
3.63783 3.54957 3.55168 3.28608 3.5911 4.09456 4.03127 3.27253 3.31896 4.06118
3.65061 3.57033 3.56958 3.35891 3.60273 4.15992 4.04687 3.28388 3.33611 4.07469
3.66857 3.60346 3.59724 3.46218 3.62283 4.56518 4.06823 3.29539 3.35412 4.09711
3.73357 3.64729 3.63367 3.55455 3.65914 4.64142 4.10132 3.33386 3.37834 4.13162
4.2094 3.82305 3.95461 3.92469 3.942 4.93988 4.45688 3.77303 3.62608 4.47317
5.22243 4.40439 4.5665 4.36851 4.59571 5.34468 5.13502 4.81238 4.08134 5.42639
6.59341 5.5151 5.61928 5.26086 5.8887 6.01036 5.96095 5.9863 4.92223 7.10911
7.62035 6.68342 6.5642 6.44341 6.55437 6.75794 6.59678 7.1951 5.53723 8.39647
8.48773 7.74316 7.69194 7.65245 7.39816 7.65263 7.12204 8.24267 6.10571 9.12751
9.46534 8.73245 8.88897 8.62698 8.39386 8.72958 7.98634 9.15427 6.94092 10.67113
10.54496 9.97726 9.84739 9.83803 9.69724 9.95128 9.86468 10.23033 7.96359 11.17594
11.47337 11.05321 11.28499 10.9076 10.64124 10.68641 11.60483 10.69788 10.44563 11.53612
11.64665 11.74105 11.49557 11.48407 11.07986 11.54394 11.75087 10.72045 10.52083 11.67523
11.67036 11.76 11.76 11.55142 11.64463 11.71653 11.75288 10.74104 10.54321 11.68429
11.67661 11.76 11.76 11.56165 11.68326 11.72005 11.75489 10.76109 10.56508 11.69417
11.68278 11.76 11.76 11.5718 11.68718 11.72163 11.75686 10.78019 10.58851 11.70004
11.68886 11.76 11.76 11.57931 11.69105 11.72317 11.7588 10.79901 10.61145 11.70506
11.69494 11.76 11.76 11.58529 11.69488 11.7247 11.76 10.81791 10.63249 11.71004
