3.27631 3.79852 3.45741 3.60069 3.67873 3.63176 4.28484 3.94259 3.77962 4.40151
3.28722 3.80939 3.46659 3.61 3.69045 3.64594 4.30211 3.95313 3.79136 4.41599
3.29832 3.82092 3.47778 3.6198 3.70501 3.66037 4.31625 3.96405 3.80373 4.43073
3.31041 3.8349 3.51017 3.63735 3.72079 3.67589 4.34623 3.97599 3.81747 4.44589
3.3227 3.85062 3.52442 3.65551 3.73613 3.69158 4.3513 3.98792 3.83283 4.46282
3.33477 3.87598 3.54357 3.67357 3.75342 3.7218 4.37719 3.99948 3.84769 4.48026
3.3445 3.89831 3.55887 3.69585 3.77616 3.74287 4.36339 4.0127 3.86492 4.50145
3.36307 3.91662 3.57967 3.72469 3.80516 3.76833 4.40302 4.02892 3.88917 4.52595
3.3808 3.94844 3.60531 3.7594 3.83702 3.79603 4.43611 4.05564 3.91552 4.55525
3.43926 3.99551 3.64583 3.80947 4.1132 3.831 4.73262 4.08636 3.94218 4.59208
3.66747 4.47406 3.74633 4.04572 4.50456 3.89361 4.83811 4.13868 4.10715 4.74625
5.39837 5.86746 4.71558 6.37226 5.52064 5.24188 5.06232 4.88717 6.02208 6.27401
7.67955 7.06095 6.59331 8.10539 7.11946 6.70144 5.64453 5.7668 8.02126 7.81239
8.92831 8.85885 8.41368 9.3009 8.81465 7.88262 6.43568 6.95432 9.22467 8.77758
10.06047 10.00538 9.55179 10.31976 9.70637 8.76894 7.19575 8.49897 10.15401 10.01519
10.88921 10.63127 10.53302 11.03369 10.66993 10.66353 8.21826 9.71888 10.80469 11.04586
11.44353 11.30876 11.45272 11.53155 11.42525 11.4669 9.45509 10.48162 11.27365 11.56989
11.59972 11.65242 11.68607 11.76 11.63103 11.6102 10.29033 11.44 11.49296 11.76
11.76 11.76 11.75037 11.76 11.76 11.61994 11.76 11.60189 11.50304 11.76
11.76 11.76 11.75267 11.76 11.76 11.62959 11.76 11.70496 11.51313 11.76
11.76 11.76 11.75496 11.76 11.76 11.63932 11.76 11.70789 11.52325 11.76
