4.84366 5.01291 4.40436 4.72709 4.60813 5.08944 5.00262 4.675 4.68329 5.45351
4.85727 5.03248 4.41644 4.73923 4.62424 5.10423 5.02246 4.68795 4.69651 5.47743
4.87744 5.05285 4.42939 4.75667 4.65642 5.11997 5.03337 4.70341 4.71108 5.50407
4.90529 5.08194 4.4461 4.78159 4.68648 5.1243 5.04564 4.72031 4.72843 5.53009
4.94289 5.10967 4.46636 4.80643 4.71271 5.14059 5.0641 4.73695 4.74719 5.55472
4.97944 5.13918 4.48943 4.83519 4.73953 5.16453 5.0815 4.75063 4.77084 5.57412
5.02415 5.18715 4.51678 4.86935 4.78938 5.22131 5.09926 4.78148 4.79633 5.59402
5.08072 5.48194 4.56275 4.90611 4.84841 5.27518 5.1149 4.80147 4.82485 5.60424
5.13229 5.77205 4.63198 4.95625 5.34875 5.41997 5.14476 4.82458 4.8568 5.62147
5.51495 6.4027 4.73479 5.0407 5.46072 5.9748 5.17999 4.85193 4.89509 5.70858
6.24359 7.2109 5.7581 5.83446 6.81634 6.34491 5.25212 5.06502 5.21102 5.84839
8.1375 8.45852 8.56942 7.92222 8.78426 7.78482 6.69607 6.76127 6.28895 7.2745
10.54999 9.86845 10.14925 10.49872 9.57683 9.48453 10.21713 9.29732 8.16354 9.42564
11.51739 11.08082 11.05549 11.57566 10.94552 11.36073 11.421 10.98036 10.29875 10.42731
11.70088 11.63954 11.61782 11.76 11.70397 11.76 11.76 11.75109 11.42704 11.66127
11.76 11.76 11.76 11.76 11.72308 11.76 11.76 11.76 11.76 11.76
11.76 11.76 11.76 11.76 11.72604 11.76 11.76 11.76 11.76 11.76
11.76 11.76 11.76 11.76 11.72892 11.76 11.76 11.76 11.76 11.76
11.76 11.76 11.76 11.76 11.73188 11.76 11.76 11.76 11.76 11.76
11.76 11.76 11.76 11.76 11.73484 11.76 11.76 11.76 11.76 11.76
11.76 11.76 11.76 11.76 11.73779 11.76 11.76 11.76 11.76 11.76
