3.24756 3.39983 3.23566 3.18547 3.38273 3.83294 4.209 3.613 4.09248 3.90981
3.25672 3.40769 3.24346 3.19392 3.39338 3.84225 4.22201 3.62313 4.10547 3.92242
3.26873 3.41692 3.25416 3.20248 3.40653 3.85157 4.23632 3.63335 4.10868 3.93566
3.27985 3.42821 3.26684 3.2114 3.42037 3.86109 4.2404 3.6438 4.13435 3.94967
3.29082 3.44065 3.28348 3.22294 3.43655 3.87142 4.26774 3.65709 4.14204 3.96566
3.30486 3.45503 3.30151 3.23832 3.45513 3.88321 4.28625 3.67126 4.17313 3.98476
3.3566 3.47186 3.33476 3.25713 3.49657 3.89622 4.30675 3.68684 4.19578 4.00662
3.45669 3.49738 3.36615 3.29611 3.58641 3.94541 4.35956 3.71946 4.27029 4.06416
3.71914 3.60723 3.50003 3.41766 3.83479 4.09424 4.54376 3.81622 4.45256 4.18749
4.30694 3.81558 3.9056 3.65681 4.36615 4.40462 4.96234 4.03464 4.87237 4.51148
5.03562 4.1977 4.54589 4.09384 5.3519 4.90988 5.71417 4.38578 5.71335 5.24788
6.15312 5.0311 5.77234 4.94846 6.36543 5.77801 6.63691 4.84341 7.29443 5.88053
7.55185 6.20255 7.04264 6.09326 7.00145 6.49113 7.70492 5.78321 8.38172 6.58108
8.70775 7.85237 8.4131 7.3059 7.82598 7.47006 9.14182 7.00663 9.69867 7.51629
9.48234 9.05578 9.84391 8.59622 9.19224 8.80835 10.32875 8.71698 11.12172 8.77494
10.36075 10.31224 10.75705 9.69101 10.33605 10.10783 11.32384 10.26698 11.49669 10.29034
11.13104 11.12057 11.27003 10.7666 11.40329 11.50554 11.40879 11.48692 11.59928 10.94233
11.5956 11.67281 11.66911 11.31346 11.63105 11.6473 11.42899 11.72077 11.60995 11.375
11.6371 11.76 11.67823 11.34435 11.63897 11.65362 11.44913 11.72401 11.62061 11.56147
11.64194 11.76 11.68566 11.35379 11.64633 11.65996 11.46896 11.72727 11.63127 11.5682
11.64681 11.76 11.69311 11.36493 11.65372 11.6663 11.48876 11.73052 11.64194 11.57493
