4.03366 5.46946 4.52996 4.31891 4.80727 5.33625 5.59451 5.15993 5.47294 4.9794
4.09486 5.47824 4.5404 4.33103 4.81841 5.34444 5.60405 5.16957 5.47862 4.99223
4.22958 5.50008 4.55099 4.34329 4.82987 5.35364 5.61354 5.18088 5.48432 5.00609
4.48508 5.62214 4.56196 4.35738 4.84281 5.36249 5.62322 5.19234 5.49035 5.02087
4.50255 5.90032 4.57397 4.38539 4.86002 5.37112 5.63317 5.20413 5.49721 5.04476
4.52496 5.92331 4.58829 4.40471 4.88327 5.37984 5.64427 5.21659 5.50501 5.06714
4.5532 5.95023 4.60471 4.44589 4.92822 5.38884 5.65616 5.22972 5.51394 5.08854
4.65363 5.99858 4.62938 4.78626 5.00214 5.40156 5.68507 5.24821 5.52808 5.13661
4.84375 6.08682 4.73568 4.86683 5.21493 5.43494 5.83849 5.3047 5.58013 5.22135
5.35787 6.26367 5.10341 5.05135 5.48368 5.53433 6.30598 5.4447 5.78694 5.43516
6.31734 6.76461 5.844 5.35867 5.92515 5.74506 6.91839 5.68799 6.16968 5.78945
7.26684 7.14825 7.05714 5.88777 6.2948 6.22685 7.42877 6.21482 7.04495 6.06889
8.30037 7.90738 7.75722 6.63379 6.68139 6.71868 8.11397 6.92959 7.69164 6.69782
9.32215 8.91888 8.57562 8.18666 7.15804 7.53556 8.65795 7.58613 8.78002 7.54768
10.22241 9.92094 9.78085 10.05286 7.88977 8.53518 9.86345 8.24407 10.3085 8.78311
11.12822 10.9177 10.96934 11.16337 9.63014 9.37955 10.99591 8.99712 11.466 10.01687
11.46488 11.73716 11.76 11.57308 10.29412 10.51019 11.59682 11.15399 11.75976 11.44859
11.56241 11.76 11.76 11.59005 11.3967 11.51697 11.60326 11.76 11.76 11.71134
11.56805 11.76 11.76 11.76 11.76 11.76 11.60578 11.76 11.76 11.72036
11.5728 11.76 11.76 11.76 11.76 11.76 11.60831 11.76 11.76 11.72733
11.57756 11.76 11.76 11.76 11.76 11.76 11.61084 11.76 11.76 11.73432
