4.0046 3.84205 3.84675 3.54453 3.77146 4.13502 4.18773 3.73826 3.71355 4.60215
4.01268 3.83761 3.85935 3.55278 3.78128 4.14597 4.22161 3.74913 3.72365 4.61265
4.02068 3.84803 3.86755 3.56151 3.79123 4.15726 4.23574 3.76054 3.73363 4.62493
4.03377 3.87751 3.87723 3.57109 3.80287 4.1733 4.2506 3.77321 3.75095 4.64113
4.04944 3.89615 3.89167 3.57106 3.81625 4.19247 4.26557 3.78954 3.75904 4.65762
4.06768 3.91534 3.91196 3.58471 3.83154 4.21152 4.28372 3.80791 3.77847 4.67341
4.09265 3.93853 3.9433 3.60193 3.84998 4.23489 4.3029 3.82505 3.80578 4.6921
4.12944 3.96765 3.96811 3.62388 3.87047 4.25649 4.32486 3.84126 3.82544 4.71123
4.17149 4.00792 3.99991 3.65496 3.89948 4.28769 4.33069 3.86052 3.84913 4.73571
4.23549 4.06397 4.10242 3.78069 3.94191 4.32895 4.38735 3.88858 3.899 4.77051
4.76383 4.34655 4.54207 4.27142 4.50389 4.55285 4.44293 3.93979 4.10594 4.83572
6.06185 5.49608 5.36316 5.61243 6.31248 5.59695 5.47045 4.96362 4.96207 6.15162
7.66914 6.85813 6.64116 7.34744 8.14397 7.35844 7.20776 6.76776 6.1953 8.3747
9.50433 8.24004 8.69776 9.00502 9.49595 8.93989 9.00638 8.39141 7.87912 9.80647
10.90821 10.08587 10.30331 9.93709 10.61757 10.03348 10.17314 9.58141 9.54056 10.64387
11.53839 11.05382 11.13737 11.22532 11.11208 10.77325 10.78754 10.56143 10.84057 11.41457
11.76 11.67319 11.65676 11.56696 11.32452 11.64561 11.51489 11.54002 11.6843 11.75671
11.76 11.7171 11.76 11.76 11.5786 11.76 11.76 11.69441 11.76 11.76
11.76 11.76 11.76 11.76 11.76 11.76 11.76 11.69844 11.76 11.76
11.76 11.76 11.76 11.76 11.76 11.76 11.76 11.70086 11.76 11.76
11.76 11.76 11.76 11.76 11.76 11.76 11.76 11.70328 11.76 11.76
