4.23527 4.22051 4.03996 3.85813 4.20679 4.12634 4.56821 4.04103 4.00328 4.86257
4.24548 4.23461 4.0712 3.8685 4.21698 4.13568 4.5977 4.05275 4.03828 4.87014
4.26039 4.25137 4.087 3.88297 4.22806 4.1459 4.61281 4.06736 4.06193 4.87688
4.27771 4.27616 4.10784 3.9746 4.24153 4.15692 4.632 4.08395 4.08007 4.8816
4.29611 4.30506 4.12688 4.04756 4.25704 4.16976 4.65175 4.0994 4.10385 4.88864
4.31734 4.33875 4.15062 4.13906 4.27939 4.18671 4.6728 4.11473 4.13058 4.89845
4.35975 4.38134 4.17433 4.26867 4.30611 4.21257 4.66719 4.13046 4.17146 4.91407
4.38902 4.44082 4.21695 4.38243 4.34132 4.28866 4.69681 4.14613 4.20141 4.91394
4.47085 4.51363 4.27967 4.43795 4.40938 4.3413 4.73897 4.17184 4.23467 4.92856
4.71611 4.91849 4.43265 4.72914 4.72441 4.87183 4.81959 4.24393 4.30609 4.9425
5.73551 6.31747 5.79157 6.00962 6.35099 6.20159 5.99741 5.18775 5.41954 5.65258
7.63488 7.8382 7.82704 7.64408 8.23469 8.22232 8.28111 7.1235 7.32237 7.42018
9.71112 9.76612 9.45905 8.84764 9.93858 9.51614 10.07602 9.0634 8.94806 9.50475
10.96673 11.10806 10.64737 10.3658 11.0541 10.7038 11.51078 10.81071 10.73208 11.04501
11.63388 11.75007 11.35758 11.58015 11.528 11.20205 11.76 11.61847 11.53426 11.60187
11.67987 11.76 11.76 11.72929 11.74585 11.36955 11.76 11.63684 11.76 11.76
11.68213 11.76 11.76 11.7297 11.74816 11.37216 11.76 11.64557 11.76 11.76
11.6844 11.76 11.76 11.73182 11.75068 11.37477 11.76 11.65165 11.76 11.76
11.68667 11.76 11.76 11.73395 11.75321 11.37738 11.76 11.65773 11.76 11.76
11.68893 11.76 11.76 11.73607 11.75574 11.38 11.76 11.6638 11.76 11.76
11.6912 11.76 11.76 11.73819 11.75827 11.38262 11.76 11.66988 11.76 11.76
