3.34158 3.47891 3.35255 3.08842 3.36015 4.01017 3.6505 3.6216 4.10338 3.52826
3.34158 3.47891 3.35255 3.08842 3.36015 4.01017 3.6505 3.6216 4.10338 3.52826
3.34158 3.47891 3.35255 3.08842 3.36015 4.01017 3.6505 3.6216 4.10338 3.52826
3.34158 3.47891 3.35255 3.08842 3.36015 4.01017 3.6505 3.6216 4.10338 3.52826
3.34158 3.47891 3.35255 3.08842 3.36015 4.01017 3.6505 3.6216 4.10338 3.52826
3.34158 3.47891 3.35255 3.08842 3.36015 4.01017 3.6505 3.6216 4.10338 3.52826
3.34158 3.47891 3.35255 3.08842 3.36015 4.01017 3.6505 3.6216 4.10338 3.52826
3.34158 3.47891 3.35255 3.08842 3.36015 4.01017 3.6505 3.6216 4.10338 3.52826
3.34158 3.47891 3.35255 3.08842 3.36015 4.01017 3.6505 3.6216 4.10338 3.52826
3.34158 3.47891 3.35255 3.08842 3.36015 4.01017 3.6505 3.6216 4.10338 3.52826
3.34158 3.47891 3.35255 3.08842 3.36015 4.01017 3.6505 3.6216 4.10338 3.52826
3.34158 3.47891 3.35255 3.08842 3.36015 4.01017 3.6505 3.6216 3.81025 3.52826
3.34158 3.47891 3.35255 3.08842 3.36015 4.01017 3.6505 3.6216 4.10338 3.52826
3.34158 3.47891 3.35255 3.08842 3.36015 4.01017 3.6505 3.6216 4.10338 3.52826
3.34158 3.47891 3.35255 3.08842 3.36015 4.01017 3.6505 3.6216 4.10338 3.52826
3.34158 3.47891 3.35255 3.08842 3.36015 4.01017 3.6505 3.6216 4.10338 3.52826
3.34158 3.47891 3.35255 3.08842 3.36015 4.01017 3.6505 3.6216 4.10338 3.52826
3.34158 3.47891 3.35255 3.08842 3.36015 4.01017 3.6505 3.6216 4.10338 3.52826
3.34158 3.47891 3.35255 3.08842 3.36015 4.01017 3.6505 3.6216 4.10338 3.52826
3.34158 3.47891 3.35255 3.08842 3.36015 4.01017 3.6505 3.6216 4.10338 3.52826
3.34158 3.47891 3.35255 3.08842 3.36015 4.01017 3.6505 3.6216 4.10338 3.52826
