3.52698 3.93861 3.80131 4.113 4.19795 4.41744 4.78862 4.25889 4.9908 5.20861
3.53498 3.94611 3.81015 4.12647 4.2174 4.42914 4.80008 4.26896 4.99932 5.22071
3.54455 3.95499 3.82183 4.15234 4.23956 4.44176 4.8134 4.28265 5.01221 5.23526
3.55944 3.96925 3.84142 4.1901 4.26608 4.45908 4.83447 4.30042 5.02664 5.27665
3.58472 3.9882 3.87027 4.22573 4.57759 4.4804 4.86928 4.31724 5.04763 5.79607
3.62783 4.03793 3.8972 4.28061 5.26717 4.505 5.0128 4.34257 5.07797 5.9335
4.02346 4.13694 3.98326 4.56263 5.89492 4.73159 5.63113 4.46253 5.15059 6.30358
5.22807 5.08938 4.69552 5.54666 6.99907 5.57247 6.47692 5.16717 6.0557 6.87219
6.30778 5.90705 5.18608 6.22832 7.35942 6.22294 7.25242 6.5025 7.41831 8.15359
7.308 6.89491 6.2453 6.85209 8.06397 6.93992 8.12056 8.14352 9.21632 9.08222
8.20916 8.22821 7.42282 7.96751 9.03583 7.71731 9.33457 8.72023 10.21307 9.77202
9.6875 9.20013 8.6523 9.07591 9.54084 8.68392 10.53383 9.68519 10.55092 10.10661
10.68973 10.05271 9.9502 10.57612 10.08143 9.96196 11.67685 11.15466 10.96153 10.67893
11.17146 10.65707 10.70587 10.9543 10.57166 10.6483 11.76 11.58868 11.25741 10.80149
11.46216 11.35962 11.30381 11.50845 11.13544 11.40314 11.76 11.75936 11.66141 11.76
11.6212 11.64015 11.68561 11.7213 11.76 11.76 11.76 11.76 11.76 11.76
11.73806 11.76 11.7427 11.73984 11.76 11.76 11.76 11.76 11.76 11.76
11.7405 11.76 11.74423 11.74184 11.76 11.76 11.76 11.76 11.76 11.76
11.74293 11.76 11.74599 11.74385 11.76 11.76 11.76 11.76 11.76 11.76
11.74532 11.76 11.74773 11.74583 11.76 11.76 11.76 11.76 11.76 11.76
11.74776 11.76 11.7495 11.74783 11.76 11.76 11.76 11.76 11.76 11.76
