3.40534 3.29727 3.33199 3.12481 3.51815 3.99986 4.01834 3.60734 4.14795 4.20922
3.41468 3.3088 3.34027 3.13406 3.52948 4.01212 4.01368 3.62143 4.15948 4.21997
3.42675 3.32186 3.35153 3.14533 3.54385 4.02507 4.07871 3.63578 4.17115 4.23154
3.43991 3.33811 3.36151 3.15756 3.55839 4.03893 4.43344 3.65119 4.18587 4.24369
3.45261 3.35431 3.37917 3.17137 3.57887 4.05289 4.55125 3.66657 4.20023 4.25839
3.46513 3.36993 3.39504 3.18907 3.60139 4.0662 4.56963 3.68336 4.2224 4.27527
3.47776 3.38725 3.41066 3.20153 3.66671 4.08103 4.59525 3.70304 4.24758 4.29197
3.49155 3.40489 3.43047 3.22368 3.69355 4.09629 4.60097 3.72398 4.27395 4.31
3.51113 3.42398 3.45948 3.25288 3.7294 4.11274 4.62466 3.74871 4.30316 4.33025
3.60606 3.45033 3.49447 3.30044 3.77466 4.15874 4.67482 3.77623 4.34335 4.35455
4.30578 3.63009 3.59799 3.41181 4.5795 4.19708 4.71784 3.81788 4.41515 4.40862
6.10482 4.77237 5.24239 4.47818 6.08609 5.4853 5.14651 4.59772 6.13713 4.88899
8.23061 6.42931 7.65557 6.17426 7.32748 7.59091 5.99117 5.56498 7.70494 5.45051
9.52991 8.14499 9.34716 7.77772 8.66576 8.97869 7.29345 6.62979 8.86609 6.24864
10.36755 9.74954 10.27453 9.19406 9.94096 10.11437 9.19794 8.05022 10.03702 7.53657
11.07245 10.81217 10.90731 10.41082 10.89705 10.9042 10.86038 9.8057 10.97062 8.68529
11.56413 11.45152 11.36927 11.0928 11.38466 11.62184 11.73304 11.29857 11.53965 10.00533
11.72278 11.70365 11.60835 11.54809 11.70081 11.65682 11.76 11.73925 11.76 11.37144
11.76 11.76 11.76 11.62957 11.76 11.76 11.76 11.75179 11.76 11.52987
11.76 11.76 11.76 11.63901 11.76 11.76 11.76 11.75519 11.76 11.73042
11.76 11.76 11.76 11.64455 11.76 11.76 11.76 11.75862 11.76 11.76
