3.3612 3.79155 3.36698 3.50687 3.84744 4.0859 4.10887 4.16454 3.65206 4.73141
3.37162 3.80084 3.3751 3.51561 3.8583 4.09734 4.11995 4.18114 3.66643 4.7438
3.38326 3.81075 3.3845 3.52723 3.86973 4.10914 4.1317 4.20233 3.69941 4.75746
3.39529 3.82547 3.39436 3.54308 3.88223 4.12172 4.1455 4.22452 3.71783 4.77244
3.40952 3.83552 3.40428 3.56336 3.90285 4.13424 4.16071 4.24632 3.73625 4.78737
3.42646 3.85479 3.41623 3.58563 3.92427 4.14671 4.17732 4.26836 3.77965 4.80188
3.44462 3.8705 3.4337 3.62748 3.95425 4.15965 4.2048 4.29563 3.80031 4.81518
3.46523 3.88524 3.45378 3.66438 3.98669 4.17519 4.23509 4.32492 3.82824 4.8302
3.49422 3.91807 3.48702 3.70568 4.02901 4.19256 4.27883 4.35896 3.857 4.84417
3.54047 4.37757 3.54434 3.89161 4.08078 4.22032 4.33075 4.40495 3.89221 4.97923
3.83673 4.95815 3.8765 4.65271 4.20888 4.27159 4.47868 4.48414 3.94745 5.37364
5.57516 6.17857 5.93423 6.48633 5.48272 5.23417 5.64595 5.49068 4.94595 6.89376
7.42177 7.83567 7.69056 8.17197 7.46693 6.92684 7.39242 6.56548 6.20998 8.94962
8.7494 9.67016 8.99898 9.36649 9.10811 8.5066 8.38481 7.66905 7.49053 10.02591
9.81095 10.63648 10.21101 10.50178 10.11262 10.69383 9.61775 9.23668 9.04544 10.81502
10.63581 11.20236 10.99241 11.00081 11.0247 11.45016 10.35968 10.18815 10.88863 11.47184
11.2533 11.596 11.52413 11.0419 11.64841 11.55971 11.21175 11.66354 11.47489 11.76
11.6561 11.62193 11.75377 11.62807 11.76 11.56963 11.61482 11.74911 11.48914 11.76
11.73346 11.76 11.76 11.76 11.76 11.57954 11.76 11.75562 11.5006 11.76
11.73623 11.76 11.76 11.76 11.76 11.58596 11.76 11.75901 11.5121 11.76
11.73905 11.76 11.76 11.76 11.76 11.59246 11.76 11.76 11.52367 11.76
