3.39355 3.52826 3.42457 3.26376 3.3581 3.50983 3.38584 3.21325 3.52011 3.2714
3.40273 3.53643 3.43313 3.27177 3.36947 3.51925 3.39488 3.22302 3.52974 3.28134
3.41416 3.54794 3.44179 3.28991 3.38066 3.5319 3.4051 3.23338 3.54276 3.29258
3.42858 3.5641 3.45056 3.30151 3.39437 3.54734 3.41749 3.24654 3.5583 3.30549
3.44818 3.58862 3.45974 3.31515 3.42115 3.56813 3.43336 3.2633 3.58154 3.32018
3.47242 3.61838 3.47033 3.33486 3.4385 3.59498 3.45611 3.28432 3.60455 3.337
3.50152 3.65056 3.48271 3.35974 3.45823 3.624 3.48228 3.31082 3.63092 3.35786
3.60235 3.73143 3.54442 3.39942 3.50193 3.659 3.53649 3.37818 3.70352 3.40633
3.83607 3.94799 3.76324 3.52869 3.63924 3.75295 3.68486 3.5436 3.84464 3.53349
4.36876 4.45035 4.28178 3.84528 3.98629 4.1536 4.09075 3.95296 4.22584 3.84883
5.24029 5.5901 5.09023 4.60015 4.75593 4.9425 4.90694 4.70423 4.85887 4.58401
6.35797 6.82936 6.33205 5.67789 5.75934 6.32859 6.17032 5.94649 5.82262 5.44737
7.92934 7.79984 7.55305 6.74605 6.53996 7.59207 7.52844 7.3289 7.10661 6.81329
9.24198 8.88673 8.66147 8.06175 7.72282 8.92411 8.73396 8.53543 8.5026 7.76822
10.02833 9.94527 9.84869 9.40617 9.52274 10.29192 9.77371 9.41216 10.38653 8.99721
10.59703 10.50487 10.52691 10.38254 10.34626 11.14119 10.55029 10.41385 11.13549 10.01453
11.06589 11.11136 11.08602 11.06867 11.16277 11.56964 11.23041 11.00853 11.62898 10.71738
11.47103 11.51325 11.43189 11.43885 11.62699 11.71103 11.63755 11.50581 11.76 11.2152
11.69676 11.71014 11.67351 11.76 11.75711 11.75079 11.76 11.64473 11.76 11.61282
11.70967 11.72082 11.71495 11.76 11.7595 11.75688 11.76 11.65917 11.76 11.6293
11.71627 11.72581 11.71752 11.76 11.76 11.75936 11.76 11.66563 11.76 11.641
