3.54277 3.4458 3.46566 3.34496 3.45961 3.64526 3.52246 3.16081 3.29589 4.01389
3.54277 3.4458 3.46566 3.34496 3.45961 3.64526 3.52246 3.16081 3.29589 4.01389
3.54277 3.4458 3.46566 3.34496 3.45961 3.64526 3.52246 3.16081 3.29589 4.01389
3.54277 3.4458 3.46566 3.34496 3.45961 3.64526 3.52246 3.16081 3.29589 4.01389
3.54277 3.4458 3.46566 3.34496 3.45961 3.64526 3.52246 3.16081 3.29589 4.01389
3.54277 3.4458 3.46566 3.34496 3.45961 3.64526 3.52246 3.16081 3.29589 4.01389
3.54277 3.4458 3.46566 3.34496 3.45961 3.64526 3.52246 3.16081 3.29589 4.01389
3.54277 3.4458 3.46566 3.34496 3.45961 3.64526 3.52246 3.16081 3.29589 4.01389
3.54277 3.4458 3.46566 3.34496 3.45961 3.64526 3.52246 3.16081 3.29589 4.01389
3.54277 3.4458 3.46566 3.34496 3.45961 3.64526 3.52246 3.16081 3.29589 4.01389
3.54277 3.4458 3.46566 3.34496 3.45961 3.64526 3.52246 3.16081 3.29589 4.01389
3.54277 3.4458 3.46566 3.34496 3.45961 3.64526 3.52246 3.16081 3.0735 4.01389
3.54277 3.4458 3.46566 3.34496 3.45961 3.64526 3.52246 3.16081 3.29589 4.01389
3.54277 3.4458 3.46566 3.34496 3.45961 3.64526 3.52246 3.16081 3.29589 4.01389
3.54277 3.4458 3.46566 3.34496 3.45961 3.64526 3.52246 3.16081 3.29589 4.01389
3.54277 3.4458 3.46566 3.34496 3.45961 3.64526 3.52246 3.16081 3.29589 4.01389
3.54277 3.4458 3.46566 3.34496 3.45961 3.64526 3.52246 3.16081 3.29589 4.01389
3.54277 3.4458 3.46566 3.34496 3.45961 3.64526 3.52246 3.16081 3.29589 4.01389
3.54277 3.4458 3.46566 3.34496 3.45961 3.64526 3.52246 3.16081 3.29589 4.01389
3.54277 3.4458 3.46566 3.34496 3.45961 3.64526 3.52246 3.16081 3.29589 4.01389
3.54277 3.4458 3.46566 3.34496 3.45961 3.64526 3.52246 3.16081 3.29589 4.01389
