4.17236 5.76972 4.39231 4.70592 4.49933 5.31767 5.01772 4.82463 5.38666 4.87364
4.19102 5.79249 4.41106 4.72608 4.51541 5.33306 5.03485 4.83658 5.3981 4.90437
4.21188 5.83496 4.43151 4.76031 4.5344 5.35072 5.05268 4.84942 5.40984 4.90991
4.23895 5.87174 4.45373 4.80575 4.55577 5.37251 5.07542 4.86439 5.47057 4.95436
4.26936 5.89589 4.48286 4.82486 4.60692 5.39397 5.10024 4.89243 5.48759 4.97775
4.2988 5.92037 4.50566 4.89772 4.61077 5.41468 5.12682 4.93063 5.50225 5.00394
4.32819 5.95792 4.52953 4.93963 4.63432 5.43736 5.16162 4.95055 5.51851 5.02937
4.63455 6.02049 4.55702 4.99824 4.72905 5.46726 5.20363 4.98512 5.53456 5.0585
4.78591 6.35347 4.58913 5.07243 4.79819 5.50273 5.30508 5.01175 5.55076 5.13653
4.93105 6.51311 4.66426 5.18243 5.02459 5.53842 5.39408 5.05915 5.61711 5.42833
5.72492 7.33221 5.8935 6.00331 6.34077 5.77115 5.74614 5.60934 5.86087 5.59211
7.96732 8.70645 7.76013 7.93112 8.36141 8.01838 7.76567 7.49029 7.57687 6.84226
9.8493 10.46042 10.05445 10.0086 9.38886 10.51911 9.77149 10.48049 10.38143 9.12606
11.21898 11.63342 11.57927 11.21624 10.306 11.519 11.30183 11.41707 11.35878 10.59196
11.6853 11.76 11.76 11.65259 11.56327 11.76 11.68831 11.76 11.76 11.41493
11.69777 11.76 11.76 11.65509 11.7561 11.76 11.69269 11.76 11.76 11.74423
11.70281 11.76 11.76 11.76 11.7591 11.76 11.69694 11.76 11.76 11.74786
11.70887 11.76 11.76 11.76 11.76 11.76 11.70132 11.76 11.76 11.75211
11.71492 11.76 11.76 11.76 11.76 11.76 11.70571 11.76 11.76 11.75637
11.72098 11.76 11.76 11.76 11.76 11.76 11.71009 11.76 11.76 11.76
11.72716 11.76 11.76 11.76 11.76 11.76 11.71459 11.76 11.76 11.76
