3.6386 3.65712 3.39098 3.40194 3.3977 3.31727 3.24425 2.8794 2.83485 3.46377
3.6457 3.66578 3.39796 3.41116 3.40774 3.33027 3.25315 2.88852 2.84091 3.47286
3.6615 3.67901 3.40584 3.42361 3.42043 3.34561 3.26645 2.89722 2.84958 3.49517
3.67999 3.69731 3.41612 3.43774 3.4362 3.36233 3.28019 2.90694 2.85989 3.51112
3.69996 3.71757 3.43116 3.45373 3.45331 3.3806 3.29472 2.91733 2.87186 3.53111
3.72046 3.74018 3.44723 3.47481 3.46366 3.40334 3.31074 2.92954 2.88695 3.55584
3.74471 3.76658 3.46977 3.49925 3.48428 3.43427 3.32786 2.96408 2.90555 3.58486
3.83771 3.83133 3.51269 3.54621 3.53215 3.48511 3.3961 3.00623 2.96401 3.64873
4.06023 4.01838 3.66305 3.67085 3.66787 3.59325 3.6939 3.11113 3.15592 3.80585
4.60712 4.64942 4.12295 4.22422 3.99838 3.9536 4.35087 3.38593 3.64989 4.24396
5.59283 6.02961 4.97568 5.20401 4.89978 4.71526 5.36071 3.88864 4.44996 5.06108
7.22679 8.10073 6.44299 6.6039 5.54834 5.85595 6.74951 4.75468 5.42489 6.65799
8.39372 8.94574 7.77084 8.05374 6.184 7.45023 8.04431 5.89247 6.65343 8.19777
9.38367 9.56242 9.00219 9.24278 7.28598 8.93318 9.15319 7.28767 7.83082 9.19675
10.35833 10.16487 10.08053 10.13404 9.05956 10.00952 10.00996 8.56053 8.82116 10.26435
11.15754 10.68455 10.77391 10.96344 10.35806 11.00087 10.88724 10.20128 9.9662 10.99228
11.55087 11.22928 11.37194 11.5436 11.04637 11.51938 11.40808 10.94851 10.93948 11.3562
11.72321 11.64336 11.63672 11.75908 11.44595 11.7586 11.67085 11.29137 11.5192 11.68103
11.76 11.70269 11.71719 11.76 11.64846 11.76 11.76 11.43067 11.76 11.76
11.76 11.70573 11.72871 11.76 11.65301 11.76 11.76 11.46114 11.76 11.76
11.76 11.70793 11.73105 11.76 11.65707 11.76 11.76 11.4703 11.76 11.76
