3.36048 3.65051 3.60526 3.77474 3.83765 3.98912 4.45737 4.02892 4.12394 4.33092
3.37215 3.66389 3.61699 3.78712 3.8499 4.00353 4.47501 4.04353 4.13888 4.35067
3.38418 3.67927 3.63139 3.80142 3.86294 4.01855 4.49336 4.08745 4.15457 4.37277
3.39726 3.70024 3.64743 3.8239 3.87905 4.03454 4.51737 4.10249 4.17314 4.39376
3.41086 3.7255 3.66336 3.85288 3.89551 4.05082 4.54219 4.12439 4.19691 4.41541
3.42394 3.75633 3.68379 3.88943 3.9138 4.06673 4.56689 4.14519 4.22451 4.43871
3.43687 3.79188 3.70944 3.92531 3.93537 4.08505 4.59361 4.16726 4.25633 4.46115
3.45862 3.82715 3.74042 3.97331 3.96536 4.11111 4.62333 4.19628 4.29254 4.49166
3.49458 3.87727 3.78824 4.0381 4.14144 4.15747 4.67461 4.24131 4.33768 4.5297
3.93257 4.26359 4.0987 4.72385 4.59893 4.27909 4.95106 4.39239 4.61517 4.67145
5.22612 6.08295 5.6185 6.28855 5.84893 5.22637 7.03514 5.57819 6.74975 6.34299
7.17105 8.27651 7.76627 8.2659 8.01931 6.76427 9.40517 7.924 9.22494 8.86742
8.93667 9.54397 9.49871 9.7838 9.85526 8.24054 10.93721 10.1507 10.43667 10.22313
10.27062 10.5465 10.748 10.74072 11.00929 10.17076 11.56565 10.97353 11.13452 11.62467
11.18608 11.53909 11.33358 11.6768 11.45035 11.1738 11.76 11.27234 11.56845 11.76
11.684 11.62401 11.60059 11.76 11.76 11.76 11.76 11.28908 11.76 11.76
11.76 11.63231 11.60757 11.76 11.76 11.76 11.76 11.30786 11.76 11.76
11.76 11.64095 11.61688 11.76 11.76 11.76 11.76 11.32678 11.76 11.76
11.76 11.6496 11.62618 11.76 11.76 11.76 11.76 11.3457 11.76 11.76
11.76 11.65825 11.63328 11.76 11.76 11.76 11.76 11.36464 11.76 11.76
11.76 11.66602 11.63925 11.76 11.76 11.76 11.76 11.38357 11.76 11.76
