3.07443 3.42596 3.49274 3.48908 3.53893 3.89352 4.23348 4.09411 4.07853 3.80637
3.08412 3.43863 3.50281 3.50065 3.54987 3.90601 3.97618 4.10718 4.09152 3.81853
3.094 3.46 3.51263 3.50895 3.56247 3.91882 4.26376 4.12446 4.10502 3.83072
3.10463 3.48432 3.52432 3.52411 3.57608 3.93233 4.2822 4.14189 4.1193 3.84398
3.11526 3.50172 3.53752 3.54386 3.58967 3.94773 4.30041 3.868 4.14043 3.85662
3.12575 3.51678 3.55152 3.56954 3.60603 3.96455 4.32023 4.15555 4.15915 3.87393
3.13617 3.54663 3.56717 3.59691 3.62431 3.98097 4.34475 4.17454 4.18443 3.88669
3.14879 3.57675 3.58221 3.6293 3.6417 4.00043 4.37031 4.2249 4.20548 3.9003
3.16265 3.67429 3.60584 3.65982 3.66194 4.0212 4.40048 4.25414 4.23075 3.92874
3.18384 3.82018 3.64543 3.7083 3.68946 4.05015 4.43393 4.2925 4.26118 3.96342
3.23314 4.10163 3.87079 3.94555 3.7615 4.09459 4.49349 4.40506 4.30749 4.00615
4.48453 5.53691 5.26594 5.07144 5.76817 5.21881 5.46093 5.61695 5.05712 5.88855
6.18467 6.64898 6.91963 7.25788 7.1632 7.41918 6.85658 7.38196 7.04663 8.37017
7.8578 7.3912 9.11202 8.68949 8.34734 8.40392 7.74939 9.07708 8.95397 8.95608
9.10046 9.16902 10.2132 9.66722 9.71861 9.99801 8.9336 10.09174 9.8078 9.55967
10.14148 10.72007 10.8842 10.64623 10.80605 10.99722 10.50552 11.04045 10.6697 10.1187
10.9566 11.34792 11.293 11.30396 11.36932 11.4925 11.69936 11.4139 11.0954 10.74727
11.42334 11.74246 11.68313 11.57254 11.63136 11.76 11.76 11.58781 11.54178 11.44223
11.76 11.74944 11.69064 11.76 11.74344 11.76 11.59703 11.76 11.76 11.54018
11.76 11.75505 11.6964 11.76 11.76 11.76 11.76 11.76 11.76 11.55209
11.76 11.75751 11.7022 11.76 11.76 11.76 11.76 11.76 11.76 11.56404
