3.35311 3.35592 3.31564 2.97148 3.40235 4.09621 4.02338 3.42246 4.03241 4.15781
3.33734 3.36891 3.32729 2.98 3.41245 4.10767 4.0342 3.43243 4.04423 4.17065
3.34269 3.38315 3.34261 2.98892 3.42305 4.11922 4.04554 3.44294 4.05618 4.18391
3.35264 3.40192 3.35952 2.99854 3.4362 4.13146 4.05762 3.45579 4.06907 4.19809
3.36542 3.42254 3.37367 3.00876 3.44988 4.14674 4.06988 3.47076 4.08192 4.21198
3.38872 3.44276 3.38794 3.01984 3.46303 4.16294 4.08171 3.48887 4.09457 4.2256
3.39357 3.46592 3.40413 3.03471 3.47601 4.18048 4.09601 3.50697 4.10731 4.2396
3.41936 3.49655 3.42257 3.05095 3.49077 4.19982 4.11119 3.53053 4.11979 4.25628
3.44121 3.51662 3.44225 3.06907 3.50869 4.23015 4.1263 3.55709 4.14113 4.27589
3.48251 3.81122 3.47213 3.10032 3.5392 4.27209 4.14987 3.59153 4.1679 4.30619
3.60406 4.07438 3.67252 3.21134 3.67766 4.33792 4.2007 3.64042 4.20681 4.36267
4.29368 5.82352 4.77347 4.3613 5.20218 5.3969 5.12708 4.71946 4.94281 4.62711
5.30001 7.81219 6.94614 5.95828 6.6603 7.46017 6.86216 5.81692 6.56606 5.45071
6.86404 8.92883 8.78419 7.2687 8.10321 9.08371 8.4589 7.01417 7.4588 6.22571
8.86829 9.93456 9.92326 8.67135 9.74854 10.03525 9.85971 8.17904 8.60849 7.44178
10.35283 10.68192 10.80025 9.85041 10.4053 10.57741 10.9527 9.11285 9.44554 8.00564
11.10576 11.17792 11.20954 10.60308 11.1973 10.97052 11.40318 10.51443 10.34639 9.29072
11.51776 11.70478 11.49251 11.00559 11.61621 11.76 11.56117 11.34931 11.26627 11.51145
11.6261 11.72502 11.74326 11.49407 11.76 11.76 11.73835 11.36998 11.73738 11.67342
11.76 11.7292 11.76 11.76 11.76 11.76 11.76 11.38896 11.74248 11.76
11.76 11.73255 11.76 11.76 11.76 11.76 11.76 11.40805 11.7454 11.76
