4.42589 4.74348 4.39036 4.36329 4.4119 5.2207 5.51284 4.77161 5.51374 5.26198
4.43529 4.74513 4.39031 4.36471 4.41187 5.22194 5.51272 4.77156 5.51376 5.26304
4.43755 4.74756 4.39022 4.36625 4.41187 5.22374 5.51258 4.77151 5.5139 5.26544
4.44212 4.74991 4.40607 4.36823 4.41193 5.25701 5.51241 4.77208 5.51433 5.26842
4.43881 4.75248 4.40595 4.37083 4.41336 5.30336 5.51225 4.77345 5.51508 5.27088
4.45575 4.75496 4.40589 4.37394 4.41647 5.37122 5.51214 4.77516 5.51653 5.27362
4.46704 4.7582 4.40608 4.3782 4.42236 5.71704 5.51205 4.77707 5.51879 5.27677
4.47399 4.76302 4.40694 4.38495 4.44645 5.72267 5.51209 4.77949 5.52219 5.29839
4.5058 4.77206 4.4111 4.40292 4.48475 5.72994 5.51253 4.78442 5.52766 5.30604
4.54397 4.78851 4.4305 4.42159 4.52987 5.74073 5.569 4.79175 5.53793 5.32242
4.85033 4.94728 4.57195 4.52668 4.91035 5.78134 5.72461 4.81551 5.57256 5.36584
6.18549 6.21395 5.73639 5.735 5.98138 6.31096 6.45737 5.11348 5.88172 5.86943
7.95036 7.58623 7.60755 7.81264 7.64381 7.70858 8.29659 6.11797 6.71294 7.87546
9.84536 8.60872 9.4197 9.74815 9.14874 9.72701 10.06531 7.86242 8.8187 8.94797
10.82471 9.62864 10.56986 10.84369 9.9448 10.9775 10.88072 9.34522 9.93495 9.86388
11.16452 10.8814 11.14482 11.47545 10.6392 11.45753 11.49518 10.59326 10.95536 10.72943
11.43456 11.45986 11.4477 11.66338 11.46403 11.56493 11.73246 11.41407 11.49177 11.56322
11.67163 11.67652 11.71682 11.75477 11.6872 11.76 11.76 11.59939 11.76 11.69784
11.72035 11.75875 11.76 11.76 11.73606 11.76 11.76 11.67884 11.76 11.71395
11.72809 11.75932 11.76 11.76 11.76 11.76 11.76 11.73173 11.76 11.71394
11.72808 11.75932 11.76 11.76 11.76 11.76 11.76 11.73416 11.76 11.71392
