4.1536 4.32751 4.00849 4.16521 4.0926 5.06583 4.88172 4.74772 5.10508 4.75783
4.16838 4.33796 4.3405 4.17664 4.10169 5.07352 4.892 4.756 5.11688 4.78926
4.19126 4.35038 4.3526 4.20171 4.11123 5.08814 5.22396 4.76798 5.13691 4.81407
4.21291 4.36801 4.36603 4.2428 4.12503 5.10287 5.31102 4.78095 5.15883 4.84053
4.23886 4.39872 4.37898 4.28761 4.15309 5.11858 5.33311 4.79513 5.18613 4.87581
4.2747 4.44337 4.39928 4.33616 4.25998 5.13789 5.36151 4.81082 5.21948 5.2236
4.35191 4.91304 4.50506 4.8298 4.89691 5.31629 5.61689 4.86391 5.45901 5.41976
4.72057 6.79632 5.80422 6.3565 6.09977 6.74177 6.14373 5.82208 6.54764 5.78407
5.14597 7.10227 6.67834 6.80553 6.40987 7.4023 6.31653 6.50991 7.3995 6.85251
5.54829 7.6983 7.74103 7.50809 6.85291 8.4247 6.67904 7.65444 7.64658 7.52401
6.26213 8.74776 8.74283 8.07276 7.84003 9.38013 7.52565 8.12976 8.07744 7.9016
7.52783 9.98713 9.68545 9.27052 8.71352 10.27247 8.96611 8.60243 8.93442 8.18948
9.42406 10.6652 10.27243 10.45324 10.04125 10.96228 10.71648 9.68037 9.67948 8.57964
9.90802 10.92835 10.70537 11.01847 10.57799 11.66051 11.22388 10.56151 10.06516 9.1207
10.67803 11.13418 10.92474 11.49339 10.99821 11.76 11.25102 11.04253 11.56016 10.88106
11.76 11.76 11.72697 11.76 11.3705 11.76 11.76 11.73394 11.76 11.76
11.76 11.76 11.76 11.76 11.76 11.76 11.76 11.73598 11.76 11.76
11.76 11.76 11.76 11.76 11.76 11.76 11.76 11.73793 11.76 11.76
11.76 11.76 11.76 11.76 11.76 11.76 11.76 11.73695 11.76 11.76
11.76 11.76 11.76 11.76 11.76 11.76 11.76 11.73898 11.76 11.76
11.76 11.76 11.76 11.76 11.76 11.76 11.76 11.74103 11.76 11.76
