3.579 3.75682 3.69523 3.82827 4.23922 4.7757 4.25771 4.59838 4.36746 5.213
3.59177 3.80764 3.71336 3.84148 4.25332 4.80005 4.27321 4.62722 4.42367 5.22721
3.60647 3.82143 3.73697 3.861 4.29083 4.81965 4.28985 4.64258 4.42528 5.24551
3.62751 3.85477 3.76032 3.88646 4.31134 4.85002 4.30863 4.65738 4.4512 5.26658
3.6478 3.8746 3.79402 3.91567 4.3313 4.86988 4.34535 4.67204 4.48101 5.28835
3.66243 3.92134 3.79748 3.95084 4.35503 4.8955 4.46672 4.68706 4.51571 5.31955
3.70118 4.09356 3.84858 4.14335 4.38653 4.91521 4.59218 4.70392 4.5835 5.35128
3.74419 4.29423 3.88845 4.45819 4.42516 4.93421 4.86896 4.7482 4.63169 5.37734
3.80966 4.47665 3.93443 4.53239 4.47847 4.97424 4.95894 5.05877 4.71386 5.4044
4.13552 4.67228 4.07785 4.66271 4.8156 5.02376 5.02967 5.33375 4.99336 5.47718
5.6437 5.89103 5.14264 5.88609 6.48587 6.13677 5.39698 5.91305 5.95184 6.51522
7.34474 7.75188 7.27405 7.62252 8.11043 9.0487 6.67603 7.4535 7.75505 8.08892
9.12336 9.40552 9.45466 9.29967 9.64391 10.96138 9.19675 8.87402 9.50286 10.08461
10.741 10.66872 10.87095 11.09653 10.97905 11.65632 11.34848 10.44712 10.80717 11.67647
11.32473 11.47678 11.66175 11.75872 11.68476 11.76 11.67645 11.52759 11.76 11.76
11.76 11.76 11.76 11.76 11.76 11.76 11.68029 11.76 11.76 11.76
11.76 11.76 11.76 11.76 11.76 11.76 11.68413 11.76 11.76 11.76
11.76 11.76 11.76 11.76 11.76 11.76 11.68797 11.76 11.76 11.76
11.76 11.76 11.76 11.76 11.76 11.76 11.69182 11.76 11.76 11.76
11.76 11.76 11.76 11.76 11.76 11.76 11.69566 11.76 11.76 11.76
11.76 11.76 11.76 11.76 11.76 11.76 11.6995 11.76 11.76 11.76
