3.75071 4.22809 4.36355 4.20554 4.25618 4.69536 5.22241 5.10824 4.55287 5.22481
3.75861 4.23975 4.37456 4.22036 4.26607 4.70458 5.22996 5.11668 4.56469 5.23535
3.76866 4.25335 4.38853 4.23894 4.27696 4.71412 5.23876 5.12889 4.58532 5.24894
3.78421 4.27257 4.42121 4.26271 4.29595 4.72467 5.25409 5.14797 4.60726 5.30816
3.80562 4.29749 4.44939 4.29776 4.32246 4.73779 5.35719 5.1637 4.63577 5.32479
3.97209 4.33652 4.5513 4.34311 4.35986 4.89694 5.58146 5.19142 4.66913 5.57732
4.398 4.6405 4.88387 4.56564 4.4596 5.65105 5.93349 5.4034 4.86214 6.00211
5.49886 6.55214 5.85302 4.99587 5.19049 7.62006 6.93757 7.30174 6.6277 6.94934
5.96897 7.5842 6.57621 6.12003 6.46595 8.78339 8.7289 8.41184 8.13579 7.19437
6.68798 8.41291 7.03929 8.23943 7.04435 10.17285 9.67031 9.06215 9.08641 7.56035
7.89785 8.88512 8.22179 9.63991 7.80214 10.84658 9.91308 9.59638 9.88406 8.70454
9.16059 10.14147 9.63926 10.84242 9.5835 11.50445 10.40729 10.63662 11.03442 9.57335
10.51459 11.04209 10.47181 11.44106 10.3447 11.68268 11.19493 11.23485 11.51961 9.98806
11.26405 11.52204 11.13313 11.6525 10.68893 11.73656 11.60493 11.76 11.73025 11.5028
11.69225 11.69043 11.48707 11.75768 11.286 11.73961 11.60729 11.76 11.73797 11.5128
11.72964 11.73022 11.57461 11.76 11.76 11.74194 11.60965 11.76 11.74117 11.52289
11.73142 11.73301 11.58372 11.76 11.76 11.74499 11.612 11.76 11.74434 11.53291
11.73362 11.73581 11.59279 11.76 11.76 11.74803 11.61435 11.76 11.74751 11.54294
11.7358 11.73859 11.59922 11.76 11.76 11.75104 11.61668 11.76 11.75066 11.55287
11.73797 11.74124 11.60528 11.76 11.76 11.75407 11.61903 11.76 11.7538 11.56284
11.7406 11.74382 11.61079 11.76 11.76 11.75719 11.61979 11.76 11.75697 11.56852
