3.89502 4.93355 4.21167 3.87614 4.15724 5.12107 5.19118 4.81282 4.87297 4.6335
3.90328 4.94769 4.22104 3.8847 4.16708 5.13098 5.1992 4.82833 4.88318 4.6452
3.91339 4.96736 4.23067 3.8944 4.17691 5.14268 5.20726 4.84487 4.89401 4.65708
3.92422 4.9858 4.2404 3.9051 4.18677 5.15564 5.21567 4.86203 4.90539 4.67585
3.93609 5.00395 4.2509 3.91778 4.1973 5.16402 5.22497 4.87928 4.91825 4.71218
3.94956 5.02299 4.26415 3.93491 4.20915 5.17299 5.23642 4.89811 4.93306 4.77828
3.96686 5.04348 4.29355 3.95474 4.22424 5.18298 5.24992 4.91891 4.95096 5.06815
4.0257 5.07145 4.37495 4.01709 4.31597 5.19862 5.28203 4.95668 4.97707 5.09795
4.21674 5.13731 4.52747 4.1709 4.50319 5.25633 5.36872 5.06943 5.01209 5.19471
4.67003 5.42843 5.05765 4.63646 5.11549 5.50569 5.63169 5.40451 5.06498 5.4066
5.46054 6.01275 6.10837 5.59455 5.92572 5.91841 6.16862 6.05397 5.22848 5.80533
6.82702 6.94465 7.48198 7.08932 7.15257 6.54418 7.3962 7.0692 5.7068 6.6252
8.39087 8.16159 9.18728 8.15953 8.04786 7.49774 8.148 8.32978 6.35913 7.88443
9.57637 9.1249 10.61774 9.24516 8.64564 8.54146 9.17945 9.63179 7.3788 9.39869
10.45079 9.9795 11.48392 10.4806 9.38149 9.27421 10.19524 10.45799 8.55644 10.40268
11.06445 10.91762 11.69414 11.21222 10.42466 10.50488 10.80238 11.34308 10.21428 10.98415
11.63796 11.75272 11.76 11.61733 11.2863 11.72708 11.76 11.71334 11.50445 11.59626
11.76 11.76 11.76 11.67181 11.62095 11.76 11.76 11.76 11.76 11.72758
11.76 11.76 11.76 11.76 11.76 11.76 11.76 11.76 11.76 11.73079
11.76 11.76 11.76 11.76 11.76 11.76 11.76 11.76 11.76 11.73401
11.76 11.76 11.76 11.76 11.76 11.76 11.76 11.76 11.76 11.73723
