3.72062 4.17504 3.62404 3.82136 4.30879 4.06097 3.90112 4.50481 4.34773 4.56968
3.72955 4.19317 3.63724 3.83156 4.34381 4.0735 3.9122 4.51471 4.35764 4.5824
3.73864 4.21444 3.65276 3.84474 4.34294 4.08685 3.9256 4.26558 4.36812 4.5953
3.74802 4.23724 3.67003 3.86338 4.36217 4.10363 3.93927 4.27771 4.38025 4.60898
3.75889 4.26181 3.69079 3.8831 4.38418 4.12188 3.95464 4.54719 4.39228 4.62204
3.77331 4.29031 3.71432 3.90706 4.41809 4.14234 3.97183 4.56265 4.4067 4.64174
3.78976 4.32412 3.78501 3.93403 4.45358 4.1649 3.9926 4.32943 4.42498 4.67149
3.83915 4.38738 3.9234 3.9704 4.5048 4.2495 4.041 4.62346 4.49231 4.74352
3.95183 4.48018 4.24242 4.0995 4.65228 4.41952 4.14596 4.50806 4.63641 4.90543
4.27486 4.82105 4.74565 4.55871 4.86977 4.89608 4.38133 4.8673 4.90425 5.50026
4.93465 5.5159 5.41239 5.50162 5.44132 6.00518 4.91413 5.91982 5.64869 6.20543
6.01982 6.54631 6.64671 6.89488 6.2372 7.07486 6.18982 6.63936 6.06573 7.35733
7.32874 7.46571 7.70196 8.16331 7.46901 8.40327 7.19149 7.56021 6.69343 8.03815
8.8236 8.32398 8.50838 9.35496 8.69541 10.23231 8.30523 8.88012 7.46556 8.68102
10.64865 9.85517 9.5631 10.52978 9.82357 10.79198 9.62629 10.26758 8.18576 9.65168
11.39371 11.28362 10.80987 11.37084 10.92995 11.4892 10.31786 11.14168 9.98503 11.24643
11.72969 11.59272 11.29697 11.61472 11.31593 11.63536 10.78103 11.70772 11.30496 11.50479
11.75724 11.70293 11.64728 11.7449 11.76 11.64422 10.79737 11.67839 11.68886 11.51419
11.75995 11.71169 11.7079 11.76 11.76 11.64996 10.81331 11.68507 11.69271 11.52353
11.76 11.71431 11.70978 11.76 11.76 11.65262 10.82926 11.76 11.69557 11.5329
11.76 11.71693 11.71161 11.76 11.76 11.65529 10.84522 11.69843 11.69843 11.54227
