4.57684 4.45896 4.18845 3.87168 4.01419 4.42926 4.59182 4.09708 4.08123 5.00533
4.58791 4.47484 4.20949 3.91421 4.01302 4.44238 4.60922 4.09709 4.09512 5.01645
4.60065 4.48831 4.2299 3.93008 4.03068 4.4623 4.62818 4.12273 4.11295 5.02817
4.6157 4.52112 4.25207 3.9456 4.05364 4.48755 4.64991 4.13685 4.13274 5.04085
4.63731 4.55469 4.28205 3.96034 4.1013 4.51559 4.67256 4.13938 4.1526 5.05288
4.66318 4.58415 4.31145 3.97745 4.12435 4.54312 4.69605 4.15528 4.17638 5.06652
4.69856 4.62363 4.34486 3.99631 4.16052 4.70212 4.72915 4.17399 4.20163 5.0802
4.7389 4.67292 4.40214 4.02444 4.20218 4.91532 4.76505 4.19441 4.23 5.08967
4.7814 4.72894 4.48133 4.15306 4.2513 5.20315 4.79786 4.21822 4.27986 5.10758
5.1658 4.80315 4.63082 4.44438 4.56181 5.5677 4.85102 4.29662 4.37939 5.14476
6.76437 5.97559 5.59605 5.43488 5.68438 6.72185 5.2711 4.98603 5.12329 5.59653
9.14788 8.57508 7.62126 7.39508 7.41248 8.9694 7.36469 6.56217 6.46356 7.60804
10.73973 10.02438 9.74473 9.72061 9.71484 10.72964 9.60522 8.5025 8.70555 10.03342
11.46844 11.25879 11.09235 10.78346 10.92176 11.54068 11.3524 10.59997 10.22563 11.64704
11.76 11.5856 11.70286 11.59121 11.46684 11.70819 11.76 11.29922 11.29682 11.76
11.76 11.76 11.76 11.76 11.76 11.71499 11.76 11.66837 11.76 11.76
11.76 11.76 11.76 11.76 11.76 11.72178 11.76 11.76 11.76 11.76
11.76 11.76 11.76 11.76 11.76 11.72858 11.76 11.76 11.76 11.76
11.76 11.76 11.76 11.76 11.76 11.73537 11.76 11.76 11.76 11.76
11.76 11.76 11.76 11.76 11.76 11.73908 11.76 11.76 11.76 11.76
11.76 11.76 11.76 11.76 11.76 11.74276 11.76 11.76 11.76 11.76
