3.64538 3.74328 3.2883 3.30017 3.44072 4.32084 4.06235 3.49374 3.52672 3.81752
3.65296 3.75321 3.30057 3.30992 3.44893 4.33256 4.07252 3.50348 3.53443 3.82394
3.66079 3.76422 3.31297 3.32467 3.45817 4.3444 4.08317 3.51883 3.54217 3.83555
3.66978 3.77667 3.32557 3.33172 3.46815 4.35904 4.09556 3.53412 3.55107 3.84719
3.68363 3.78993 3.33891 3.34624 3.47949 4.37833 4.16661 3.54537 3.5618 3.86031
3.70549 3.80665 3.35375 3.36332 3.49226 4.40064 4.26219 3.56508 3.57542 3.87035
3.73128 3.82671 3.37129 3.38432 3.51562 4.42412 4.3579 3.58152 3.59213 3.8853
3.77935 3.88216 3.42078 3.42423 3.6021 4.49545 4.50436 3.63832 3.63862 3.91383
3.9389 4.07924 3.59051 3.58305 3.84092 4.64635 4.78393 3.76846 3.51128 4.00977
4.44061 4.57195 3.98607 4.02436 4.4066 4.91916 5.27304 4.07037 3.97291 4.23583
5.20952 5.50664 4.63543 4.70355 5.30635 5.30163 6.15845 4.73509 4.43928 4.58646
6.30184 6.71725 5.63416 5.62899 6.53529 5.84974 7.30579 5.87332 5.27873 5.19241
7.61795 7.97419 7.05649 6.90606 7.76362 6.66785 8.70776 7.12615 6.12678 6.18364
8.80515 8.95027 8.73156 8.24081 9.04786 7.71333 9.90541 8.53078 7.03178 7.41204
10.24049 10.11488 9.73344 9.75062 10.21996 9.29745 10.53236 9.9758 8.14444 8.68053
11.25673 11.3554 10.90803 10.88913 10.99274 10.75191 10.93687 10.85486 9.17037 10.15904
11.7284 11.69189 11.53996 11.32051 11.44432 11.57684 11.63877 11.21541 10.18074 11.37233
11.76 11.76 11.75408 11.53063 11.60056 11.76 11.69566 11.23006 11.53278 11.65525
11.76 11.76 11.75881 11.76 11.75341 11.76 11.69884 11.24279 11.64485 11.65784
11.76 11.76 11.76 11.76 11.75574 11.76 11.70163 11.25554 11.6494 11.66045
11.76 11.76 11.76 11.76 11.75808 11.76 11.70442 11.26828 11.65375 11.66305
