4.34482 4.53965 4.02724 4.39692 4.16856 5.05656 4.80259 4.36183 4.54027 4.561
4.35486 4.55664 4.03722 4.40902 4.17788 5.06661 4.81172 4.37096 4.54963 4.57278
4.36733 4.58907 4.04894 4.42705 4.19279 5.07892 4.82458 4.38031 4.56111 4.58471
4.39156 4.62944 4.06141 4.45499 4.2169 5.09432 4.83958 4.39064 4.57713 4.59739
4.43156 4.67775 4.08226 4.48433 4.24257 5.10977 4.85986 4.403 4.59391 4.61063
4.48029 4.78993 4.12046 4.51881 4.32309 5.27102 4.88778 4.4268 4.61525 4.62587
4.57538 5.37305 4.26661 4.63305 4.82249 5.72072 5.04105 4.48348 4.86983 4.74417
5.38367 6.7949 5.73586 5.4375 5.52931 6.05198 5.5343 5.03596 5.92897 5.86238
6.8563 7.82825 6.73982 6.24207 6.44373 6.51005 6.12443 6.70378 6.84124 6.94341
7.91616 8.96766 7.93683 6.96566 6.85786 7.28935 7.67664 8.10861 7.34809 7.97798
8.64557 9.97292 8.9386 7.91081 7.29851 8.96406 8.98504 8.85966 8.0423 9.0497
9.17932 10.84052 9.65111 9.45941 8.62157 10.94292 10.60714 10.08372 9.52541 9.50493
10.06114 11.32493 11.13596 10.1285 9.94057 11.76 11.32527 11.24066 11.2487 10.27491
10.8341 11.52731 11.44071 10.3453 10.38728 11.76 11.76 11.64481 11.76 11.14197
11.68784 11.54481 11.61428 10.83522 11.18297 11.76 11.76 11.64742 11.76 11.45083
11.7505 11.64209 11.71267 11.76 11.70669 11.76 11.76 11.65197 11.76 11.66627
11.75329 11.64449 11.71822 11.76 11.71111 11.76 11.76 11.65646 11.76 11.67531
11.75609 11.64527 11.72153 11.76 11.71545 11.76 11.76 11.66093 11.76 11.68398
11.75887 11.64765 11.72424 11.76 11.7196 11.76 11.76 11.66533 11.76 11.69255
11.76 11.65001 11.72727 11.76 11.72164 11.76 11.76 11.66961 11.76 11.70115
11.76 11.6521 11.72989 11.76 11.72361 11.76 11.76 11.67384 11.76 11.70976
