3.80472 3.91667 3.85672 3.40366 3.86911 4.52961 4.61885 4.3022 4.6017 4.14627
3.81557 3.93057 3.87128 3.41428 3.88355 4.54596 4.61707 4.31709 4.61638 4.16185
3.82708 3.94787 3.88994 3.42575 3.89908 4.56789 4.63375 4.33258 4.63395 4.17807
3.84036 3.96677 3.90938 3.43829 3.91677 4.59104 4.65209 4.34933 4.65363 4.19557
3.85636 3.98858 3.92881 3.45074 3.93595 4.61663 4.67078 4.36657 4.67396 4.21599
3.87307 4.01378 3.9477 3.46469 3.9592 4.64163 4.68948 4.38644 4.68952 4.24
3.91081 4.04657 3.96616 3.48191 3.98549 4.66829 4.71251 4.41486 4.71402 4.27002
3.95078 4.08869 3.98797 3.50603 4.01928 4.70144 4.74055 4.43465 4.74012 4.30181
4.01468 4.14632 4.02045 3.5625 4.0717 4.74375 4.82952 4.46006 4.77502 4.34094
4.3253 4.58181 4.16906 3.72693 4.50071 4.81298 5.19716 4.51793 4.83066 4.41304
5.58543 5.82527 4.87125 4.82329 6.12155 6.16773 6.31472 5.64775 5.9353 5.29262
7.17679 7.77759 6.32414 6.74137 7.74357 8.98367 8.00039 7.13533 7.75978 7.16983
8.98346 9.56397 8.1458 8.95417 9.21097 11.10005 9.67382 9.19578 9.57085 8.78684
10.39826 10.62632 10.0196 10.56204 10.84541 11.69063 11.05981 10.79861 11.20708 10.21643
11.2644 11.26092 11.25403 11.17366 11.51863 11.76 11.76 11.76 11.76 11.51334
11.76 11.76 11.53905 11.71467 11.76 11.76 11.76 11.76 11.76 11.76
11.76 11.76 11.76 11.74354 11.76 11.76 11.76 11.76 11.76 11.76
11.76 11.76 11.76 11.74627 11.76 11.76 11.76 11.76 11.76 11.76
11.76 11.76 11.76 11.74907 11.76 11.76 11.76 11.76 11.76 11.76
11.76 11.76 11.76 11.75187 11.76 11.76 11.76 11.76 11.76 11.76
11.76 11.76 11.76 11.75468 11.76 11.76 11.76 11.76 11.76 11.76
