4.10997 4.25133 3.61362 3.72997 4.07091 4.60661 4.49276 3.89763 4.38872 4.14648
4.12664 4.2626 3.62268 3.74178 4.08603 4.6163 4.51116 3.88384 4.40548 4.14705
4.13974 4.27909 3.63541 3.75451 4.10748 4.63465 4.53069 3.92708 4.42706 4.16262
4.15688 4.30043 3.65157 3.77009 4.12883 4.65617 4.55189 3.94733 4.451 4.17857
4.17597 4.32456 3.69631 3.7874 4.15119 4.67585 4.58497 3.92406 4.47541 4.19359
4.19762 4.36364 3.71701 3.81079 4.17318 4.69619 4.6162 3.98512 4.50275 4.20812
4.22313 4.39568 3.73874 3.83599 4.19735 4.71974 4.65922 4.00319 4.53846 4.24108
4.25735 4.4385 3.76989 3.87046 4.23272 4.7499 4.70574 4.03362 4.58416 4.25933
4.3056 4.50403 3.82227 3.93424 4.28696 4.79042 4.74459 4.07036 4.64085 4.29511
4.39311 4.66782 3.90256 4.04996 4.38851 4.89837 4.85902 4.14394 4.75307 4.3387
5.3134 6.00446 4.64543 5.01399 4.89555 6.35662 5.71376 4.94109 5.70528 5.25685
6.90807 8.50637 6.18707 6.9094 6.83387 8.66801 6.99711 7.39387 7.68282 6.8155
9.02608 10.57949 7.84632 8.99277 9.20538 10.53672 9.37253 9.33977 9.83413 8.90308
11.1356 11.41959 9.68813 10.54815 10.82865 11.43226 10.94734 11.23095 11.52773 11.00806
11.61858 11.69085 10.95073 11.3996 11.58456 11.76 11.54224 11.33729 11.74056 11.61035
11.72177 11.69648 11.73563 11.71628 11.69346 11.76 11.54558 11.34503 11.74022 11.61895
11.72416 11.70181 11.76 11.72137 11.69644 11.76 11.54892 11.35434 11.74251 11.62926
11.72655 11.70713 11.76 11.72652 11.69921 11.76 11.55226 11.36345 11.7448 11.63955
11.72894 11.71211 11.76 11.73172 11.70198 11.76 11.5556 11.37246 11.74709 11.64766
11.73134 11.71488 11.76 11.73693 11.70475 11.76 11.55895 11.38146 11.74938 11.65508
11.73373 11.71766 11.76 11.74207 11.70752 11.76 11.56229 11.39047 11.75168 11.65859
