4.19401 5.18447 4.16215 4.36273 5.15444 4.65357 5.1661 5.30335 5.41957 5.18431
4.2069 5.21665 4.18046 4.37952 5.17822 4.67796 5.18396 5.32269 5.44402 5.21013
4.22105 5.22252 4.20244 4.40065 5.20893 4.70547 5.20756 5.34136 5.4632 5.23262
4.24151 5.24742 4.24046 4.4275 5.24436 4.73519 5.23357 5.36189 5.48332 5.26615
4.30879 5.27729 4.26711 4.45193 5.25533 4.76386 5.28117 5.38225 5.5154 5.30672
4.33405 5.3256 4.30376 4.48209 5.47378 4.80422 5.31046 5.40458 5.53015 5.35529
4.35874 5.34242 4.34241 4.52066 5.6786 4.8648 5.4177 5.42688 5.61087 5.41436
4.39724 5.41658 4.39074 4.5608 5.73416 4.91451 5.79406 5.45947 5.6474 5.45482
4.45131 5.47692 4.4554 4.6066 5.90392 4.93467 5.88273 5.64429 5.67946 5.52643
4.52876 5.56458 4.54506 4.68046 6.04338 4.98292 5.96965 5.98191 5.74794 5.5832
5.60116 6.83062 5.41954 6.08194 7.35987 5.10814 6.10405 6.03547 6.53363 5.80765
7.71622 8.78581 6.47773 8.19804 9.18378 7.07393 7.28208 6.9278 7.44488 7.74957
9.8576 10.09566 7.91857 9.88902 10.45718 9.58016 8.95127 9.37249 9.66162 9.6658
11.21818 11.06207 9.95764 11.00235 11.32849 10.67278 10.68213 10.80706 11.1567 11.26873
11.68301 11.67709 11.28775 11.59207 11.74763 11.54419 11.44527 11.39652 11.76 11.59427
11.76 11.76 11.73323 11.73568 11.76 11.55359 11.46366 11.76 11.76 11.60078
11.76 11.76 11.73587 11.73894 11.76 11.56455 11.4794 11.76 11.76 11.6071
11.76 11.76 11.73832 11.74118 11.76 11.57456 11.498 11.76 11.76 11.61436
11.76 11.76 11.74096 11.74445 11.76 11.58552 11.51656 11.76 11.76 11.62164
11.76 11.76 11.7436 11.74772 11.76 11.5965 11.53514 11.76 11.76 11.6289
11.76 11.76 11.74625 11.75099 11.76 11.60745 11.55156 11.76 11.76 11.63617
