3.55182 3.78153 3.54507 3.74053 3.93954 4.29122 4.52806 3.99175 4.60627 4.86218
3.56058 3.79281 3.55816 3.74903 3.94701 4.3009 4.53942 4.00429 4.61627 4.87847
3.56983 3.80493 3.56384 3.75803 3.96132 4.32273 4.55198 4.01701 4.62656 4.90801
3.58008 3.81797 3.57452 3.76846 3.97888 4.32165 4.56854 4.03048 4.63693 4.9317
3.59187 3.83037 3.5881 3.7836 4.00479 4.33265 4.58362 4.04449 4.64665 4.95493
3.60423 3.87781 3.60433 3.79812 4.03013 4.34346 4.59878 4.05821 4.65708 4.97722
3.61765 3.95008 3.62725 3.81661 4.05489 4.52063 4.61515 4.07305 4.66933 4.99936
3.63993 4.14396 3.64903 3.84068 4.08697 4.69424 4.64156 4.08917 4.68393 5.02582
3.67166 4.32188 3.69332 3.8713 4.16507 4.88497 4.67375 4.10913 4.71079 5.06363
3.7826 4.37561 3.72908 3.91121 4.20878 4.98346 4.71339 4.13197 4.74284 5.11322
4.17225 4.84117 3.85944 4.17056 4.31594 5.27451 4.77448 4.23505 4.79682 5.26862
5.01148 6.36604 5.12722 5.94305 6.25872 6.68809 5.68068 5.51454 6.1367 6.30166
6.49624 8.23392 7.06372 7.8628 7.22401 8.40175 7.24582 7.4809 7.87403 8.29127
7.91872 9.8433 8.5126 9.12011 8.06014 9.47908 7.74116 8.6829 8.90963 9.01572
9.2106 10.83494 9.85099 10.342 9.11831 10.14445 8.00861 9.78169 9.99725 9.3733
10.54137 11.30759 10.6653 10.91166 9.96183 10.44712 8.46601 10.97193 10.91058 10.52142
11.45011 11.62974 11.19515 11.29686 11.20094 11.25881 9.18551 11.61359 11.57509 11.76
11.64214 11.7307 11.47082 11.52793 11.55114 11.76 11.26592 11.76 11.76 11.76
11.76 11.76 11.71032 11.75904 11.73813 11.76 11.76 11.76 11.76 11.76
11.76 11.76 11.71537 11.76 11.74101 11.76 11.76 11.76 11.76 11.76
11.76 11.76 11.7203 11.76 11.74392 11.76 11.76 11.76 11.76 11.76
