4.56289 4.69999 4.63493 4.87677 4.78813 5.22327 5.1562 5.05503 5.05369 5.24626
4.57339 4.71425 4.64368 4.89089 4.79902 5.22733 5.1633 5.06967 5.0604 5.25696
4.5864 4.73441 4.65252 4.90967 4.83335 5.23154 5.17017 5.08562 5.06708 5.26837
4.6047 4.80613 4.66153 4.92949 5.14665 5.23628 5.1773 5.10259 5.07381 5.2809
4.6258 4.89298 4.72552 4.95303 5.16523 5.24612 5.1855 5.11992 5.08095 5.29712
4.65035 5.20428 4.85046 4.97353 5.19419 5.25612 5.19564 5.13865 5.08892 5.31491
4.69579 5.23996 5.15157 4.9961 5.22263 5.26521 5.20815 5.15559 5.09845 5.33729
4.83108 5.28315 5.21163 5.08654 5.31627 5.27842 5.2299 5.17863 5.14224 5.39802
5.09249 5.34439 5.39936 5.32308 5.46807 5.35746 5.26077 5.22138 5.31789 5.57226
5.7517 5.50563 6.01785 5.98951 6.09623 5.6277 5.37565 5.42382 5.89698 6.09843
6.7123 5.83795 7.15911 7.07839 6.78931 6.11665 5.57493 5.8516 6.85691 7.55243
7.687 6.29261 8.60025 8.03283 7.58863 7.0488 5.93388 6.82125 8.38716 8.88978
8.77697 7.13358 9.5274 9.03134 8.3894 8.22199 6.38762 7.79909 9.59679 9.47305
10.17922 8.42192 9.87938 10.3092 8.89504 8.91623 7.25943 8.67305 10.23489 9.72153
11.2019 10.03315 10.3148 11.18512 9.74328 9.39149 9.2876 9.59749 10.8016 10.12671
11.49969 11.11862 11.07976 11.68384 10.47321 10.21396 11.3554 10.79783 11.49714 11.27044
11.68088 11.6477 11.64539 11.76 10.95413 11.2645 11.75646 11.63761 11.76 11.76
11.76 11.74329 11.75005 11.76 11.76 11.70387 11.76 11.76 11.76 11.76
11.76 11.76 11.76 11.76 11.76 11.76 11.76 11.76 11.76 11.76
11.76 11.76 11.76 11.76 11.76 11.76 11.76 11.76 11.76 11.76
11.76 11.76 11.76 11.76 11.76 11.76 11.76 11.76 11.76 11.76
