3.28894 3.53198 3.60097 3.40414 3.82907 3.30304 3.26493 3.25391 3.46586 3.5235
3.30066 3.54108 3.61206 3.41385 3.83794 3.31224 3.27299 3.25941 3.47297 3.53172
3.31704 3.55091 3.62494 3.4249 3.84815 3.3236 3.28147 3.27366 3.4848 3.54119
3.32342 3.56186 3.63821 3.44521 3.8588 3.33654 3.29081 3.28525 3.49136 3.5548
3.33345 3.5746 3.65329 3.4634 3.87266 3.35218 3.30483 3.32077 3.50659 3.5712
3.34928 3.59049 3.67091 3.48454 3.89205 3.37077 3.37213 3.34641 3.52304 3.59327
3.3711 3.61016 3.69224 3.50762 3.94198 3.39316 3.44685 3.37594 3.55488 3.61793
3.44276 3.64377 3.73862 3.54272 3.98677 3.47145 3.56672 3.42569 3.60672 3.72416
3.65566 3.70577 3.86397 3.65307 4.07351 3.6698 3.78068 3.55808 3.7536 3.9296
4.11082 4.07759 4.11988 3.88207 4.26381 4.27845 3.99032 3.95263 4.1642 4.48536
4.81019 4.95258 4.50525 4.46478 4.57024 5.22226 4.54169 4.62005 4.841 5.54533
5.89919 6.27754 5.23081 5.4265 5.15258 6.6908 5.63459 5.65613 5.96126 6.48372
7.14538 7.69731 6.50373 7.05694 6.33586 8.15234 7.04102 6.84793 7.02058 7.84746
8.30827 9.22674 8.28594 8.9113 8.07305 9.17201 8.21049 8.33245 8.4768 9.02557
9.57336 10.44974 9.79019 10.14445 9.80741 10.27004 9.27567 9.95439 9.82149 9.94776
11.07725 11.3261 10.84059 11.12226 11.23147 11.03036 10.43652 11.26074 11.22854 10.96355
11.68998 11.60279 11.44271 11.6603 11.67591 11.54149 11.12594 11.65784 11.66382 11.48596
11.76 11.70621 11.69077 11.76 11.76 11.74171 11.58571 11.76 11.76 11.70349
11.76 11.73199 11.69945 11.76 11.76 11.75091 11.6609 11.76 11.76 11.75104
11.76 11.73645 11.70162 11.76 11.76 11.75283 11.66946 11.76 11.76 11.76
11.76 11.73904 11.70379 11.76 11.76 11.75476 11.6746 11.76 11.76 11.76
