4.07513 4.7021 4.35128 5.19918 4.91951 4.98673 6.20092 5.37587 5.13182 5.85065
4.08423 4.71803 4.36021 5.20886 4.93049 4.99656 6.20993 5.38372 5.14022 5.86372
4.09497 4.74053 4.36983 5.22536 4.94554 5.01934 6.22502 5.39162 5.1512 5.88
4.1082 4.76443 4.38482 5.24747 4.96329 5.08794 6.23468 5.3996 5.16312 5.90032
4.12311 4.79694 4.40112 5.27678 5.02346 5.19533 6.24663 5.40789 5.17454 5.9497
4.14128 4.83104 4.4195 5.31516 5.11775 5.43667 6.26098 5.41707 5.18794 6.3523
4.16503 4.87803 4.441 5.35878 5.37595 5.46088 6.27614 5.4275 5.20244 6.39673
4.20446 4.98193 4.54573 5.40714 5.47774 5.49664 6.29858 5.4482 5.22646 6.46344
4.34901 5.17887 4.79041 5.45626 5.59645 5.59385 6.37394 5.52974 5.29333 6.66652
4.74968 5.67691 5.3019 5.81297 6.04004 5.82913 6.52547 5.90273 5.58798 7.1445
5.39767 6.59659 6.31337 6.62587 6.96607 6.14572 6.96252 6.67641 6.12776 7.7763
6.19839 7.51602 7.39063 8.01304 7.81333 6.65479 7.2256 7.80837 7.12479 8.32183
6.88506 8.45774 8.42778 9.04664 8.20056 7.17965 7.69841 9.14346 8.01603 8.60471
8.1859 9.6065 9.24455 10.08742 8.6994 7.57188 8.40269 9.66432 8.78041 9.31905
9.85013 10.17987 9.77562 11.02518 9.62816 8.17719 8.9079 10.01013 10.01672 10.15512
11.31508 10.78705 10.47598 11.68516 10.64054 9.16681 9.41543 10.61373 11.20439 11.00583
11.69459 11.21664 11.66794 11.76 11.44111 10.16089 11.6454 11.73186 11.76 11.39127
11.76 11.76 11.76 11.76 11.76 11.73398 11.64779 11.76 11.76 11.76
11.76 11.76 11.76 11.76 11.76 11.76 11.65018 11.76 11.76 11.76
11.76 11.76 11.76 11.76 11.76 11.76 11.65258 11.76 11.76 11.76
11.76 11.76 11.76 11.76 11.76 11.76 11.65498 11.76 11.76 11.76
