3.50173 3.88175 3.78455 4.19387 4.22557 4.16247 5.01557 4.38242 4.60351 5.03572
3.51863 3.89328 3.79494 4.2072 4.24014 4.17587 5.03383 4.39727 4.61576 5.05152
3.53517 3.9053 3.80568 4.22363 4.25889 4.18995 5.0529 4.41284 4.62776 5.06822
3.55068 3.92659 3.81763 4.24202 4.28148 4.20545 5.07365 4.42984 4.6445 5.08826
3.57102 3.95104 3.8372 4.26138 4.30707 4.22032 5.09545 4.44612 4.66605 5.10872
3.58578 3.97586 3.8416 4.28682 4.33442 4.23504 5.12489 4.45284 4.69081 5.12901
3.60638 4.00304 3.85891 4.31171 4.36298 4.24983 5.26828 4.47934 4.71597 5.15327
3.62956 4.03407 3.88036 4.35103 4.39457 4.2646 5.56102 4.50469 4.7396 5.18186
3.65723 4.07623 3.90791 4.39979 4.43662 4.28217 5.60166 4.54447 4.76966 5.21181
3.69748 4.42654 3.95504 4.81481 4.50735 4.32147 5.76315 4.61698 4.80913 5.25181
3.89067 4.86382 4.17226 5.49855 4.77362 4.40418 6.10242 4.79065 4.87299 5.33975
5.51196 6.79484 6.78403 7.49832 5.95611 5.60086 6.8444 6.10262 6.57662 6.55141
7.40567 7.96682 8.62357 8.87112 7.20782 7.10116 8.05746 7.12195 8.02672 7.3998
8.75689 9.07228 9.94814 10.36297 8.94485 8.53385 9.15688 7.78925 9.25558 9.24677
10.12073 10.0778 10.75906 11.33544 10.03892 10.38039 10.02943 9.13241 10.1668 10.54037
11.26959 11.04885 11.29915 11.63304 11.05229 11.36035 11.16228 10.55946 10.98454 10.95165
11.65724 11.26463 11.62035 11.67958 11.59142 11.71425 11.70887 11.64936 11.51754 11.76
11.76 11.76 11.73631 11.76 11.76 11.76 11.76 11.76 11.76 11.76
11.76 11.76 11.7389 11.76 11.76 11.76 11.76 11.76 11.76 11.76
11.76 11.76 11.74151 11.76 11.76 11.76 11.76 11.76 11.76 11.76
11.76 11.76 11.74412 11.76 11.76 11.76 11.76 11.76 11.76 11.76
