3.77602 4.19307 3.58313 3.97328 4.43679 4.4473 4.18415 4.63773 4.91799 4.65617
3.78476 4.2035 3.59368 3.982 4.44787 4.45972 4.19382 4.65062 4.92965 4.66878
3.79397 4.2158 3.60613 3.99246 4.46005 4.46997 4.20805 4.66903 4.94183 4.68285
3.80134 4.23165 3.62362 4.01205 4.48266 4.49638 4.22421 4.68756 4.96052 4.70117
3.81145 4.25444 3.64346 4.03142 4.50574 4.5188 4.24573 4.70663 4.97713 4.71821
3.82342 4.27766 3.67035 4.05114 4.57989 4.53797 4.26662 4.72693 4.9935 4.75586
3.85248 4.3094 3.6951 4.07198 4.78397 4.5648 4.28758 4.74565 5.01404 4.8018
3.87535 4.3485 3.74149 4.09466 4.88079 4.59437 4.31849 4.77037 5.03553 5.18692
3.91579 4.39785 3.77745 4.1349 4.95692 4.62698 4.34417 4.79963 5.06035 5.23024
3.97422 4.47265 3.82506 4.18307 4.98983 4.66658 4.38766 4.84786 5.09222 5.27247
4.299 4.77193 4.08119 4.59373 5.05399 4.72016 4.47731 5.04034 5.19958 5.34662
5.29315 6.89041 5.11082 6.22236 6.07388 5.52947 5.37478 7.40454 6.36899 6.07346
6.71552 8.28979 6.45623 8.22138 7.20565 6.56176 6.90749 9.0964 7.1331 7.30465
8.12278 9.50522 7.79508 9.13792 8.52831 7.85629 7.38674 10.09592 8.4401 8.2414
9.40764 10.70365 8.60642 10.0644 9.98711 8.9818 7.97492 10.74108 9.55001 9.41338
10.74833 11.27953 9.59025 11.08797 11.0276 10.24812 8.81078 11.34415 10.70631 10.54831
11.64246 11.63491 10.78283 11.60571 11.65957 11.19318 9.99239 11.53495 11.42745 11.22743
11.76 11.72374 11.58033 11.74587 11.76 11.63612 10.9385 11.68846 11.76 11.76
11.76 11.7443 11.68762 11.76 11.76 11.76 11.74629 11.76 11.76 11.76
11.76 11.74714 11.69 11.76 11.76 11.76 11.7493 11.76 11.76 11.76
11.76 11.75001 11.69239 11.76 11.76 11.76 11.75232 11.76 11.76 11.76
