3.53882 3.95674 3.37198 3.387 4.49245 3.31283 3.65664 3.59445 3.69975 3.56909
3.54876 3.9701 3.38565 3.39707 4.50502 3.3317 3.66711 3.60681 3.70825 3.57978
3.5589 3.98449 3.40201 3.40883 4.51877 3.34898 3.67858 3.6238 3.72477 3.59297
3.57032 4.00103 3.41844 3.43171 4.53427 3.36667 3.69376 3.64223 3.75143 3.60492
3.58497 4.02032 3.43551 3.44933 4.55403 3.38591 3.8215 3.66319 3.77306 3.61907
3.60208 4.04356 3.45496 3.47123 4.57955 3.42017 3.89461 3.68738 3.80215 3.63775
3.62337 4.09024 3.4786 3.51607 4.61167 3.44505 3.92582 3.71559 3.87823 3.66498
3.67045 4.19006 3.54966 3.59999 4.73325 3.50546 3.97036 3.77187 4.06005 3.69922
3.80675 4.42756 3.73951 3.79756 4.97977 3.66158 4.08859 3.93075 4.38355 3.79843
4.23336 5.03044 4.16404 4.2436 5.68655 3.99699 4.51965 4.37298 4.84183 4.0724
5.1236 5.92046 4.99474 5.13453 6.62678 4.72931 5.32427 5.19676 5.89215 4.94798
6.42613 6.84455 6.04506 6.31924 7.34246 5.73682 6.45086 6.56659 6.78816 6.20746
7.70006 7.65721 7.5397 7.49588 8.37841 6.72835 7.27875 7.80386 7.87027 7.3881
9.24966 8.27781 8.34311 8.5522 9.06285 7.91842 8.05405 8.87122 8.89787 8.35212
10.13187 9.64447 9.2913 9.58522 9.93281 9.52358 9.26486 9.98878 9.73486 9.49091
10.8324 10.56236 10.56367 10.6075 10.70158 10.64885 10.21806 10.91837 11.10825 10.40075
11.50542 11.55485 11.13407 11.3824 11.32243 11.27405 10.91984 11.44163 11.59649 10.91532
11.71637 11.63166 11.62326 11.61049 11.76 11.56664 11.42664 11.67966 11.75657 11.47559
11.76 11.65253 11.6857 11.72423 11.76 11.66875 11.48253 11.74946 11.76 11.65269
11.76 11.65481 11.68771 11.72678 11.76 11.67353 11.49327 11.75283 11.76 11.66538
11.76 11.65709 11.68972 11.72923 11.76 11.67741 11.50369 11.7551 11.76 11.67169
