3.52514 3.51865 3.47032 3.30795 3.79142 4.34835 4.39036 3.82966 4.20957 4.1392
3.53356 3.52875 3.48003 3.31854 3.80784 4.36203 4.39556 3.83988 4.21973 4.1515
3.54392 3.53928 3.49075 3.3287 3.82174 4.37585 4.49466 3.85353 4.23114 4.16384
3.55509 3.55304 3.50258 3.33671 3.83628 4.39041 4.71473 3.86734 4.24387 4.17677
3.56667 3.6241 3.51691 3.34782 3.85194 4.40844 4.77416 3.88133 4.25942 4.19036
3.58108 3.72136 3.53391 3.36096 3.87077 4.42863 4.79134 3.89602 4.27582 4.20786
3.59578 3.81976 3.55404 3.37671 3.90422 4.45105 4.80984 3.91233 4.29438 4.22886
3.62254 3.9619 3.61552 3.41232 3.93282 4.48359 4.83985 3.93769 4.33862 4.26187
3.69366 4.14897 3.79471 3.58302 4.00213 4.53292 4.99908 4.02266 4.47106 4.31973
3.94866 4.54847 4.22744 4.04625 4.22699 4.62213 5.48039 4.28635 4.91345 4.50367
4.5418 5.12642 4.99484 4.84877 4.82617 5.03111 6.31713 4.73183 5.65271 4.90836
5.15445 5.83164 6.09436 5.70082 5.94215 5.80845 7.40117 5.34574 6.94123 5.91077
6.17617 6.74995 7.32929 6.72186 7.71175 7.16689 8.27956 6.34709 8.26735 7.36194
7.50326 7.79519 8.4964 7.82023 9.41476 8.73112 9.17887 7.47865 9.45877 9.40569
9.07711 9.01907 10.15756 8.84506 10.47593 10.3829 10.109 9.05177 10.6734 10.55368
11.01994 10.87444 11.28944 9.95729 11.16002 11.38093 11.01979 10.54973 11.64496 11.14385
11.63734 11.55938 11.65836 11.03876 11.53583 11.66755 11.68667 11.51649 11.70877 11.62044
11.72007 11.76 11.70213 11.48153 11.6311 11.76 11.76 11.73432 11.71459 11.62865
11.76 11.76 11.70647 11.56308 11.76 11.76 11.76 11.73796 11.71732 11.63509
11.76 11.76 11.70955 11.58049 11.76 11.76 11.76 11.74125 11.71965 11.64154
11.76 11.76 11.71263 11.58563 11.76 11.76 11.76 11.74454 11.72183 11.648
