3.69102 4.14047 3.97159 4.05033 4.3501 4.68303 4.11527 4.78985 4.9008 4.74176
3.69117 4.1405 3.97497 4.05312 4.35037 4.68427 4.11537 4.78979 4.90211 4.7429
3.69149 4.15663 3.98154 4.05846 4.35117 4.68612 4.11568 4.78986 4.92611 4.74336
3.69224 4.16125 3.98923 4.06688 4.35281 4.69776 4.11632 4.79012 4.9341 4.74395
3.69343 4.16644 3.99688 4.07179 4.35676 4.70166 4.11819 4.79074 4.93936 4.75066
3.69515 4.17224 4.00756 4.07914 4.36116 4.70738 4.12416 4.79203 4.94694 4.75629
3.69828 4.17755 4.01841 4.08962 4.36616 4.71387 4.12634 4.79471 4.953 4.76181
3.70368 4.18298 4.02772 4.10518 4.37465 4.72693 4.13345 4.81082 4.95762 4.76807
3.72047 4.19842 4.03458 4.12785 4.39287 4.73824 4.13986 4.82068 4.97364 4.77409
3.75778 4.25299 4.06206 4.15657 4.44347 4.75158 4.14821 4.83632 4.99428 4.78334
3.82464 4.36805 4.19358 4.20601 4.54932 4.78507 4.64109 4.85774 5.04111 5.27097
4.68327 5.2981 5.33642 4.53463 5.93772 5.78489 4.91861 5.02504 5.45539 5.72048
6.20422 6.942 7.13885 5.81301 7.48008 6.973 6.47799 6.94129 7.34631 6.92808
7.70231 8.92981 8.92614 7.83178 9.26488 8.66713 8.22736 9.16417 9.38311 8.77058
9.05952 10.49784 10.23695 9.88204 10.4871 9.69747 9.89965 10.73541 10.54097 10.31588
10.57908 11.28944 10.88618 11.1647 11.23484 10.99344 10.86723 11.62674 11.46046 10.94683
11.46873 11.60754 11.3079 11.52888 11.70759 11.6552 11.54965 11.74133 11.73295 11.53326
11.70496 11.68179 11.65784 11.70172 11.76 11.76 11.69708 11.76 11.76 11.76
11.7281 11.69826 11.68769 11.72245 11.76 11.76 11.70316 11.76 11.76 11.76
11.73088 11.70072 11.68983 11.72809 11.76 11.76 11.70645 11.76 11.76 11.76
11.73368 11.7032 11.69199 11.7338 11.76 11.76 11.70975 11.76 11.76 11.76
