3.06335 3.60442 3.39915 3.49719 3.63285 3.41932 3.78883 3.53144 4.00071 3.90238
3.06335 3.60442 3.39915 3.49719 3.63285 3.41932 3.78883 3.53144 4.00071 3.90238
3.06335 3.60442 3.39915 3.49719 3.63285 3.41932 3.78883 3.53144 4.00071 3.90238
3.06335 3.60442 3.39915 3.49719 3.63285 3.41932 3.78883 3.53144 4.00071 3.90238
3.06335 3.60442 3.39915 3.49719 3.63285 3.41932 3.78883 3.53144 4.00071 3.90238
3.06335 3.60442 3.39915 3.49719 3.63285 3.41932 3.78883 3.53144 4.00071 3.90238
3.06335 3.60442 3.39915 3.49719 3.63285 3.41932 3.78883 3.53144 4.00071 3.90238
3.06335 3.60442 3.39915 3.49719 3.63285 3.41932 3.78883 3.53144 4.00071 3.90238
3.06335 3.60442 3.39915 3.49719 3.63285 3.41932 3.78883 3.53144 4.00071 3.90238
3.06335 3.60442 3.39915 3.49719 3.63285 3.41932 3.78883 3.53144 4.00071 3.90238
3.06335 3.60442 3.39915 3.49719 3.63285 3.41932 3.78883 3.53144 4.00071 3.90238
3.06335 3.60442 3.39915 3.49719 3.63285 3.41932 3.78883 3.53144 3.75726 3.90238
3.06335 3.60442 3.39915 3.49719 3.63285 3.41932 3.78883 3.53144 4.00071 3.90238
3.06335 3.60442 3.39915 3.49719 3.63285 3.41932 3.78883 3.53144 4.00071 3.90238
3.06335 3.60442 3.39915 3.49719 3.63285 3.41932 3.78883 3.53144 4.00071 3.90238
3.06335 3.60442 3.39915 3.49719 3.63285 3.41932 3.78883 3.53144 4.00071 3.90238
3.06335 3.60442 3.39915 3.49719 3.63285 3.41932 3.78883 3.53144 4.00071 3.90238
3.06335 3.60442 3.39915 3.49719 3.63285 3.41932 3.78883 3.53144 4.00071 3.90238
3.06335 3.60442 3.39915 3.49719 3.63285 3.41932 3.78883 3.53144 4.00071 3.90238
3.06335 3.60442 3.39915 3.49719 3.63285 3.41932 3.78883 3.53144 4.00071 3.90238
3.06335 3.60442 3.39915 3.49719 3.63285 3.41932 3.78883 3.53144 4.00071 3.90238
