4.13446 3.96646 3.85205 3.58314 3.93463 4.06077 4.27369 3.79593 3.74495 4.8248
4.14684 3.97817 3.85258 3.59572 3.94853 4.07398 4.28939 3.81023 3.75871 4.83636
4.15908 3.99044 3.86313 3.60794 3.96306 4.08755 4.3062 3.8251 3.77248 4.84854
4.17686 4.00474 3.87609 3.62305 3.97866 4.06918 4.32443 3.84152 3.78914 4.86156
4.1983 4.02301 3.88945 3.63937 3.99826 4.08776 4.34313 3.85828 3.83105 4.87491
4.21664 4.0428 3.91334 3.65759 4.02208 4.11443 4.36216 3.87476 3.85279 4.88901
4.22709 4.06628 3.92782 3.68161 4.04656 4.141 4.38286 3.89321 3.87401 4.90634
4.27657 4.0982 3.95164 3.70469 4.07777 4.21902 4.40766 3.9135 3.89711 4.91978
4.34859 4.14747 3.99658 3.80557 4.1288 4.35876 4.43994 3.93883 3.92998 4.93592
4.59979 4.46403 4.22175 4.37241 4.3008 4.63195 4.49668 4.04787 4.04571 4.96848
5.84035 6.03862 5.59123 5.93089 5.43047 6.20943 5.66115 5.24843 5.1386 5.97635
7.48538 8.00006 7.25895 7.87218 7.13635 8.32163 7.30341 6.77771 7.21369 7.63047
9.00569 9.88301 8.76441 9.36727 9.27229 10.05038 9.05887 8.75598 9.02632 9.40384
10.73265 11.15911 10.00067 10.61679 10.844 11.39114 10.31497 10.6838 10.11805 11.10214
11.62724 11.6228 11.02205 11.47129 11.24473 11.42264 11.20834 11.5406 11.28343 11.76
11.76 11.71824 11.65891 11.68554 11.76 11.43436 11.76 11.65029 11.76 11.76
11.76 11.76 11.76 11.68817 11.76 11.44764 11.76 11.65675 11.76 11.76
11.76 11.76 11.76 11.69081 11.76 11.46091 11.76 11.6632 11.76 11.76
11.76 11.76 11.76 11.69344 11.76 11.4739 11.76 11.66965 11.76 11.76
11.76 11.76 11.76 11.69608 11.76 11.48681 11.76 11.67611 11.76 11.76
11.76 11.76 11.76 11.69871 11.76 11.50121 11.76 11.68026 11.76 11.76
