3.77683 4.23621 3.85411 4.57427 4.3153 4.21366 4.96328 4.53653 5.07335 4.70333
3.77683 4.23621 3.85411 4.57427 4.3153 4.21366 4.96328 4.53653 5.07335 4.70333
3.77683 4.23621 3.85411 4.57427 4.3153 4.21366 4.96328 4.53653 5.07335 4.70333
3.77683 4.23621 3.85411 4.57427 4.3153 4.21366 4.96328 4.53653 5.07335 4.70333
3.77683 4.23621 3.85411 4.57427 4.3153 4.21366 4.96328 4.53653 5.07335 4.70333
3.77683 4.23621 3.85411 4.57427 4.3153 4.21366 4.96328 4.53653 5.07335 4.70333
3.77683 4.23621 3.85411 4.57427 4.3153 4.21366 4.96328 4.53653 5.07335 4.70333
3.77683 4.23621 3.85411 4.57427 4.3153 4.21366 4.96328 4.53653 5.07335 4.70333
3.77683 4.23621 3.85411 4.57427 4.3153 4.21366 4.96328 4.53653 5.07335 4.70333
3.77683 4.23621 3.85411 4.57427 4.3153 4.21366 4.96328 4.53653 5.07335 4.70333
3.77683 4.23621 3.85411 4.57427 4.3153 4.21366 4.96328 4.53653 5.07335 4.70333
3.77683 4.23621 3.85411 4.57427 4.3153 4.21366 4.96328 4.53653 5.07335 4.70333
3.77683 4.23621 3.85411 4.57427 4.3153 4.21366 4.96328 4.53653 5.07335 4.70333
3.77683 4.23621 3.85411 4.57427 4.3153 4.21366 4.96328 4.53653 5.07335 4.70333
3.77683 4.23621 3.85411 4.57427 4.3153 4.21366 4.96328 4.53653 5.07335 4.70333
3.77683 4.23621 3.85411 4.57427 4.3153 4.21366 4.96328 4.53653 5.07335 4.70333
3.77683 4.23621 3.85411 4.57427 4.3153 4.21366 4.96328 4.53653 5.07335 4.70333
3.77683 4.23621 3.85411 4.57427 4.3153 4.21366 4.96328 4.53653 5.07335 4.70333
3.77683 4.23621 3.85411 4.57427 4.3153 4.21366 4.96328 4.53653 5.07335 4.70333
3.77683 4.23621 3.85411 4.57427 4.3153 4.21366 4.96328 4.53653 5.07335 4.70333
3.77683 4.23621 3.85411 4.57427 4.3153 4.21366 4.96328 4.53653 5.07335 4.70333
