4.04732 4.37778 3.74396 4.00551 4.5509 4.67662 4.41568 4.74037 4.87734 4.78047
4.05863 4.39448 3.77874 4.01877 4.56883 4.69243 4.45138 4.75375 4.87325 4.79324
4.07123 4.41456 3.79455 4.0329 4.59114 4.71425 4.4711 4.76988 4.89229 4.89551
4.08759 4.43985 3.79148 4.0563 4.61526 4.70353 4.47818 4.78944 4.91495 5.2453
4.12049 4.47127 3.83897 4.06455 4.64062 4.76631 4.5069 4.80936 4.93707 5.26327
4.14002 4.5061 3.86706 4.09703 4.66657 4.79597 4.53181 4.8314 4.99791 5.2835
4.16282 4.54905 3.87678 4.15237 4.70358 4.82822 4.57877 4.85571 5.03983 5.3085
4.1649 4.60262 4.04252 4.19502 4.75482 4.86522 4.62308 4.8885 5.09341 5.33693
4.2789 4.67758 4.33032 4.25385 4.84358 4.91195 4.70603 4.93203 5.19168 5.37334
4.55851 5.2296 4.48636 4.36032 5.04676 4.94859 5.07608 4.99884 5.30684 5.43891
5.97071 6.36048 5.73127 5.34549 6.51714 6.2016 6.72361 6.09502 6.28709 6.03595
8.33646 8.68788 7.58459 7.59249 9.096 8.42884 8.56655 8.2643 8.07658 7.73116
10.78757 10.16212 9.39413 9.88311 10.63496 9.45673 9.82413 10.3064 10.0473 9.32072
11.56915 11.44309 10.8094 11.31932 11.27266 10.69347 11.50494 11.4028 11.11003 11.1236
11.72486 11.6399 11.57356 11.59063 11.66243 11.62237 11.68572 11.76 11.75114 11.60015
11.76 11.69627 11.69811 11.76 11.76 11.76 11.69301 11.76 11.76 11.76
11.76 11.69947 11.70032 11.76 11.76 11.76 11.69756 11.76 11.76 11.76
11.76 11.70219 11.70026 11.76 11.76 11.76 11.70485 11.76 11.76 11.76
11.76 11.70512 11.70248 11.76 11.76 11.76 11.71215 11.76 11.76 11.76
11.76 11.70804 11.70471 11.76 11.76 11.76 11.71945 11.76 11.76 11.76
11.76 11.71097 11.70693 11.76 11.76 11.76 11.72675 11.76 11.76 11.76
