4.38093 4.55688 4.39683 5.04911 5.42605 4.94525 6.23524 4.6704 5.36227 5.8634
4.39036 4.56374 4.40609 5.05795 5.44303 4.9604 6.25642 4.68197 5.36782 5.89471
4.40325 4.57144 4.41872 5.07506 5.77126 4.97806 6.2756 4.69448 5.37369 5.91033
4.42292 4.58391 4.43241 5.1214 5.80592 4.99705 6.56659 4.70606 5.38208 5.92916
4.44688 4.59873 4.44816 5.4237 5.83932 5.02261 6.74242 4.71668 5.39217 5.94751
4.49081 4.62303 4.47243 5.46916 5.90083 5.05482 7.10763 4.7289 5.40783 5.96951
4.94139 4.73672 4.62486 5.55555 6.11667 5.25555 7.1682 4.84 5.57303 6.47543
6.30454 5.60658 6.06796 5.79871 6.66861 5.98325 7.8565 5.66326 5.91574 7.52199
7.25066 6.88364 6.75376 6.51071 6.93619 6.60797 7.99811 6.24717 6.23523 8.19889
8.00558 8.1133 7.54521 7.58289 7.28895 7.20877 8.60578 6.64128 6.41219 8.85225
8.4174 9.66471 8.2221 8.49135 8.19334 7.87552 9.02087 6.9536 6.88343 10.04777
9.04901 10.68714 8.89281 10.38343 9.9316 9.48858 10.47484 7.93261 8.38405 10.72775
9.95899 11.35906 9.8624 11.25363 10.47853 10.17766 11.15829 8.97927 9.32991 10.8039
10.57397 11.66172 10.47067 11.48467 10.7067 10.57001 11.19496 9.2017 10.01297 11.31231
10.95087 11.76 10.88525 11.6757 10.79088 11.29894 11.22914 9.9571 10.77556 11.31231
11.11012 11.76 11.16517 11.75416 11.28524 11.76 11.24857 10.4395 11.1882 11.76
11.73463 11.76 11.4045 11.76 11.76 11.76 11.24857 10.73744 11.1882 11.76
11.73712 11.76 11.72266 11.76 11.76 11.76 11.76 11.21635 11.35173 11.76
11.73962 11.76 11.7386 11.76 11.76 11.76 11.76 11.62485 11.76 11.76
11.74208 11.76 11.76 11.76 11.76 11.76 11.76 11.76 11.76 11.76
11.74458 11.76 11.76 11.76 11.76 11.76 11.76 11.76 11.76 11.76
