3.52006 3.6544 3.25886 3.37496 3.34787 4.02303 3.90635 3.51734 3.42386 3.85056
3.51677 3.66653 3.26948 3.38376 3.3577 4.03278 3.91786 3.52754 3.43498 3.84811
3.52569 3.67928 3.28165 3.39392 3.36796 4.04881 3.92999 3.53806 3.44633 3.85769
3.55033 3.69582 3.29604 3.40605 3.37921 4.06594 3.94322 3.54957 3.45834 3.86771
3.56266 3.71458 3.31726 3.41917 3.39031 4.0816 3.95607 3.56123 3.4718 3.87767
3.57822 3.73477 3.33436 3.43463 3.40316 4.10215 3.96917 3.5707 3.48646 3.88767
3.59241 3.76089 3.34843 3.44996 3.41859 4.12927 3.98811 3.59949 3.50446 3.89754
3.61245 3.79586 3.36253 3.467 3.4364 4.16215 4.01278 3.61629 3.5264 3.9218
3.64149 3.83573 3.3787 3.49007 3.45672 4.19742 4.07386 3.67168 3.55001 3.94317
3.68906 3.88587 3.3998 3.52767 3.50363 4.23769 4.30259 3.70521 3.57684 3.96253
3.80657 4.53661 3.74494 3.8734 3.96835 4.28948 4.70868 3.85515 3.7419 3.99572
5.04821 5.5497 5.33449 5.64481 6.03238 5.6575 5.87304 4.55942 4.59671 4.46857
6.46765 7.00509 7.24445 7.93294 7.84184 7.26862 7.74517 5.65655 5.80898 5.67648
8.05161 8.44683 8.87645 8.94833 9.01997 8.52505 9.06906 7.0174 7.00537 7.16939
9.69443 9.98578 10.07973 9.96286 10.11375 9.8947 10.12153 8.72942 8.35035 8.51495
11.23244 11.11886 10.81974 10.76987 11.01135 11.03262 10.84164 9.77057 9.79946 9.49318
11.72979 11.58606 11.62096 11.34693 11.46514 11.36183 11.52446 11.16596 10.95885 10.36271
11.76 11.76 11.76 11.57638 11.56756 11.53873 11.68912 11.59035 11.61703 11.22505
11.76 11.76 11.76 11.76 11.76 11.76 11.69596 11.6983 11.62624 11.61074
11.76 11.76 11.76 11.76 11.76 11.76 11.69955 11.70189 11.63534 11.71895
11.76 11.76 11.76 11.76 11.76 11.76 11.70316 11.70551 11.64432 11.72203
