4.16706 4.82292 4.24506 4.06456 5.19569 4.49579 4.32257 4.95334 5.26371 5.02807
4.18064 4.84881 4.26639 4.07919 5.21471 4.51479 4.33931 4.96869 5.27835 5.04257
4.1989 4.88249 4.30048 4.09566 5.22968 4.52893 4.35561 4.98932 5.29385 5.05893
4.2184 4.92521 4.33715 4.11285 5.25757 4.56553 4.3673 5.0079 5.31064 5.08705
4.24018 4.95379 4.37535 4.13447 5.39299 4.60169 4.39485 5.02597 5.32817 5.11186
4.26545 5.02328 4.43832 4.1623 5.44029 4.66266 4.41796 5.04798 5.33618 5.1288
4.29447 5.07236 4.49142 4.19689 5.53287 4.71078 4.45145 5.10326 5.37014 5.14648
4.35202 5.14407 4.54752 4.25988 5.5988 4.76776 4.50356 5.14408 5.36858 5.17072
4.42348 5.23898 4.62108 4.31463 5.93731 4.78869 4.53247 5.18901 5.40173 5.202
4.90576 5.51557 4.76047 4.44756 6.31229 4.87578 4.64682 5.24068 5.53569 5.26577
6.42392 6.46783 5.6615 5.90618 7.99985 5.60437 5.3394 6.15881 6.54669 5.63148
9.02722 7.89088 7.70512 8.68311 9.22487 8.05828 8.05136 7.50571 8.36228 7.27507
11.08041 10.05112 9.86185 10.57716 10.57857 10.43982 9.38255 9.59529 9.81964 8.85295
11.68174 10.96214 11.15623 11.38086 11.45487 11.515 11.16906 10.8322 10.65113 11.16619
11.76 11.68358 11.76 11.62193 11.76 11.68605 11.19473 11.65096 11.76 11.69833
11.76 11.74708 11.76 11.74891 11.76 11.68952 11.21518 11.76 11.76 11.76
11.76 11.75121 11.76 11.75071 11.76 11.693 11.24007 11.76 11.76 11.76
11.76 11.7543 11.76 11.75388 11.76 11.69648 11.26557 11.76 11.76 11.76
11.76 11.75756 11.76 11.75706 11.76 11.69995 11.29087 11.76 11.76 11.76
11.76 11.76 11.76 11.76 11.76 11.70343 11.31592 11.76 11.76 11.76
11.76 11.76 11.76 11.76 11.76 11.70691 11.34099 11.76 11.76 11.76
