3.11657 3.42128 3.22475 3.13155 3.68558 3.71143 3.81665 3.69017 3.32844 4.49146
3.12505 3.43341 3.2356 3.14115 3.69653 3.72309 3.8311 3.70272 3.3418 4.5041
3.13434 3.44982 3.2471 3.15281 3.71088 3.7352 3.84599 3.7165 3.35654 4.51717
3.1475 3.46776 3.25983 3.17125 3.72726 3.74826 3.86188 3.73178 3.37441 4.53183
3.16194 3.48822 3.27441 3.19251 3.74329 3.76263 3.87793 3.75124 3.39403 4.54624
3.17528 3.50328 3.30063 3.21411 3.75925 3.78049 3.89381 3.77065 3.41297 4.56014
3.18896 3.51547 3.31808 3.23556 3.77451 3.79589 3.91274 3.78961 3.43261 4.57496
3.225 3.52872 3.33782 3.25738 3.79289 3.81975 3.93868 3.81022 3.45397 4.59495
3.26835 3.55166 3.36935 3.29321 3.82673 3.84822 3.9808 3.83962 3.47531 4.61551
3.31672 3.58771 3.42287 3.34293 3.87036 3.873 4.03408 3.87671 3.50514 4.64747
3.42452 3.94401 3.68506 3.6001 4.15175 3.95171 4.18522 4.32488 3.54041 4.71166
4.38414 5.31232 4.92745 4.76801 5.92003 5.08588 5.30711 5.48038 4.55559 5.78929
5.67789 6.53219 6.28153 6.55847 7.64822 6.58368 6.41617 7.15645 5.69873 7.50599
7.30925 7.40734 7.87822 8.25577 8.71248 7.52513 7.46424 8.42008 6.58543 9.48983
9.12035 8.61299 9.61815 9.49475 9.94594 9.04943 8.82091 9.55081 7.28598 10.7126
10.37511 10.26835 10.76125 10.36497 11.11226 10.56163 10.10451 10.6296 8.58359 11.54906
11.20991 11.2134 11.48469 11.0554 11.51054 11.16475 11.39543 11.59534 10.37581 11.71792
11.47167 11.67551 11.7573 11.57031 11.75174 11.17784 11.76 11.75233 10.93841 11.72537
11.76 11.76 11.76 11.76 11.76 11.19098 11.76 11.76 10.97115 11.73228
11.76 11.76 11.76 11.76 11.76 11.20413 11.76 11.76 10.99679 11.73778
11.76 11.76 11.76 11.76 11.76 11.21739 11.76 11.76 11.02265 11.74137
