3.32746 3.55377 3.69773 3.53159 4.00061 4.10737 4.03183 4.21316 4.32994 4.15714
3.33631 3.56457 3.70859 3.54024 4.01019 4.12346 3.7802 4.22591 4.34607 4.16988
3.34562 3.57562 3.71958 3.55291 4.02006 4.13907 4.06659 4.23942 4.36289 4.18281
3.35553 3.58772 3.73143 3.56672 4.03058 4.15627 4.08236 4.25362 4.38113 4.19884
3.3655 3.58165 3.74521 3.58249 4.04185 4.19159 4.09626 4.01528 4.401 4.21491
3.37533 3.59619 3.76235 3.59884 4.05393 4.21524 4.1111 4.30065 4.42054 4.23275
3.38794 3.61795 3.78339 3.61543 4.06678 4.23628 4.14815 4.32371 4.44348 4.25017
3.40281 3.64534 3.81152 3.63795 4.08459 4.26062 4.17595 4.35037 4.46879 4.26838
3.43213 3.7094 3.84726 3.66913 4.10901 4.28614 4.20441 4.38225 4.49628 4.28073
3.47282 3.75683 3.89328 3.71155 4.15838 4.31418 4.24799 4.42904 4.53218 4.3044
3.56522 3.94921 3.99913 3.89069 4.11725 4.37686 4.36522 4.51656 4.68212 4.34768
4.74201 6.70718 5.31162 5.18699 5.54106 5.70044 4.65373 5.5904 5.62004 4.75419
6.52418 8.08809 7.64398 7.01228 7.43773 7.93869 5.99908 7.37533 6.98081 5.84675
8.07915 9.29997 9.31306 8.57422 8.33931 9.04637 7.6857 8.46679 8.57011 6.99519
9.14716 10.45564 10.13963 10.15054 9.37384 10.10124 8.81017 9.82336 9.92202 7.86176
10.1737 11.25325 10.84154 10.93138 10.78259 11.10403 10.00259 11.24637 10.94978 9.48191
10.99739 11.59978 11.46355 11.46625 11.47482 11.57182 11.63136 11.67142 11.67349 10.78001
11.61058 11.69064 11.67302 11.72884 11.75382 11.76 11.75828 11.73222 11.76 11.55845
11.76 11.69628 11.6756 11.76 11.76 11.76 11.15724 11.76 11.76 11.56865
11.76 11.69956 11.67819 11.76 11.76 11.76 11.76 11.76 11.76 11.57756
11.76 11.70285 11.68079 11.76 11.76 11.76 11.76 11.76 11.76 11.58651
