3.51566 3.86946 4.0056 3.82511 4.19555 4.42107 4.11854 4.27514 4.60544 4.45386
3.52456 3.88688 4.0157 3.83521 4.21714 4.4338 4.131 4.28507 4.61864 4.46829
3.53384 3.89994 4.02623 3.85182 4.22761 4.4468 4.14586 4.2955 4.6344 4.48577
3.5439 3.91007 4.03782 3.87032 4.23944 4.46214 4.16227 4.3067 4.65129 4.50427
3.57596 3.92532 4.04909 3.8895 4.25314 4.47877 4.18023 4.31847 4.66787 4.52289
3.5876 3.94328 4.06305 3.90918 4.2668 4.49517 4.19631 4.33679 4.68883 4.54083
3.59994 3.96054 4.08051 3.93016 4.28405 4.51186 4.21192 4.35758 4.70747 4.55915
3.61617 3.97966 4.10315 3.9602 4.30769 4.52911 4.22765 4.38083 4.72838 4.57931
3.63824 4.00565 4.13055 3.99412 4.33688 4.5471 4.24937 4.4101 4.75247 4.60378
3.68335 4.04428 4.17704 4.04466 4.39062 4.57307 4.27677 4.43839 4.78682 4.6362
3.86708 4.23995 4.34016 4.4596 4.48466 4.62546 4.33166 4.4949 4.85959 4.81346
5.08348 6.48191 5.49397 6.59594 5.29915 4.80929 5.5342 4.88107 5.85657 5.75657
6.47923 8.20079 7.1181 8.73719 6.28042 5.82388 6.48789 6.07178 7.60549 6.94637
7.89162 9.37011 9.09256 10.0698 7.95222 7.28696 7.01972 7.5575 9.12271 8.74751
9.45032 10.21254 10.19098 10.96825 10.0577 8.41092 7.81566 8.54361 9.72704 10.53457
10.79059 11.21452 10.97555 11.47748 11.15766 9.43886 8.52497 9.48151 10.46216 11.26879
11.66798 11.58261 11.40196 11.74684 11.70848 10.83111 9.54901 10.8917 11.39287 11.60343
11.76 11.74223 11.62163 11.76 11.76 11.74854 10.28068 11.39383 11.76 11.61602
11.76 11.76 11.76 11.76 11.76 11.76 11.74506 11.76 11.76 11.62285
11.76 11.76 11.76 11.76 11.76 11.76 11.75047 11.76 11.76 11.6297
11.76 11.76 11.76 11.76 11.76 11.76 11.75396 11.76 11.76 11.63659
