3.24625 3.48389 3.2129 3.22334 3.56645 4.18895 3.95591 3.95219 3.47719 4.42408
3.25442 3.53195 3.22126 3.23143 3.57503 4.19977 3.96958 3.96191 3.48762 4.43432
3.26581 3.55461 3.23009 3.24037 3.58386 4.21112 3.98364 3.97213 3.4988 4.44783
3.27873 3.55828 3.24051 3.25268 3.59331 4.22344 3.99868 3.98315 3.51083 4.46305
3.29838 3.57386 3.25287 3.2666 3.60704 4.23601 4.01375 3.99394 3.52295 4.47848
3.31859 3.59327 3.26497 3.28411 3.62231 4.25094 4.02856 4.00871 3.53595 4.49388
3.33631 3.61904 3.28415 3.3054 3.63556 4.2693 4.04562 4.02649 3.55198 4.63388
3.51485 3.64571 3.30631 3.33011 3.65118 4.30716 4.06463 4.04481 3.56734 4.92596
3.68906 3.67891 3.3336 3.35767 3.6721 4.32811 4.09246 4.06933 3.58455 4.95017
3.87137 3.83299 3.37961 3.40398 3.70559 4.3581 4.12959 4.1078 3.60873 4.99028
4.27289 4.44897 3.82334 3.50262 3.99337 4.41303 4.25132 4.17642 3.64539 5.0778
5.23505 6.04708 5.60092 4.47516 5.45869 5.71302 5.8983 5.19748 4.27423 5.86134
6.6252 7.53067 7.13767 6.14867 7.32374 7.30133 7.80445 6.49436 5.40981 7.47008
8.28838 8.69892 8.11805 7.67387 8.35479 8.51598 9.37149 7.62742 6.63992 9.01112
9.74333 9.62665 9.06666 8.95591 9.62892 9.73879 10.45832 8.92249 7.6673 10.00809
10.54578 10.71646 10.17411 10.1941 10.60906 10.7504 11.39964 10.46355 8.81672 10.89761
11.01136 11.43484 11.21999 10.84411 11.25832 11.56365 11.64847 11.3833 9.95713 11.69885
11.18138 11.71238 11.61028 11.45716 11.53982 11.76 11.76 11.76 11.15349 11.76
11.73913 11.75502 11.7386 11.70482 11.76 11.76 11.76 11.76 11.69628 11.76
11.76 11.7587 11.74103 11.70915 11.76 11.76 11.76 11.76 11.76 11.76
11.76 11.76 11.74296 11.71351 11.76 11.76 11.76 11.76 11.76 11.76
