3.8854 3.76919 3.84751 3.63026 3.98202 4.61801 4.61454 3.94816 4.73658 4.85632
3.901 3.78275 3.86057 3.6493 3.99526 4.63358 4.63381 3.96331 4.74672 4.87067
3.91745 3.79747 3.87463 3.67135 4.01111 4.64994 4.65416 3.9791 4.76324 4.8861
3.93517 3.81558 3.88992 3.6924 4.03504 4.66825 4.70323 3.99673 4.78236 4.90525
3.95246 3.83311 3.90524 3.71379 4.05417 4.68599 4.85275 4.01634 4.80852 4.92435
3.96984 3.85373 3.92684 3.73573 4.08528 4.70415 4.97726 4.03652 4.83489 4.94366
3.99221 3.87622 3.95354 3.75814 4.11491 4.72018 5.20093 4.05733 4.86166 4.9682
4.02367 3.9079 3.98691 3.78647 4.15019 4.73867 5.37074 4.0814 4.89252 4.99054
4.08483 3.95843 4.03467 3.84982 4.20218 4.76263 5.42853 4.11414 4.93091 5.09423
4.19222 4.02162 4.12122 3.95209 4.29932 4.79316 5.53687 4.30967 4.98376 5.58642
5.25045 4.57311 4.50596 4.38768 4.60268 5.24391 5.69298 4.83913 5.13049 5.66164
7.33573 6.20605 6.20419 5.83748 6.14057 6.90216 6.72391 5.96234 6.21162 6.63576
9.68895 8.29515 8.84256 8.1012 8.96718 9.65217 9.1022 8.16261 9.14129 8.79828
11.05709 10.54335 10.89629 10.19171 10.87928 11.16876 11.5505 10.23675 11.28196 11.04697
11.55006 11.48705 11.4492 11.12661 11.29063 11.65462 11.72102 11.53637 11.76 11.65965
11.76 11.76 11.76 11.6223 11.57146 11.76 11.76 11.76 11.76 11.76
11.76 11.76 11.76 11.65998 11.76 11.76 11.76 11.76 11.76 11.76
11.76 11.76 11.76 11.66414 11.76 11.76 11.76 11.76 11.76 11.76
11.76 11.76 11.76 11.66757 11.76 11.76 11.76 11.76 11.76 11.76
11.76 11.76 11.76 11.67099 11.76 11.76 11.76 11.76 11.76 11.76
11.76 11.76 11.76 11.67442 11.76 11.76 11.76 11.76 11.76 11.76
