3.98122 3.92593 3.76917 3.415 3.69438 4.25907 4.37262 3.70637 3.78514 4.52425
3.99182 3.93835 3.77751 3.42493 3.70377 4.27033 4.38644 3.71586 3.79518 4.53506
4.01781 3.95412 3.78947 3.43811 3.7195 4.28216 4.40316 3.72567 3.80592 4.54709
4.03224 3.96566 3.80692 3.4538 3.73669 4.29752 4.42098 3.73994 3.8184 4.5629
4.05267 3.98223 3.82346 3.47399 3.75405 4.31389 4.4419 3.75039 3.83331 4.57879
4.07557 3.99918 3.8402 3.49536 3.76804 4.33221 4.46106 3.76065 3.85416 4.5955
4.10417 4.01781 3.85725 3.51827 3.78147 4.35634 4.48092 3.77337 3.87501 4.61844
4.13256 4.04216 3.87701 3.54543 3.80157 4.38131 4.50115 3.78567 3.89495 4.64394
4.17283 4.0808 3.90483 3.58401 3.83571 4.55823 4.52721 3.79791 3.92712 4.67667
4.22557 4.12408 3.95417 3.85158 3.88869 4.88039 4.56221 3.81795 3.96783 4.71674
4.56314 4.5089 4.11983 4.57078 5.0404 5.00661 4.61386 3.85173 4.10377 4.8101
5.94399 7.23771 5.40812 6.10649 7.39285 5.50352 5.71709 4.24259 5.09471 5.91511
7.3982 8.76594 7.69503 7.73864 8.84897 6.57116 7.84353 5.16332 6.72632 8.21284
8.79327 9.75539 9.49546 8.9032 9.86733 7.75026 9.80232 6.13442 8.12715 9.94954
10.09754 10.72586 10.42325 9.89506 10.48623 8.81306 10.99661 7.1091 9.1642 10.99408
11.34164 11.21332 11.08959 11.01718 11.0222 9.70165 11.41301 8.3237 10.1247 11.48094
11.71006 11.60978 11.5144 11.5185 11.28417 10.69252 11.62208 9.9892 11.19413 11.63352
11.76 11.76 11.76 11.76 11.58874 11.73064 11.7434 11.24474 11.76 11.76
11.76 11.76 11.76 11.76 11.76 11.76 11.76 11.73594 11.76 11.76
11.76 11.76 11.76 11.76 11.76 11.76 11.76 11.74155 11.76 11.76
11.76 11.76 11.76 11.76 11.76 11.76 11.76 11.74426 11.76 11.76
