3.02676 3.26903 3.06861 3.05806 3.32068 3.70615 3.37265 3.46985 3.29139 4.01555
3.02676 3.26903 3.06861 3.05806 3.32068 3.70615 3.37265 3.46985 3.29139 4.01555
3.02676 3.26903 3.06861 3.05806 3.32068 3.70615 3.37265 3.46985 3.29139 4.01555
3.02676 3.26903 3.06861 3.05806 3.32068 3.70615 3.37265 3.46985 3.29139 4.01555
3.02676 3.26903 3.06861 3.05806 3.32068 3.70615 3.37265 3.46985 3.29139 4.01555
3.02676 3.26903 3.06861 3.05806 3.32068 3.70615 3.37265 3.46985 3.29139 4.01555
3.02676 3.26903 3.06861 3.05806 3.32068 3.70615 3.37265 3.46985 3.29139 4.01555
3.02676 3.26903 3.06861 3.05806 3.32068 3.70615 3.37265 3.46985 3.29139 4.01555
3.02676 3.26903 3.06861 3.05806 3.32068 3.70615 3.37265 3.46985 3.29139 4.01555
3.02676 3.26903 3.06861 3.05806 3.32068 3.70615 3.37265 3.46985 3.29139 4.01555
3.02676 3.26903 3.06861 3.05806 3.32068 3.70615 3.37265 3.46985 3.29139 4.01555
3.02676 3.26903 3.06861 3.05806 3.32068 3.70615 3.37265 3.46985 3.08448 4.01555
3.02676 3.26903 3.06861 3.05806 3.32068 3.70615 3.37265 3.46985 3.29139 4.01555
3.02676 3.26903 3.06861 3.05806 3.32068 3.70615 3.37265 3.46985 3.29139 4.01555
3.02676 3.26903 3.06861 3.05806 3.32068 3.70615 3.37265 3.46985 3.29139 4.01555
3.02676 3.26903 3.06861 3.05806 3.32068 3.70615 3.37265 3.46985 3.29139 4.01555
3.02676 3.26903 3.06861 3.05806 3.32068 3.70615 3.37265 3.46985 3.29139 4.01555
3.02676 3.26903 3.06861 3.05806 3.32068 3.70615 3.37265 3.46985 3.29139 4.01555
3.02676 3.26903 3.06861 3.05806 3.32068 3.70615 3.37265 3.46985 3.29139 4.01555
3.02676 3.26903 3.06861 3.05806 3.32068 3.70615 3.37265 3.46985 3.29139 4.01555
3.02676 3.26903 3.06861 3.05806 3.32068 3.70615 3.37265 3.46985 3.29139 4.01555
