3.80674 3.65925 3.61668 3.45376 3.74308 4.00846 4.14143 3.53268 3.38489 4.17685
3.81745 3.66758 3.62829 3.46185 3.75612 4.01784 4.15106 3.54283 3.39476 4.19062
3.82917 3.67811 3.64008 3.47216 3.76918 4.02919 4.16338 3.55431 3.40484 4.20475
3.84283 3.6897 3.65233 3.48336 3.78358 4.04023 4.17687 3.56636 3.42001 4.2251
3.86423 3.70365 3.66564 3.49714 3.79915 4.05389 4.19037 3.57883 3.42692 4.24174
3.88269 3.71946 3.68174 3.51398 3.81674 4.0696 4.20488 3.59277 3.44237 4.25903
3.90548 3.73737 3.69984 3.53338 3.83838 4.12772 4.22013 3.60715 3.46156 4.27908
3.9783 3.78889 3.79294 3.5953 3.89938 4.38457 4.25371 3.63242 3.49379 4.33491
4.24826 3.98273 4.02279 3.74697 4.15831 4.72503 4.41166 3.75199 3.5984 4.46468
4.7625 4.481 4.64552 4.08477 4.68097 5.34049 4.74421 4.17884 3.87807 4.72695
5.66204 5.37001 5.74036 4.77694 5.4672 5.89348 5.42667 4.8066 4.33778 5.32144
6.9746 6.72398 6.87835 5.9423 6.79172 6.54393 5.96007 5.67968 5.0611 6.34766
8.20088 8.29138 7.98559 7.1005 8.12317 7.47985 6.44837 6.73503 6.05141 7.73433
9.49751 9.58282 9.3605 8.50409 9.07014 8.54711 7.33426 7.90028 8.07981 9.25473
10.46179 10.49474 10.48808 9.80355 10.27629 9.68125 8.58845 9.28185 9.64451 10.81767
11.42324 11.15413 11.35711 10.70669 11.08148 11.00997 10.08015 10.98361 10.51831 11.58639
11.76 11.53823 11.70818 11.38179 11.33421 11.7068 10.64866 11.45254 10.85278 11.76
11.76 11.72104 11.74341 11.72958 11.66913 11.76 11.58058 11.58005 10.8762 11.76
11.76 11.76 11.74638 11.75136 11.75728 11.76 11.76 11.59797 10.8988 11.76
11.76 11.76 11.74906 11.75353 11.75965 11.76 11.76 11.609 10.92123 11.76
11.76 11.76 11.75175 11.7557 11.76 11.76 11.76 11.62006 10.94365 11.76
