3.40833 3.73686 3.67208 3.56855 3.70215 4.37128 4.46924 3.62285 4.32864 4.15573
3.41652 3.74534 3.68015 3.57661 3.71109 4.38427 4.47971 3.63228 4.34096 4.16718
3.42484 3.82075 3.68828 3.58479 3.72084 4.39214 4.49034 3.64183 4.35435 4.17916
3.43344 3.91604 3.69689 3.59305 3.73048 4.40928 4.50141 3.65156 4.36779 4.19148
3.44287 4.17314 3.70651 3.60177 3.74076 4.42518 4.51373 3.66153 4.37769 4.20612
3.45362 4.19353 3.71937 3.61509 3.75654 4.44164 4.52844 3.67287 4.3935 4.22377
3.46657 4.2063 3.73595 3.63109 3.77598 4.45302 4.54574 3.68515 4.41094 4.24515
3.5053 4.25477 3.78379 3.66493 3.83278 4.5432 4.57683 3.70579 4.48721 4.28771
3.64647 4.46541 3.92682 3.83084 4.03383 4.7503 4.68969 3.8058 4.63171 4.43078
3.99928 4.94421 4.37085 4.1376 4.3336 5.26418 5.04615 4.06978 5.02271 4.7862
4.55511 5.74545 5.26745 4.76349 4.64741 6.14075 5.88333 4.52265 5.6254 5.69312
5.50714 7.03495 6.35462 5.80876 5.18337 7.16917 6.47381 5.27637 6.51562 6.73648
6.6399 8.17791 7.49768 6.74794 5.98744 8.08684 6.98776 6.32467 7.49487 7.75798
7.99363 9.22503 8.49753 7.78552 7.37653 8.83741 7.83199 7.47382 8.84068 9.09857
9.32971 10.30908 9.49734 9.05489 9.23302 9.49293 9.27693 9.03243 10.56047 10.52215
10.52414 11.18238 10.55048 10.57296 10.65185 10.40736 10.32924 10.38496 11.65312 11.14675
11.34044 11.58855 11.43072 11.13183 11.35499 11.04351 11.23925 11.21671 11.73469 11.63183
11.58288 11.76 11.64822 11.45399 11.66876 11.76 11.75809 11.30911 11.73707 11.63786
11.67008 11.76 11.76 11.47211 11.68648 11.76 11.76 11.3256 11.73931 11.6439
11.67287 11.76 11.76 11.48165 11.69155 11.76 11.76 11.34211 11.74155 11.64992
11.67567 11.76 11.76 11.49121 11.69663 11.76 11.76 11.35864 11.7438 11.65595
