3.38005 3.44373 3.5328 3.1845 3.30152 3.41638 3.80428 2.97347 3.35459 4.05219
3.38808 3.45379 3.54121 3.19717 3.31064 3.48086 3.81686 2.98388 3.36449 4.06387
3.39642 3.46429 3.54997 3.21012 3.32005 3.49387 3.8362 2.99455 3.37467 4.07386
3.40559 3.47671 3.55926 3.22656 3.33164 3.51148 3.85219 3.0062 3.3854 4.08438
3.41497 3.49063 3.56873 3.24478 3.34628 3.47291 3.86788 3.01976 3.3977 4.09603
3.42517 3.51382 3.57808 3.26374 3.36059 3.54486 3.88559 3.02532 3.41062 4.11459
3.43818 3.53618 3.5874 3.29315 3.37355 3.56177 3.90321 3.03797 3.42651 4.13341
3.45206 3.55847 3.60068 3.3889 3.3863 3.58207 3.92123 3.05085 3.44746 4.15188
3.47395 3.5848 3.61823 3.50481 3.39943 3.60613 3.94278 3.06602 3.47033 4.17593
3.52041 3.63703 3.65824 3.69021 3.41839 3.8111 3.97039 3.09097 3.49648 4.2016
3.58002 3.96458 4.34831 4.02425 3.51392 4.11485 4.00379 3.12247 3.53591 4.24457
4.44782 5.70889 5.70112 5.03956 4.73723 5.01944 4.53956 3.88025 4.35924 4.95309
6.05267 7.37627 7.15744 6.26186 6.78335 6.55276 5.69431 5.35674 5.3551 6.29857
7.47783 8.7587 8.74191 7.67512 8.65615 7.95582 6.90132 6.42105 6.37852 7.4822
9.0079 9.83136 10.08776 8.93574 9.75156 8.9012 8.49629 7.27669 7.67566 8.55524
10.27741 10.98617 10.92357 10.12214 10.50144 9.67755 9.95305 8.51886 8.81754 9.9437
11.23913 11.49566 11.52871 11.17791 10.92204 10.84844 11.22279 9.858 9.96723 10.82358
11.59825 11.76 11.76 11.53709 11.29167 11.35555 11.30707 10.55319 10.93101 11.34138
11.65757 11.76 11.76 11.76 11.70254 11.41172 11.62246 10.59676 11.4607 11.75032
11.66372 11.76 11.76 11.76 11.71429 11.41841 11.7211 10.62735 11.70364 11.76
11.66603 11.76 11.76 11.76 11.71998 11.42525 11.72367 10.65624 11.71012 11.76
