3.71848 4.03306 3.53095 3.75382 4.33619 3.99774 4.01045 4.27546 4.50855 4.60248
3.73079 4.04412 3.5423 3.76143 4.34794 4.00808 4.02458 4.28442 4.51512 4.61357
3.74447 4.05659 3.55778 3.77531 4.36258 4.03186 4.03943 4.29349 4.53754 4.62495
3.75971 4.07047 3.57554 3.79157 4.37784 4.0436 4.05456 4.30331 4.55255 4.63709
3.77842 4.0873 3.59503 3.8129 4.39524 4.05781 4.07153 4.31606 4.57003 4.65181
3.79995 4.10856 3.61745 3.83968 4.41639 4.08085 4.09142 4.33356 4.58997 4.6708
3.82412 4.14031 3.64382 3.88655 4.444 4.1025 4.11651 4.36017 4.61234 4.69547
3.88526 4.258 3.70879 3.93217 4.48412 4.13357 4.15156 4.39249 4.65113 4.74845
4.06436 4.60183 3.92684 4.07111 4.55471 4.18147 4.22912 4.5128 4.75724 4.90672
4.45739 5.48164 4.40325 4.49442 4.79862 4.26997 4.37033 4.86962 5.00103 5.29221
5.16943 6.54323 5.5171 5.34084 5.30023 4.41882 4.74792 5.46785 5.44355 6.24229
6.06771 7.5237 6.70351 6.63525 6.36853 4.88477 5.09811 6.37755 5.98184 6.86561
7.03843 8.19291 7.69838 7.85948 7.12988 5.94188 5.79839 7.17499 6.48471 7.73332
8.06565 9.23756 8.95416 8.90395 7.90877 7.7816 6.89693 8.51272 7.16812 8.13117
9.43819 10.81718 10.05015 10.26175 8.97731 9.6046 8.47504 10.07028 8.68346 9.01338
10.97853 11.41068 10.98999 11.20159 10.71497 10.62145 9.73675 10.84887 10.65296 9.8846
11.6365 11.58338 11.4833 11.42507 11.41859 11.2673 10.72126 11.51029 11.42846 11.24622
11.75553 11.60917 11.6199 11.68486 11.75757 11.53212 10.7466 11.63332 11.68061 11.4319
11.75805 11.61161 11.62476 11.6876 11.75901 11.54166 10.76241 11.63896 11.68345 11.44394
11.76 11.61406 11.62965 11.69034 11.76 11.55119 10.77822 11.64461 11.6863 11.45599
11.76 11.6165 11.63452 11.69309 11.76 11.5607 10.79402 11.65027 11.68915 11.46804
