2.84413 3.04347 2.93808 2.90826 3.34456 3.01483 3.03474 2.92085 2.69609 3.48019
2.85197 3.05156 2.9454 2.91545 3.3526 3.02216 3.04254 2.9294 2.70781 3.48854
2.86117 3.06014 2.95308 2.9234 3.36145 3.03001 3.05107 2.93813 2.71892 3.49851
2.89616 3.07033 2.96114 2.93489 3.37143 3.04038 3.06082 2.94857 2.72956 3.50912
2.98153 3.08254 2.98025 2.95052 3.38637 3.0524 3.0719 2.96173 2.74381 3.52151
3.08746 3.0969 2.99337 2.97083 3.40407 3.06687 3.08515 2.97974 2.76097 3.53747
3.32524 3.11478 3.0125 2.99548 3.42625 3.08318 3.10236 3.00219 2.78188 3.55594
3.47274 3.18468 3.05825 3.05902 3.50978 3.12049 3.20323 3.07051 2.83492 3.63961
3.6381 3.3609 3.22386 3.23452 3.69792 3.34508 3.44254 3.34152 3.0239 3.81681
4.05434 3.75036 3.66819 3.65277 4.31292 3.84262 4.00047 3.89722 3.4613 4.45835
4.77806 4.38261 4.41281 4.48515 4.99553 4.67045 4.73998 4.61248 4.1784 5.19958
5.729 5.33301 5.66377 5.43182 6.21927 5.96975 5.95687 5.57022 5.05471 6.27247
6.78986 6.45234 6.87882 6.7203 7.3275 7.13832 7.22108 6.79753 6.07797 7.60085
7.90008 7.66208 8.05099 7.98461 8.44537 8.12878 8.63578 8.03679 7.25649 8.93885
8.97859 9.13706 9.14523 9.15996 9.58651 9.10899 9.78963 9.26204 8.44312 10.34515
10.24226 10.42244 10.22208 10.05134 10.85772 10.49837 10.68031 10.11512 9.92155 11.27442
11.05937 11.31405 11.18753 11.07318 11.50359 10.99694 11.35177 10.90502 10.88195 11.66421
11.37937 11.58715 11.58651 11.54188 11.76 11.23286 11.66711 11.28525 11.39241 11.74478
11.75551 11.74129 11.64524 11.73686 11.76 11.25933 11.71663 11.45784 11.64138 11.76
11.76 11.74924 11.65591 11.74401 11.76 11.26457 11.72674 11.49764 11.67125 11.76
11.76 11.75225 11.66195 11.74835 11.76 11.2685 11.72997 11.5104 11.68099 11.76
