3.81583 3.48253 3.47498 3.30669 3.50081 3.85869 3.72296 3.2434 3.24423 4.08786
3.81583 3.48253 3.47498 3.30669 3.50081 3.85869 3.72296 3.2434 3.24423 4.08786
3.81583 3.48253 3.47498 3.30669 3.50081 3.85869 3.72296 3.2434 3.24423 4.08786
3.81583 3.48253 3.47498 3.30669 3.50081 3.85869 3.72296 3.2434 3.24423 4.08786
3.81583 3.48253 3.47498 3.30669 3.50081 3.85869 3.72296 3.2434 3.24423 4.08786
3.81583 3.48253 3.47498 3.30669 3.50081 3.85869 3.72296 3.2434 3.24423 4.08786
3.81583 3.48253 3.47498 3.30669 3.50081 3.85869 3.72296 3.2434 3.24423 4.08786
3.81583 3.48253 3.47498 3.30669 3.50081 3.85869 3.72296 3.2434 3.24423 4.08786
3.81583 3.48253 3.47498 3.30669 3.50081 3.85869 3.72296 3.2434 3.24423 4.08786
3.81583 3.48253 3.47498 3.30669 3.50081 3.85869 3.72296 3.2434 3.24423 4.08786
3.81583 3.48253 3.47498 3.30669 3.50081 3.85869 3.72296 3.2434 3.24423 4.08786
3.81583 3.48253 3.47498 3.30669 3.50081 3.85869 3.72296 3.2434 3.24423 4.08786
3.81583 3.48253 3.47498 3.30669 3.50081 3.85869 3.72296 3.2434 3.24423 4.08786
3.81583 3.48253 3.47498 3.30669 3.50081 3.85869 3.72296 3.2434 3.24423 4.08786
3.81583 3.48253 3.47498 3.30669 3.50081 3.85869 3.72296 3.2434 3.24423 4.08786
3.81583 3.48253 3.47498 3.30669 3.50081 3.85869 3.72296 3.2434 3.24423 4.08786
3.81583 3.48253 3.47498 3.30669 3.50081 3.85869 3.72296 3.2434 3.24423 4.08786
3.81583 3.48253 3.47498 3.30669 3.50081 3.85869 3.72296 3.2434 3.24423 4.08786
3.81583 3.48253 3.47498 3.30669 3.50081 3.85869 3.72296 3.2434 3.24423 4.08786
3.81583 3.48253 3.47498 3.30669 3.50081 3.85869 3.72296 3.2434 3.24423 4.08786
3.81583 3.48253 3.47498 3.30669 3.50081 3.85869 3.72296 3.2434 3.24423 4.08786
