4.19126 5.37276 4.32161 4.40452 4.62546 4.59881 5.04687 5.23486 5.14903 5.20055
4.19468 5.3686 4.32256 4.39586 4.63005 4.62397 5.05389 5.23525 5.1509 5.20096
4.24158 5.37416 4.32484 4.39598 4.63918 4.63125 5.06118 5.23683 5.1561 5.19214
4.2291 5.38284 4.32989 4.42941 4.65928 4.63324 5.0573 5.23969 5.16502 5.18888
4.25112 5.39212 4.344 4.40623 4.68653 4.64318 5.11021 5.24705 5.11803 5.20726
4.28299 5.40064 4.35779 4.40188 4.69082 4.66526 5.12237 5.25629 5.12241 5.22245
4.29554 5.40919 4.37369 4.45045 4.73319 4.69837 5.16434 5.26741 5.13867 5.23896
4.32765 5.4746 4.41926 4.4868 4.89949 4.75791 5.20062 5.29727 5.21961 5.30198
4.36154 5.53993 4.47778 4.80148 5.33563 4.8098 5.29603 5.34729 5.27843 5.357
4.45596 5.62582 4.58355 4.91751 5.59452 4.89004 5.38546 5.39668 5.32717 5.44284
4.7135 5.8443 5.62336 5.11027 6.08512 5.00901 5.48303 5.61248 5.41962 5.5286
6.35904 6.85116 7.21895 6.17591 7.40672 5.32349 5.66068 6.26469 5.55544 5.92893
8.01925 8.34057 9.08518 8.13788 8.88853 6.26865 7.19279 8.20323 6.81759 8.71782
10.32533 10.20322 9.97339 9.7752 10.12384 9.48479 8.88927 10.13794 9.68665 10.16774
11.537 11.37076 10.99374 10.89488 11.46229 11.32757 11.06719 11.37819 11.09147 11.07829
11.72964 11.6616 11.6066 11.66355 11.76 11.46838 11.38524 11.76 11.57696 11.56
11.76 11.68529 11.76 11.71654 11.76 11.49016 11.41635 11.76 11.75318 11.58226
11.76 11.69094 11.76 11.72235 11.76 11.51179 11.45188 11.76 11.76 11.60354
11.76 11.69694 11.76 11.728 11.76 11.53381 11.48813 11.76 11.76 11.62517
11.76 11.70296 11.76 11.73387 11.76 11.55592 11.52456 11.76 11.76 11.64473
11.76 11.70901 11.76 11.73977 11.76 11.57764 11.56115 11.76 11.76 11.65917
