4.56961 4.42608 4.33966 4.43479 4.72867 5.05592 4.87718 4.18385 4.69418 5.10119
4.57934 4.43963 4.34875 4.44359 4.73862 5.06081 4.88616 4.19337 4.70382 5.11108
4.59303 4.45643 4.35928 4.45425 4.74915 5.06611 4.89525 4.2031 4.71522 5.12197
4.60988 4.47548 4.37339 4.46545 4.76081 5.07244 4.90436 4.21449 4.72717 5.13348
4.64161 4.53828 4.39338 4.47826 4.77507 5.08696 4.91442 4.22787 4.73949 5.14566
4.72616 4.85356 4.4168 4.49431 4.79296 5.09584 4.92763 4.24295 4.75295 5.15965
4.84649 5.01698 4.44401 4.51395 4.82672 5.10833 4.94315 4.26012 4.76823 5.17625
5.09234 5.18511 4.48114 4.55679 4.92028 5.12245 4.96713 4.29508 4.78698 5.2057
5.35235 5.53042 4.55409 4.69125 5.15646 5.27596 5.05396 4.46329 4.84652 5.32793
5.70179 6.19391 4.91826 5.13917 5.84882 5.83407 5.26321 4.96895 5.05149 5.80322
6.39597 7.4167 5.6229 5.94417 6.84697 6.68667 5.70047 5.83631 5.47482 6.72271
7.04368 8.34318 6.88516 7.1453 7.79484 7.82576 6.46126 7.29297 6.29917 8.21604
7.89388 8.81972 8.04915 8.56647 8.26246 8.79791 6.81946 8.84487 7.12188 9.56576
9.07539 9.25404 8.92962 9.78598 8.99328 9.36791 7.58196 9.82078 7.97437 10.03624
10.49084 9.84182 9.84446 10.76729 10.08346 9.71699 9.03941 10.90325 9.02435 10.86378
11.26383 10.77586 11.02098 11.67828 10.91182 10.03665 10.45523 11.37988 10.08953 11.25835
11.68566 11.61312 11.65392 11.76 11.5083 10.89646 11.62428 11.52506 11.63324 11.70413
11.76 11.67937 11.76 11.76 11.68266 11.76 11.73483 11.53856 11.76 11.76
11.76 11.724 11.76 11.76 11.75876 11.76 11.73757 11.54839 11.76 11.76
11.76 11.72886 11.76 11.76 11.76 11.76 11.74031 11.55753 11.76 11.76
11.76 11.73128 11.76 11.76 11.76 11.76 11.74305 11.56667 11.76 11.76
