3.51295 4.24761 3.55433 3.28037 3.51979 4.24766 4.01639 3.71744 3.9421 3.76977
3.51295 4.24761 3.55433 3.28037 3.51979 4.24766 4.01639 3.71744 3.9421 3.76977
3.51295 4.24761 3.55433 3.28037 3.51979 4.24766 4.01639 3.71744 3.9421 3.76977
3.51295 4.24761 3.55433 3.28037 3.51979 4.24766 4.01639 3.71744 3.9421 3.76977
3.51295 4.24761 3.55433 3.28037 3.51979 4.24766 4.01639 3.71744 3.9421 3.76977
3.51295 4.24761 3.55433 3.28037 3.51979 4.24766 4.01639 3.71744 3.9421 3.76977
3.51295 4.24761 3.55433 3.28037 3.51979 4.24766 4.01639 3.71744 3.9421 3.76977
3.51295 4.24761 3.55433 3.28037 3.51979 4.24766 4.01639 3.71744 3.9421 3.76977
3.51295 4.24761 3.55433 3.28037 3.51979 4.24766 4.01639 3.71744 3.9421 3.76977
3.51295 4.24761 3.55433 3.28037 3.51979 4.24766 4.01639 3.71744 3.9421 3.76977
3.51295 4.24761 3.55433 3.28037 3.51979 4.24766 4.01639 3.71744 3.9421 3.76977
3.51295 4.24761 3.55433 3.28037 3.51979 4.24766 4.01639 3.71744 3.9421 3.76977
3.51295 4.24761 3.55433 3.28037 3.51979 4.24766 4.01639 3.71744 3.9421 3.76977
3.51295 4.24761 3.55433 3.28037 3.51979 4.24766 4.01639 3.71744 3.9421 3.76977
3.51295 4.24761 3.55433 3.28037 3.51979 4.24766 4.01639 3.71744 3.9421 3.76977
3.51295 4.24761 3.55433 3.28037 3.51979 4.24766 4.01639 3.71744 3.9421 3.76977
3.51295 4.24761 3.55433 3.28037 3.51979 4.24766 4.01639 3.71744 3.9421 3.76977
3.51295 4.24761 3.55433 3.28037 3.51979 4.24766 4.01639 3.71744 3.9421 3.76977
3.51295 4.24761 3.55433 3.28037 3.51979 4.24766 4.01639 3.71744 3.9421 3.76977
3.51295 4.24761 3.55433 3.28037 3.51979 4.24766 4.01639 3.71744 3.9421 3.76977
3.51295 4.24761 3.55433 3.28037 3.51979 4.24766 4.01639 3.71744 3.9421 3.76977
