3.90942 4.54989 4.67465 4.64557 4.32098 4.67786 5.23129 4.67244 5.32507 4.97567
3.91828 4.56226 4.69038 4.66253 4.33046 4.69226 5.24763 4.68304 5.33429 4.99566
3.93173 4.58477 4.71926 4.67734 4.34027 4.71115 5.26689 4.6942 5.34378 5.02344
3.94889 4.61323 4.75197 4.69538 4.35222 4.73718 5.29332 4.71082 5.35406 5.05289
3.97451 4.65092 4.78711 4.72098 4.37105 4.7692 5.33431 4.73475 5.36883 5.08655
4.00341 4.69231 4.82608 4.75826 4.47882 4.81516 5.37478 5.10783 5.3947 5.12339
4.36823 5.13718 4.96638 4.99893 5.35906 5.15529 5.48981 5.4098 5.48501 5.44684
6.13957 5.72866 5.6438 5.95279 5.90674 7.28624 6.44007 6.58533 6.02598 6.319
7.11446 6.43865 5.9252 6.19278 6.21041 8.05061 6.96713 7.27705 6.72878 6.5871
8.22855 7.04291 6.54661 6.47166 7.60132 8.53143 7.33463 8.08041 8.00841 7.05889
8.87812 7.85553 8.1261 7.02688 8.3308 9.12091 8.24446 9.10384 9.19471 7.95799
9.57224 8.59859 9.36783 8.14167 9.14797 9.77761 8.77005 9.94521 9.56928 8.59787
10.59013 9.80083 10.01782 9.05981 9.96155 10.12508 9.91321 10.20966 10.44818 9.15279
11.09971 10.46919 10.54059 9.30101 10.5404 10.53025 10.37915 10.37638 10.98902 9.93883
11.3509 10.65119 11.05432 9.59519 11.00955 11.76 11.47714 10.63463 11.23585 10.98796
11.59639 11.41324 11.74049 11.05866 11.75518 11.76 11.76 11.76 11.76 11.76
11.76 11.76 11.75188 11.76 11.76 11.76 11.76 11.76 11.76 11.76
11.76 11.76 11.75399 11.76 11.76 11.76 11.76 11.76 11.76 11.76
11.76 11.76 11.7561 11.76 11.76 11.76 11.76 11.76 11.76 11.76
11.76 11.76 11.75817 11.76 11.76 11.76 11.76 11.76 11.76 11.76
11.76 11.76 11.76 11.76 11.76 11.76 11.76 11.76 11.76 11.76
