4.16915 5.37677 4.18808 4.75963 5.41818 4.81049 5.09825 5.23646 5.33267 5.35967
4.17799 5.38752 4.19979 4.7678 5.43038 4.82153 5.15608 5.24714 5.3417 5.37238
4.18704 5.40087 4.21466 4.7907 5.44524 4.8328 5.45435 5.25995 5.35085 5.38618
4.19732 5.41645 4.23212 4.80276 5.46069 4.84439 5.47223 5.27372 5.36019 5.40172
4.23952 5.43522 4.25181 4.81612 5.47701 4.85752 5.50023 5.28846 5.37033 5.42131
4.30173 5.45659 4.27447 4.83413 5.49755 4.89093 5.53598 5.3285 5.38014 5.44452
4.39431 5.4847 4.30255 4.87893 5.52319 4.91341 5.58389 5.42038 5.39441 5.47112
4.54058 5.52143 4.35813 4.94056 5.5724 4.94486 5.72256 5.63593 5.43053 5.51109
4.8026 5.62104 4.51446 5.05585 5.68372 5.11482 6.0929 6.02246 5.51416 5.56679
5.13616 5.92184 4.96815 5.62399 6.09379 5.59874 6.54183 6.45658 5.73313 5.7124
5.72247 6.7583 5.94261 6.07548 6.28914 6.97825 7.01047 7.44301 6.19057 5.98849
6.84156 8.13234 6.91896 6.85274 6.57169 8.14213 7.45036 8.58561 7.17414 6.59021
7.74222 9.25582 7.70611 7.45428 6.95897 8.9393 8.43584 9.2825 7.47371 7.72889
8.38062 10.21332 8.54602 8.51643 7.65256 9.7087 9.00922 10.24978 7.89417 8.26175
9.17017 10.78937 10.01613 9.96223 8.45505 10.19368 9.73517 11.04408 8.79571 9.42062
10.07996 11.01098 11.11032 11.34013 9.65408 10.80515 10.4564 11.69654 9.5957 10.71252
11.159 11.07932 11.68755 11.71957 10.81555 11.10329 11.10011 11.74601 10.68196 11.75635
11.73112 11.26246 11.75928 11.76 11.17339 11.73677 11.11265 11.74915 10.98552 11.76
11.76 11.72201 11.76 11.76 11.76 11.76 11.12522 11.75229 11.76 11.76
11.76 11.7252 11.76 11.76 11.76 11.76 11.13782 11.75543 11.76 11.76
11.76 11.72764 11.76 11.76 11.76 11.76 11.15041 11.75858 11.76 11.76
