3.52268 3.73624 3.5974 3.39057 3.51763 3.66375 3.49729 3.43566 3.70118 3.47323
3.54155 3.74945 3.62529 3.38586 3.54626 3.67607 3.52009 3.45034 3.71336 3.48234
3.56881 3.76741 3.65949 3.40946 3.62136 3.69583 3.5581 3.47304 3.72968 3.49591
3.58419 3.78835 3.68372 3.43421 3.65719 3.72479 3.57601 3.49909 3.74772 3.51346
3.61426 3.81507 3.70716 3.45206 3.67938 3.75217 3.59105 3.52983 3.76947 3.53212
3.63625 3.8422 3.72291 3.48259 3.70053 3.78153 3.6304 3.55491 3.79427 3.55306
3.71001 3.88274 3.76865 3.5146 3.72569 3.83545 3.62986 3.59204 3.82694 3.57768
3.85758 3.93687 3.79238 3.56978 3.75901 3.87731 3.70494 3.63646 3.8822 3.6322
4.28168 3.99756 3.83117 3.63021 3.82022 3.93695 3.74921 3.6913 3.93987 3.66459
4.81602 4.30191 4.1342 3.75046 4.30384 4.26338 4.02837 3.99772 4.45659 4.0064
5.85955 6.21716 5.30515 4.92575 5.8702 6.08761 5.39281 5.327 5.64704 5.81968
7.33823 8.264 7.2117 7.26026 7.61248 8.23588 7.51642 7.24439 6.96916 7.91285
8.89171 9.72339 9.2544 8.97413 9.22222 10.14294 9.15606 8.82819 8.78309 8.83013
10.60545 10.42256 10.56058 10.06006 10.58199 11.23213 10.57884 10.156 10.61588 10.00777
11.23716 11.06078 11.27768 11.0494 11.38504 11.67893 11.14252 11.06768 11.69095 10.86809
11.664 11.56015 11.65281 11.76 11.73666 11.737 11.67833 11.57234 11.76 11.54613
11.68468 11.70135 11.70004 11.76 11.74118 11.74107 11.76 11.61074 11.76 11.5708
11.69272 11.70641 11.7026 11.76 11.74354 11.74382 11.76 11.62065 11.76 11.58254
11.70071 11.71142 11.70534 11.76 11.74594 11.74657 11.76 11.62874 11.76 11.59445
11.70874 11.71664 11.70808 11.76 11.74834 11.74933 11.76 11.63865 11.76 11.60657
11.71676 11.72186 11.71083 11.76 11.75074 11.75208 11.76 11.6465 11.76 11.6187
