3.4052 3.66603 3.45897 3.18167 3.64485 4.21809 4.58292 3.69708 4.3574 3.99383
3.41104 3.67949 3.46807 3.17835 3.65526 4.22871 4.59498 3.70837 4.4001 4.00551
3.4193 3.69393 3.47955 3.19478 3.66698 4.23934 4.60736 3.71978 4.41227 4.01731
3.43079 3.71993 3.49411 3.21726 3.68765 4.25066 4.62063 3.73206 4.42587 4.02949
3.43934 3.85943 3.5096 3.23099 3.69876 4.26432 4.63538 3.74522 4.44173 4.04313
3.45092 4.02352 3.52877 3.2517 3.71623 4.27885 4.65785 3.76003 4.45915 4.06024
3.46773 4.08994 3.5501 3.27475 3.74726 4.2941 4.68492 3.77617 4.50594 4.08431
3.51644 4.13289 3.61461 3.32589 3.80458 4.32151 4.72987 3.81392 4.58649 4.12273
3.68383 4.25507 3.79073 3.49471 4.0412 4.41251 4.86178 3.91054 4.81911 4.31391
4.10463 4.64174 4.15866 3.80807 4.60325 4.84198 5.27093 4.11175 5.41187 4.79326
4.96042 5.35411 4.88568 4.28784 5.70288 5.58823 5.86666 4.46462 6.03148 5.77411
6.10973 6.33115 6.10326 5.17909 6.92562 7.03942 6.86499 5.15773 6.95468 7.00186
7.31784 7.56118 7.46586 6.50046 8.0872 8.23243 8.1027 6.14991 7.90848 8.2404
8.6338 8.93042 8.66703 8.24766 9.19285 9.47617 9.30495 7.24642 9.13531 9.28673
9.88453 10.24741 9.924 9.77103 10.3855 10.37203 10.65383 8.48144 10.35778 9.88026
11.24784 10.93337 11.03926 10.58783 11.11049 11.0476 11.60138 9.56329 11.48321 11.07478
11.57306 11.60977 11.51381 11.22795 11.48493 11.69789 11.71273 10.61149 11.76 11.47419
11.74567 11.76 11.68093 11.41818 11.60428 11.76 11.76 11.50968 11.76 11.5887
11.76 11.76 11.76 11.42761 11.76 11.76 11.76 11.7258 11.76 11.59724
11.76 11.76 11.76 11.43704 11.76 11.76 11.76 11.72951 11.76 11.60581
11.76 11.76 11.76 11.4465 11.76 11.76 11.76 11.73231 11.76 11.61284
