4.25585 4.85764 4.55024 4.87611 4.57538 4.76698 5.69348 5.08212 5.68111 5.4203
4.25618 4.85769 4.56896 4.87677 4.57684 4.76696 5.71995 5.08208 5.68158 5.42301
4.25669 4.85851 4.58232 4.88214 4.58111 4.7679 5.7081 5.08201 5.68197 5.42704
4.25789 4.86078 4.62606 4.917 4.58658 4.7759 5.7117 5.08198 5.68285 5.43234
4.25946 4.86446 4.68777 4.97121 4.59286 4.77938 5.73115 5.08205 5.68418 5.43808
4.26251 4.86862 4.76067 5.02799 4.59941 4.78436 5.71123 5.08021 5.68608 5.44611
4.27308 4.87429 4.91229 5.0856 4.60634 4.78922 5.72614 5.08552 5.68887 5.45576
4.27953 4.88524 5.07749 5.23041 4.61452 4.79806 5.73402 5.09806 5.69251 5.46618
4.28826 4.91517 5.11671 5.40785 4.62622 4.81047 5.7512 5.12048 5.6995 5.47777
4.32251 4.98651 5.15782 5.48249 4.67007 4.87011 5.83203 5.15891 5.71211 5.47198
4.47235 5.6624 5.31843 5.89451 5.17208 4.97553 5.9321 5.34327 5.75952 5.59125
5.7751 7.11799 6.48537 6.74413 6.73123 5.60333 6.15135 5.67996 6.19872 6.12719
7.74626 8.40635 8.1702 8.58705 7.84538 6.67638 7.07423 6.41666 7.89726 7.22388
9.77721 9.68129 9.11098 10.27173 8.72524 8.49694 8.69491 7.58848 10.26179 9.41433
10.60126 10.93527 9.94672 11.25397 10.31133 10.11529 9.93066 8.90993 11.31483 10.85078
11.22107 11.45482 10.45431 11.5356 11.06451 11.13564 11.07702 10.38251 11.60649 11.33009
11.61631 11.64638 10.95766 11.68096 11.46166 11.5725 11.65791 11.21332 11.65691 11.76
11.75036 11.74986 11.38095 11.75962 11.73576 11.76 11.75979 11.71617 11.76 11.76
11.76 11.76 11.51217 11.76 11.76 11.76 11.76 11.74082 11.76 11.76
11.76 11.76 11.58657 11.76 11.76 11.76 11.76 11.74081 11.76 11.76
11.76 11.76 11.72284 11.76 11.76 11.76 11.76 11.74081 11.76 11.76
