4.09865 4.65939 4.49408 4.72086 4.60039 4.81105 4.76359 5.0118 5.56732 5.29695
4.11093 4.66933 4.50882 4.72999 4.62962 4.82257 4.79071 5.02575 5.57835 5.31256
4.12434 4.68251 4.60397 4.74054 4.64921 4.83468 4.8122 5.04024 5.59061 5.3282
4.13892 4.69797 4.7238 4.75743 4.66946 4.84863 4.84412 5.05449 5.60217 5.34413
4.15435 4.71881 4.97122 4.78019 4.69063 4.8662 4.86339 5.06934 5.61373 5.36175
4.17206 4.76545 5.0467 4.81061 4.71602 4.88694 4.89631 5.08543 5.62636 5.38387
4.19428 4.76673 5.07824 4.84269 4.74566 4.92865 5.10637 5.10552 5.66696 5.41207
4.23983 4.8419 5.14333 4.94685 4.808 5.0526 5.47113 5.16855 5.74676 5.47162
4.36379 4.89893 5.26625 5.2511 4.90143 5.31897 5.75413 5.32312 5.99798 5.62752
4.63885 5.04827 5.53742 5.8073 5.11875 6.04441 5.91132 5.71774 6.35364 6.2011
5.20901 5.31276 6.25636 6.73897 5.88081 7.31718 6.21823 6.64336 6.78583 6.91648
6.20029 5.74927 7.22824 8.12749 7.10474 8.55281 6.87476 7.35061 7.50986 7.79643
7.10768 6.63939 7.96066 9.54573 8.12023 9.09258 7.37437 8.24396 7.80692 8.14643
8.40614 7.47741 8.5235 10.6232 8.68522 9.99722 7.83966 9.44914 8.58073 8.66206
9.90325 8.06004 9.43283 11.43125 9.06721 10.56056 8.92792 10.37353 9.4738 9.71164
11.19237 8.55835 10.46445 11.59698 9.37221 10.83618 9.73682 11.19448 10.05225 10.64115
11.56869 8.99402 11.55412 11.67847 9.70152 11.15744 11.18466 11.4894 10.46023 11.76
11.71755 10.55255 11.75192 11.76 11.19145 11.65521 11.51414 11.50734 11.19429 11.76
11.76 11.76 11.76 11.76 11.76 11.76 11.52456 11.5253 11.75254 11.76
11.76 11.76 11.76 11.76 11.76 11.76 11.53499 11.54175 11.76 11.76
11.76 11.76 11.76 11.76 11.76 11.76 11.54542 11.55643 11.76 11.76
