3.15297 3.0726 3.19101 2.97021 3.37513 3.18358 3.56768 2.84384 3.32142 3.23891
3.15983 3.08155 3.19466 2.97701 3.38519 3.19224 3.57706 2.85256 3.33181 3.24734
3.16725 3.09197 3.20276 2.98441 3.4108 3.20156 3.58746 2.86168 3.34786 3.25832
3.17519 3.10307 3.21691 2.9929 3.4157 3.2113 3.59863 2.87139 3.36452 3.27259
3.1831 3.11444 3.23017 3.00326 3.44315 3.22317 3.61038 2.88102 3.3847 3.28572
3.19188 3.12776 3.24518 3.01468 3.44738 3.23921 3.6253 2.89166 3.40603 3.30252
3.20191 3.14264 3.26604 3.03178 3.4622 3.2554 3.64577 2.90776 3.42761 3.3262
3.21726 3.1631 3.28802 3.05272 3.49551 3.27624 3.66879 2.92604 3.46132 3.35496
3.24413 3.18775 3.3182 3.07967 3.51439 3.30249 3.69956 3.09489 3.55959 3.39317
3.29791 3.24455 3.36648 3.13447 3.58535 3.34264 3.75922 3.3425 3.90476 3.4498
3.99275 3.47783 3.64213 3.47125 4.14955 3.72262 4.07209 3.64599 4.91285 3.64379
5.67837 4.87748 4.69576 4.70986 5.84354 5.14971 5.28543 5.03827 6.10938 5.24374
7.53373 6.54731 6.14495 6.18173 7.32684 6.54687 7.04148 6.56928 7.19135 6.78182
8.79227 7.87674 7.87562 7.38384 8.56105 7.76102 8.71172 7.80048 8.4546 8.16385
9.65003 8.97506 9.24593 8.67451 9.86059 9.26565 9.71734 8.87823 9.48647 9.47616
10.43215 10.05371 10.26835 10.13105 10.69327 10.40342 10.55907 9.84412 10.83509 10.51451
11.23018 11.07694 11.00537 10.7462 11.18629 11.33705 11.42408 10.61344 11.47432 11.12739
11.58084 11.59146 11.41428 11.22744 11.51922 11.7154 11.74547 11.17177 11.67973 11.47492
11.7362 11.69055 11.72437 11.32209 11.71263 11.76 11.76 11.3961 11.76 11.66967
11.74368 11.70077 11.72854 11.33254 11.71887 11.76 11.76 11.41848 11.76 11.67397
11.74623 11.70543 11.73093 11.3406 11.72163 11.76 11.76 11.43071 11.76 11.67597
