3.21423 3.35358 3.15218 3.22155 3.68031 3.11721 3.03507 3.35661 3.23617 3.42176
3.22207 3.36242 3.16175 3.23163 3.67166 3.12527 3.04492 3.36648 3.23997 3.43162
3.23042 3.37164 3.17152 3.24284 3.70257 3.13364 3.0577 3.37844 3.24836 3.44348
3.23952 3.38215 3.18548 3.25497 3.7184 3.14267 3.07101 3.39538 3.25726 3.45723
3.24943 3.3953 3.20358 3.26897 3.74138 3.15337 3.08545 3.41417 3.2676 3.47218
3.30613 3.41197 3.23334 3.28277 3.7627 3.16433 3.14974 3.4312 3.28411 3.49114
3.43252 3.4343 3.25898 3.29887 3.77498 3.17693 3.26336 3.44831 3.30126 3.51206
3.62952 3.46266 3.28601 3.31974 3.8189 3.19774 3.36786 3.47137 3.31297 3.53134
3.67685 3.5003 3.33294 3.35674 3.84503 3.22485 3.48487 3.51405 3.35521 3.56813
3.74142 3.78823 3.38309 3.4158 3.9269 3.25911 3.55515 3.57194 3.42657 3.68222
4.25881 4.51417 3.73918 3.8549 4.47887 3.57959 3.97484 3.89585 4.0176 4.18334
6.51652 5.8739 5.07422 5.89019 6.2101 5.27895 5.32132 5.69128 5.48208 5.36751
8.14453 6.79297 6.55423 7.74576 7.09497 7.12021 6.71163 7.24336 6.90961 6.61479
9.04423 8.15009 7.85346 8.92577 8.04418 8.30832 8.04909 8.74291 8.24026 8.03204
9.86846 9.85318 9.07734 9.88277 9.56397 9.58457 8.84304 10.08735 9.60689 9.37409
10.64072 10.91646 10.07042 10.7096 10.81168 10.35191 9.79307 10.82334 10.78015 10.47557
11.30702 11.47885 11.11771 11.30439 11.54786 11.08666 10.72466 11.32648 11.52354 11.14348
11.76 11.62694 11.64498 11.63144 11.76 11.44202 11.35968 11.63956 11.76 11.49836
11.76 11.65803 11.67184 11.75066 11.76 11.73743 11.48318 11.76 11.76 11.69541
11.76 11.66107 11.67383 11.75726 11.76 11.73948 11.49631 11.76 11.76 11.71191
11.76 11.66345 11.67584 11.75984 11.76 11.74148 11.50758 11.76 11.76 11.71482
