3.4243 3.86899 3.69717 4.01599 3.99221 4.36731 4.63662 4.04946 4.66556 4.81807
3.43381 3.88143 3.70649 4.0403 4.00268 4.3796 4.63321 4.06432 4.67404 4.83155
3.44403 3.89467 3.71655 4.05278 4.01364 4.39425 4.66592 4.07945 4.68279 4.84589
3.45546 3.9089 3.72776 4.07128 4.02566 4.41247 4.68337 4.09622 4.6925 4.86152
3.46641 3.9254 3.74757 4.09355 4.04132 4.42842 4.70015 4.11246 4.70376 4.87624
3.47729 3.94631 3.76818 4.12066 4.05641 4.4444 4.70191 4.12876 4.71876 4.89537
3.48928 3.96799 3.79285 4.15033 4.23204 4.4602 4.72163 4.15156 4.73605 4.92665
3.50675 3.99126 3.82319 4.18734 4.53927 4.47819 4.75953 4.16761 4.75628 4.96061
3.52633 4.20303 3.86452 4.23134 4.58887 4.49924 4.79143 4.19607 4.78617 5.003
3.57168 4.49851 3.92427 4.2984 4.6647 4.75491 4.83917 4.23028 4.83175 5.06291
4.01025 4.95578 4.20728 4.99922 5.38546 5.18412 5.05289 4.33864 5.02509 6.01584
6.15701 6.48335 6.117 7.25012 7.48977 5.72194 7.08321 6.48281 7.16147 7.64513
8.22819 8.61486 8.31567 9.11062 8.5699 6.832 9.20914 8.60714 9.26621 9.05612
9.28415 9.97982 9.30652 9.90573 9.67427 8.40595 10.25143 9.3537 10.66802 10.12982
10.21125 10.95403 10.23753 10.96054 10.28798 10.27224 10.93503 10.08988 11.38648 10.66248
11.15659 11.59095 11.08439 11.35676 10.79527 11.45766 11.30866 10.95785 11.74946 11.11496
11.50636 11.76 11.56532 11.57061 11.07798 11.74762 11.76 11.65326 11.76 11.72718
11.68687 11.76 11.76 11.74507 11.5359 11.76 11.76 11.76 11.76 11.76
11.69009 11.76 11.76 11.75029 11.76 11.76 11.76 11.76 11.76 11.76
11.69333 11.76 11.76 11.75309 11.76 11.76 11.76 11.76 11.76 11.76
11.69656 11.76 11.76 11.75588 11.76 11.76 11.76 11.76 11.76 11.76
