4.04917 4.73479 3.86015 4.26648 5.02742 4.43328 5.24762 5.01911 5.16372 4.91431
4.04917 4.73479 3.86015 4.26648 5.02742 4.43328 5.24762 5.01911 5.16372 4.91431
4.04917 4.73479 3.86015 4.26648 5.02742 4.43328 5.24762 5.01911 5.16372 4.91431
4.04917 4.73479 3.86015 4.26648 5.02742 4.43328 5.24762 5.01911 5.16372 4.91431
4.04917 4.73479 3.86015 4.26648 5.02742 4.43328 5.24762 5.01911 5.16372 4.91431
4.04917 4.73479 3.86015 4.26648 5.02742 4.43328 5.24762 5.01911 5.16372 4.91431
4.04917 4.73479 3.86015 4.26648 5.02742 4.43328 5.24762 5.01911 5.16372 4.91431
4.04917 4.73479 3.86015 4.26648 5.02742 4.43328 5.24762 5.01911 5.16372 4.91431
4.04917 4.73479 3.86015 4.26648 5.02742 4.43328 5.24762 5.01911 5.16372 4.91431
4.04917 4.73479 3.86015 4.26648 5.02742 4.43328 5.24762 5.01911 5.16372 4.91431
4.04917 4.73479 3.86015 4.26648 5.02742 4.43328 5.24762 5.01911 5.16372 4.91431
4.04917 4.73479 3.86015 4.26648 5.02742 4.43328 5.24762 5.01911 5.16372 4.91431
4.04917 4.73479 3.86015 4.26648 5.02742 4.43328 5.24762 5.01911 5.16372 4.91431
4.04917 4.73479 3.86015 4.26648 5.02742 4.43328 5.24762 5.01911 5.16372 4.91431
4.04917 4.73479 3.86015 4.26648 5.02742 4.43328 5.24762 5.01911 5.16372 4.91431
4.04917 4.73479 3.86015 4.26648 5.02742 4.43328 5.24762 5.01911 5.16372 4.91431
4.04917 4.73479 3.86015 4.26648 5.02742 4.43328 5.24762 5.01911 5.16372 4.91431
4.04917 4.73479 3.86015 4.26648 5.02742 4.43328 5.24762 5.01911 5.16372 4.91431
4.04917 4.73479 3.86015 4.26648 5.02742 4.43328 5.24762 5.01911 5.16372 4.91431
4.04917 4.73479 3.86015 4.26648 5.02742 4.43328 5.24762 5.01911 5.16372 4.91431
4.04917 4.73479 3.86015 4.26648 5.02742 4.43328 5.24762 5.01911 5.16372 4.91431
