3.77685 3.72815 3.37155 3.47717 3.61861 4.3064 3.99505 3.54796 3.44038 4.0703
3.78836 3.73925 3.37951 3.48533 3.62657 4.33124 4.00601 3.55757 3.45492 4.08118
3.80356 3.75264 3.3825 3.49508 3.63788 4.34056 4.00606 3.56731 3.46963 4.09096
3.81888 3.76891 3.39934 3.50698 3.65125 4.35038 4.05248 3.5783 3.48463 4.1011
3.83642 3.78921 3.41073 3.52182 3.6655 4.36066 4.07209 3.58994 3.50012 4.11116
3.85398 3.81182 3.42209 3.53964 3.68061 4.37515 4.08722 3.6051 3.51836 4.12203
3.87209 3.83788 3.4334 3.56401 3.69862 4.39315 4.10429 3.62197 3.53884 4.13454
3.91311 3.89024 3.50162 3.59529 3.72821 4.42483 4.13552 3.67208 3.57265 4.19987
4.10185 4.106 3.61021 3.64921 3.86169 4.51745 4.18322 3.8412 3.66149 4.33786
4.50908 4.57924 3.90234 3.85326 4.22792 4.80492 4.28807 4.22532 3.92689 4.77108
5.15547 5.3295 4.44499 4.35449 4.89535 5.40421 4.57962 4.85291 4.42924 5.59201
6.20429 6.54706 5.42905 5.13747 6.17104 6.26175 5.10841 5.89039 5.1692 6.86413
7.73567 7.73578 6.80635 6.51579 7.58067 7.3079 6.04656 7.07103 6.28219 7.75129
9.34562 8.84597 8.35302 8.27539 8.55886 8.2961 7.55877 8.23399 7.54897 8.44417
10.70967 10.24393 9.81758 9.72799 9.50296 9.50124 8.79807 9.34395 9.26182 9.25762
11.44362 11.27819 10.94029 10.98357 10.40629 11.04435 10.41444 10.54585 10.84499 10.44378
11.72562 11.73999 11.73277 11.57702 11.51164 11.54245 11.60128 11.33396 10.89804 11.58192
11.76 11.76 11.76 11.76 11.67266 11.75846 11.67074 11.62365 10.92208 11.74974
11.76 11.76 11.76 11.76 11.76 11.76 11.6742 11.62985 10.94611 11.75348
11.76 11.76 11.76 11.76 11.76 11.76 11.67762 11.63594 10.97014 11.75681
11.76 11.76 11.76 11.76 11.76 11.76 11.68104 11.64204 10.99421 11.76
