4.34589 4.64709 4.44346 4.37516 4.61295 4.93842 4.44192 5.17631 5.28519 5.04143
4.36156 4.66505 4.45653 4.38413 4.65251 4.95243 4.45728 5.19262 5.29482 5.05488
4.37859 4.69003 4.47399 4.395 4.64562 4.97079 4.47304 5.21273 5.304 5.0729
4.4012 4.71775 4.49586 4.40841 4.66905 4.99143 4.49019 5.23637 5.31481 5.08766
4.42792 4.74804 4.51867 4.42485 4.69085 5.01284 4.50833 5.2607 5.32752 5.1041
4.45719 4.77944 4.54376 4.44501 4.71542 5.03092 4.53286 5.28857 5.3424 5.12651
4.49608 4.83022 4.57281 4.47105 4.77957 5.05729 4.56484 5.31896 5.35753 5.1534
4.56565 4.89847 4.61524 4.51248 4.84978 5.08291 4.60795 5.35464 5.37375 5.1906
4.65287 4.99495 4.68043 4.55212 4.9178 5.12287 4.68646 5.40365 5.39925 5.23068
4.90608 5.15214 5.1604 4.88381 5.12166 5.20203 4.80867 5.76423 5.48808 5.2885
5.9281 6.63076 6.55941 6.09244 6.54084 6.47011 5.94465 6.85763 6.8477 5.92241
7.73936 8.70521 8.56805 8.33983 8.43667 8.85306 7.96662 8.56562 9.26445 8.06813
10.25682 10.68974 10.0025 10.1051 10.02389 10.85032 10.09374 10.48465 10.51373 10.05455
11.57692 11.50496 11.06961 11.20856 11.39677 11.52742 11.66227 11.13294 11.62977 11.47752
11.76 11.68648 11.70564 11.70308 11.76 11.75826 11.7183 11.76 11.76 11.76
11.76 11.70187 11.71277 11.76 11.76 11.76 11.72211 11.76 11.76 11.76
11.76 11.70432 11.71454 11.76 11.76 11.76 11.72567 11.76 11.76 11.76
11.76 11.70675 11.71705 11.76 11.76 11.76 11.72922 11.76 11.76 11.76
11.76 11.70957 11.71956 11.76 11.76 11.76 11.73278 11.76 11.76 11.76
11.76 11.7124 11.72208 11.76 11.76 11.76 11.73634 11.76 11.76 11.76
11.76 11.71522 11.72459 11.76 11.76 11.76 11.7399 11.76 11.76 11.76
