3.18365 3.25637 3.77779 3.40145 3.48717 3.89306 4.2777 3.7641 4.16509 4.15304
3.19498 3.27497 3.79007 3.41066 3.49962 3.90592 4.28628 3.78353 4.17668 4.15695
3.20659 3.29432 3.80271 3.42049 3.51352 3.91914 4.30147 3.80171 4.19122 4.17668
3.21902 3.30576 3.8162 3.43476 3.52886 3.93331 4.32 3.81749 4.20243 4.18174
3.23141 3.32241 3.83209 3.45126 3.54378 3.94759 4.34079 3.83238 4.22584 4.19481
3.24414 3.34168 3.84974 3.47055 3.55733 3.9625 4.3611 3.84655 4.24849 4.20889
3.25838 3.36539 3.86852 3.49246 3.57184 3.9793 4.38228 3.86433 4.27069 4.22308
3.27277 3.38636 3.89018 3.51477 3.58659 3.99607 4.40463 3.88633 4.29387 4.23746
3.28693 3.43132 3.92152 3.54192 3.60323 4.01633 4.42729 3.91229 4.32321 4.25509
3.30965 3.4726 3.95711 3.57998 3.62765 4.04202 4.45509 3.94422 4.34786 4.27843
3.81843 3.59273 4.30781 3.68619 3.8885 4.08616 4.51349 3.99581 4.39661 4.31571
4.75367 5.90765 5.41719 5.54673 5.39911 5.06141 5.10266 4.76837 5.04909 5.02488
6.07543 7.86496 6.92039 7.77666 6.73491 7.26138 6.58414 6.60264 6.3367 7.72426
7.69897 8.7268 9.02377 8.68844 8.04002 9.0142 7.28156 8.22807 7.26124 8.75487
9.33721 9.89449 10.21315 9.65578 9.13176 10.17941 7.79778 9.31553 8.23467 9.78381
10.475 10.8319 11.13246 10.56533 10.432 10.8591 8.50211 10.31927 9.60228 10.4514
11.11615 11.4895 11.44962 11.31377 11.192 11.48454 9.13788 11.07071 10.59895 11.28679
11.47016 11.75812 11.59725 11.63295 11.51805 11.76 10.18205 11.33621 11.0237 11.6215
11.71755 11.76 11.76 11.76 11.76 11.76 11.76 11.35272 11.52238 11.75565
11.76 11.76 11.76 11.76 11.76 11.76 11.76 11.36925 11.76 11.76
11.76 11.76 11.76 11.76 11.76 11.76 11.76 11.38584 11.76 11.76
