4.01968 4.43666 4.40985 4.52956 4.60714 4.97361 5.57134 5.35443 4.89396 5.89267
4.03575 4.45123 4.42923 4.54746 4.63204 4.99404 5.59873 5.37274 4.91009 5.9094
4.05915 4.46662 4.45289 4.56893 4.64266 5.01666 5.61516 5.3945 4.93767 5.92529
4.09813 4.49469 4.47949 4.59265 4.66632 5.03578 5.63997 5.41938 4.96078 5.94152
4.12726 4.5223 4.5116 4.6271 4.69313 5.05366 5.65857 5.43826 4.98076 5.9592
4.15011 4.54271 4.54562 4.66318 4.72033 5.07127 5.69057 5.45673 5.00104 5.982
4.22191 4.59976 4.58703 4.70872 4.78814 5.08652 5.70946 5.4771 5.02196 5.99933
4.40825 4.69184 4.63242 4.75165 4.82969 5.10017 5.72601 5.4971 5.04645 6.04168
4.79092 4.80666 4.72459 4.81199 4.87601 5.12503 5.80619 5.51786 5.07799 6.16592
4.89743 4.90336 4.82426 5.00862 4.95355 5.15647 5.87371 5.55468 5.11659 6.65004
5.63399 6.02763 5.76708 6.31913 6.2905 5.23554 6.00296 6.2968 5.2534 7.51874
7.83195 8.45603 8.04413 8.20686 8.53692 6.03719 7.46096 8.15226 6.77839 9.38183
9.58705 10.1793 9.84453 9.8842 10.23364 9.08302 10.48022 9.96259 9.27091 10.73467
10.79592 11.04477 11.50103 11.04893 11.25494 11.28719 11.68453 11.50844 11.21538 11.73779
11.40355 11.64827 11.70668 11.76 11.6456 11.76 11.68868 11.76 11.57294 11.76
11.76 11.76 11.76 11.76 11.76 11.76 11.69253 11.76 11.76 11.76
11.76 11.76 11.76 11.76 11.76 11.76 11.69669 11.76 11.76 11.76
11.76 11.76 11.76 11.76 11.76 11.76 11.70084 11.76 11.76 11.76
11.76 11.76 11.76 11.76 11.76 11.76 11.705 11.76 11.76 11.76
11.76 11.76 11.76 11.76 11.76 11.76 11.70916 11.76 11.76 11.76
11.76 11.76 11.76 11.76 11.76 11.76 11.71334 11.76 11.76 11.76
