3.48292 3.56163 3.62935 3.58013 4.05628 4.36735 4.24118 3.8401 4.49332 4.41203
3.49425 3.57673 3.63683 3.59324 4.07059 4.38387 4.25509 3.84737 4.50302 4.42624
3.50604 3.5951 3.65234 3.60726 4.08564 4.4015 4.27102 3.86317 4.51662 4.44093
3.51863 3.61198 3.67363 3.62239 4.10144 4.42107 4.28682 3.88224 4.53135 4.45639
3.53131 3.62728 3.69004 3.63768 4.12069 4.43984 4.30208 3.90107 4.54453 4.47193
3.54379 3.64277 3.70795 3.65279 4.14114 4.46081 4.31991 3.95633 4.55986 4.48744
3.55618 3.65775 3.72787 3.67127 4.15859 4.4866 4.33773 3.97958 4.57625 4.5159
3.56909 3.67068 3.74803 3.69307 4.19273 4.51214 4.48866 4.00796 4.59319 4.54935
3.59707 3.69114 3.77883 3.72471 4.22246 4.53878 4.82406 4.03609 4.6132 4.59123
3.64692 3.74436 3.82558 3.81836 4.27587 4.56685 4.87374 4.07045 4.64701 4.64885
4.29457 3.96013 4.26151 4.39538 4.59439 4.61715 4.94726 4.14858 4.88723 4.86977
5.87832 5.5457 6.23261 6.79077 6.20414 5.69899 5.8255 4.74941 5.80504 5.76513
7.4318 7.3882 8.3315 8.3054 7.3827 7.42385 6.68307 6.25912 7.66441 7.21437
8.87292 8.64392 9.66243 9.6305 8.61043 8.95942 7.5317 7.93776 9.41628 8.48889
10.31162 9.90733 10.53347 10.57982 9.95721 10.179 8.51499 9.18837 10.16075 9.70082
11.20655 10.6084 11.17353 11.0925 10.77197 11.24056 9.12258 10.53565 11.00559 10.85124
11.63111 11.44069 11.51506 11.41825 11.46117 11.69261 9.45153 11.3779 11.70155 11.51624
11.75978 11.76 11.70355 11.73612 11.65492 11.69997 11.51146 11.76 11.76 11.7411
11.76 11.76 11.76 11.76 11.76 11.76 11.76 11.76 11.76 11.76
11.76 11.76 11.76 11.76 11.76 11.76 11.76 11.76 11.76 11.76
11.76 11.76 11.76 11.76 11.76 11.76 11.76 11.76 11.76 11.76
