3.87442 4.11829 3.9766 4.24234 4.639 4.53237 4.87812 4.60307 5.12828 5.46662
3.87468 4.12024 3.97698 4.2489 4.67286 4.53012 4.87952 4.61333 5.11121 5.46686
3.87596 4.12293 3.9778 4.2618 4.68158 4.54426 4.93338 4.57919 5.14091 5.46782
3.86432 4.11982 3.97707 4.27291 4.67101 4.58402 4.94248 4.58049 5.1486 5.47209
3.91508 4.13244 3.9906 4.28209 4.70522 4.57857 4.94908 4.60818 5.17438 5.47905
3.89163 4.13803 4.00781 4.30023 4.70574 4.57558 4.96735 4.61095 5.18154 5.48689
3.92621 4.14315 4.02384 4.34612 4.73553 4.62347 5.17919 4.63957 5.19597 5.4971
3.91606 4.19175 4.05846 4.415 4.782 4.62655 5.50078 4.67029 5.18456 5.50878
3.99512 4.23036 4.12498 4.47628 4.84499 4.72725 5.56752 4.71343 5.23938 5.60944
4.04228 4.31911 4.19723 4.53336 4.9491 4.78645 5.88543 4.76319 5.35763 5.66622
4.20794 4.47061 4.68072 4.63945 5.44504 4.91466 6.03631 4.83963 5.39126 5.74661
5.01851 5.06789 5.71696 5.69552 7.42742 5.12706 6.13682 5.23404 5.49611 7.12776
6.92923 6.74725 7.85183 7.07825 9.31628 5.81112 6.87822 7.0873 6.14954 8.04692
9.55524 8.79485 9.68723 9.40639 10.2766 7.80597 8.40793 9.13972 8.86794 10.20421
10.69656 10.73347 10.82749 11.22611 11.00037 10.9564 10.72639 10.92087 11.51871 11.49113
11.46158 11.68839 11.50485 11.6514 11.69616 11.6984 11.7063 11.74732 11.76 11.73114
11.75116 11.76 11.76 11.66795 11.76 11.72378 11.72499 11.76 11.76 11.73792
11.75583 11.76 11.76 11.68378 11.76 11.73351 11.73397 11.76 11.76 11.7445
11.76 11.76 11.76 11.69614 11.76 11.74347 11.74188 11.76 11.76 11.75135
11.76 11.76 11.76 11.70683 11.76 11.75348 11.74983 11.76 11.76 11.75824
11.76 11.76 11.76 11.71622 11.76 11.76 11.75782 11.76 11.76 11.76
