3.29945 3.5279 3.39794 3.69857 3.70748 3.92687 4.07324 3.61743 4.26839 4.37484
3.29945 3.5279 3.39794 3.69857 3.70748 3.92687 4.07324 3.61743 4.26839 4.37484
3.29945 3.5279 3.39794 3.69857 3.70748 3.92687 4.07324 3.61743 4.26839 4.37484
3.29945 3.5279 3.39794 3.69857 3.70748 3.92687 4.07324 3.61743 4.26839 4.37484
3.29945 3.5279 3.39794 3.69857 3.70748 3.92687 4.07324 3.61743 4.26839 4.37484
3.29945 3.5279 3.39794 3.69857 3.70748 3.92687 4.07324 3.61743 4.26839 4.37484
3.29945 3.5279 3.39794 3.69857 3.70748 3.92687 4.07324 3.61743 4.26839 4.37484
3.29945 3.5279 3.39794 3.69857 3.70748 3.92687 4.07324 3.61743 4.26839 4.37484
3.29945 3.5279 3.39794 3.69857 3.70748 3.92687 4.07324 3.61743 4.26839 4.37484
3.29945 3.5279 3.39794 3.69857 3.70748 3.92687 4.07324 3.61743 4.26839 4.37484
3.29945 3.5279 3.39794 3.69857 3.70748 3.92687 4.07324 3.61743 4.26839 4.37484
3.29945 3.5279 3.39794 3.69857 3.70748 3.92687 4.07324 3.61743 4.26839 4.37484
3.29945 3.5279 3.39794 3.69857 3.70748 3.92687 4.07324 3.61743 4.26839 4.37484
3.29945 3.5279 3.39794 3.69857 3.70748 3.92687 4.07324 3.61743 4.26839 4.37484
3.29945 3.5279 3.39794 3.69857 3.70748 3.92687 4.07324 3.61743 4.26839 4.37484
3.29945 3.5279 3.39794 3.69857 3.70748 3.92687 4.07324 3.61743 4.26839 4.37484
3.29945 3.5279 3.39794 3.69857 3.70748 3.92687 4.07324 3.61743 4.26839 4.37484
3.29945 3.5279 3.39794 3.69857 3.70748 3.92687 4.07324 3.61743 4.26839 4.37484
3.29945 3.5279 3.39794 3.69857 3.70748 3.92687 4.07324 3.61743 4.26839 4.37484
3.29945 3.5279 3.39794 3.69857 3.70748 3.92687 4.07324 3.61743 4.26839 4.37484
3.29945 3.5279 3.39794 3.69857 3.70748 3.92687 4.07324 3.61743 4.26839 4.37484
