4.15502 4.31584 4.0277 3.65737 3.98383 4.97609 4.87269 4.30256 4.72713 4.55473
4.16967 4.33116 4.03796 3.67237 3.9952 4.99362 4.88803 4.31491 4.74048 4.57404
4.185 4.35443 4.04903 3.69215 4.01136 5.01645 4.906 4.32823 4.75857 4.59528
4.21061 4.37776 4.06125 3.71634 4.02708 5.07249 4.93014 4.34297 4.77628 4.62453
4.23259 4.40232 4.07547 3.74255 4.04556 5.10952 4.95368 4.35694 4.79114 4.65233
4.26267 4.43475 4.09011 3.76974 4.07295 5.13786 4.97258 4.39048 4.80427 4.67427
4.30684 4.47458 4.11067 3.80382 4.08662 5.16608 4.99162 4.41727 4.8173 4.70505
4.35046 4.52406 4.14285 3.85555 4.14293 5.19803 5.00638 4.4493 4.83542 4.75463
4.41676 4.58007 4.17528 3.91554 4.18084 5.24118 5.02316 4.49231 4.87005 4.80098
4.74673 5.0068 4.25531 4.03627 4.35383 5.31832 5.06861 4.56552 4.93274 4.91329
5.97348 6.21006 5.37502 4.88287 5.44568 6.32594 5.91782 5.30482 5.79475 5.82864
7.50213 8.11864 7.37282 6.52184 7.30752 8.75675 8.32012 7.64448 7.41741 7.8562
9.31073 9.49025 9.48204 8.72889 9.51982 11.19705 10.25219 10.25121 9.54591 9.96569
10.91219 10.53794 10.56477 10.69579 11.03333 11.76 11.53025 11.5777 11.30171 11.29394
11.60148 11.56156 11.27466 11.54303 11.60941 11.76 11.70271 11.6837 11.69267 11.39438
11.67734 11.6552 11.61956 11.75256 11.66354 11.76 11.70636 11.68883 11.76 11.4098
11.68682 11.66162 11.74542 11.75519 11.67281 11.76 11.70898 11.6911 11.76 11.42465
11.69099 11.66674 11.74804 11.75785 11.68251 11.76 11.71263 11.69474 11.76 11.44249
11.69649 11.67281 11.75065 11.76 11.6936 11.76 11.71624 11.69839 11.76 11.46031
11.70199 11.67889 11.75326 11.76 11.70229 11.76 11.71962 11.70204 11.76 11.47814
11.70748 11.68496 11.75588 11.76 11.71056 11.76 11.72301 11.70568 11.76 11.49598
