3.6394 3.63309 3.68435 3.88874 3.95063 4.31725 4.37307 4.08903 4.58918 4.5854
3.65044 3.64251 3.69351 3.89994 3.96006 4.3282 4.38448 4.10198 4.60328 4.60007
3.662 3.6521 3.70263 3.91121 3.97152 4.33931 4.39743 4.11544 4.61888 4.6184
3.67402 3.66457 3.71243 3.92796 3.98815 4.35119 4.41358 4.12952 4.63585 4.63839
3.68824 3.67694 3.72467 3.94965 4.01275 4.36298 4.42878 4.14368 4.65029 4.65957
3.70205 3.68862 3.73954 3.97826 4.03086 4.3747 4.44392 4.15776 4.66576 4.68097
3.71641 3.70072 3.75466 4.01072 4.06095 4.38746 4.46006 4.17279 4.68137 4.69799
3.73213 3.71519 3.78008 4.04607 4.22517 4.40438 4.47891 4.18904 4.70179 4.71449
3.75404 3.73128 3.81594 4.09087 4.55983 4.42285 4.50285 4.20793 4.7271 4.73399
3.79099 3.75587 3.86558 4.14715 4.62341 4.44627 4.63004 4.23465 4.75984 5.18924
4.08288 3.98985 3.99716 4.32941 5.06699 5.13079 4.94722 4.27925 4.80571 5.25603
5.35903 5.60169 4.93605 5.33326 6.26301 6.30288 6.49909 4.8985 5.37462 5.89847
6.77453 7.49485 6.16662 6.84435 7.62138 7.83125 8.36603 6.29991 6.70367 6.81696
8.16974 9.02204 7.46318 8.40261 8.43886 8.99019 9.14897 7.44551 7.80346 7.8488
9.52868 10.15385 9.20127 10.12839 9.45062 10.27679 10.04674 8.60332 8.97236 8.94905
10.89896 11.04934 10.80662 10.93409 10.74821 11.09183 10.8192 9.76241 9.90897 10.49148
11.44578 11.5158 11.42428 11.3357 11.34476 11.55875 11.1779 10.95025 11.05629 11.22866
11.64227 11.74556 11.55605 11.48238 11.60999 11.75467 11.30667 11.65295 11.76 11.68492
11.74468 11.76 11.70086 11.73495 11.76 11.76 11.76 11.75153 11.76 11.73026
11.76 11.76 11.76 11.74462 11.76 11.76 11.76 11.75508 11.76 11.76
11.76 11.76 11.76 11.74712 11.76 11.76 11.76 11.758 11.76 11.76
