3.50304 4.07122 3.62441 4.0377 3.95766 4.03956 4.7985 4.1612 4.32672 5.07623
3.51282 4.09801 3.63423 4.02301 3.96805 4.05432 4.82572 4.1731 4.33899 5.09129
3.52319 4.1108 3.64648 4.04257 3.9785 4.07372 4.82238 4.18575 4.35277 5.10839
3.53439 4.12523 3.65977 4.06308 3.98938 4.09461 4.85696 4.1995 4.36762 5.12924
3.54531 4.1427 3.67294 4.08424 4.00061 4.11618 4.85944 4.21344 4.38263 5.14803
3.55605 4.16401 3.68834 4.10129 4.01235 4.13713 4.99369 4.23506 4.40156 5.16825
3.5668 4.205 3.69875 4.12072 4.02329 4.15864 5.23037 4.26688 4.42533 5.19123
3.57847 4.27816 3.71459 4.14195 4.04107 4.18434 5.26445 4.29862 4.44937 5.18909
3.59414 4.31397 3.735 4.18713 4.0708 4.21318 5.30576 4.33373 4.47737 5.21179
3.62227 4.36956 3.78213 4.24022 4.225 4.25243 5.3758 4.37046 4.51848 5.26447
3.69939 4.4682 4.09421 4.88762 4.64391 4.3214 5.47863 4.41872 4.58625 5.29055
4.62801 5.34645 5.47994 6.37458 5.84912 4.96514 5.90119 5.05305 5.48778 5.93561
6.33125 6.3778 7.29307 8.14892 6.9458 6.49213 6.68968 6.28116 6.80576 6.92871
7.87756 7.78084 8.59821 8.89337 7.6487 7.39432 7.33659 7.24605 7.30596 8.04455
9.13619 9.36302 9.61376 10.10971 9.02473 8.72589 8.04582 7.95121 8.00661 9.10825
10.16371 10.86595 10.38752 11.11444 10.20884 10.06917 8.81258 9.24829 9.28753 10.21272
11.22456 11.41531 11.30737 11.6111 11.40036 10.81249 9.80149 10.16339 10.62255 11.70767
11.60907 11.72319 11.67026 11.6684 11.59132 11.09331 11.19823 11.3741 10.98895 11.7467
11.72268 11.76 11.73297 11.76 11.76 11.75236 11.76 11.75781 11.57931 11.76
11.76 11.76 11.73515 11.76 11.76 11.76 11.76 11.76 11.76 11.76
11.76 11.76 11.73737 11.76 11.76 11.76 11.76 11.76 11.76 11.76
