3.04725 3.14682 3.62629 3.30265 3.41813 3.19895 3.44595 3.19831 3.24754 3.35739
3.07417 3.15468 3.63584 3.31007 3.42845 3.20838 3.45341 3.20532 3.25529 3.3663
3.08307 3.16278 3.64563 3.31775 3.43978 3.22814 3.48086 3.21266 3.26311 3.37205
3.09187 3.17426 3.65942 3.33268 3.45113 3.23906 3.49111 3.22074 3.27347 3.39587
3.10015 3.1871 3.6735 3.35136 3.46285 3.24955 3.50282 3.22908 3.2841 3.41493
3.10887 3.20683 3.68677 3.37613 3.47658 3.25048 3.51933 3.23737 3.31073 3.43211
3.12135 3.22752 3.70484 3.4013 3.49154 3.26519 3.53818 3.25154 3.32773 3.44866
3.14012 3.24853 3.72768 3.42956 3.55816 3.28611 3.55781 3.2758 3.35108 3.46745
3.16444 3.27664 3.76512 3.46643 3.87005 3.3119 3.5882 3.31242 3.37906 3.49973
3.34776 3.32431 3.83521 3.51691 3.93389 3.3723 3.64232 3.36034 3.43406 3.57805
3.91237 3.60092 4.17648 3.88764 4.54088 3.67349 3.88537 3.64772 3.80886 4.14055
5.39778 4.5404 5.96834 5.98552 6.88053 4.53031 5.21121 4.98058 5.44504 5.584
7.16146 6.09048 7.558 8.02415 8.5267 5.95661 6.62589 6.57357 7.11695 7.093
8.62195 8.17889 8.74327 9.4019 9.2465 7.9778 7.98549 8.11854 8.64338 7.77227
9.66394 9.6119 9.99917 10.08829 9.95561 9.39103 9.55412 9.67577 9.79382 8.9154
10.54307 10.42389 10.84405 10.85227 10.6289 10.55359 10.84666 10.33755 10.66441 10.53983
11.20561 11.06855 11.2204 11.51169 11.19016 11.32406 11.53182 10.96357 10.98696 11.11073
11.5715 11.58648 11.48097 11.76 11.48189 11.59384 11.74296 11.38276 11.3575 11.55352
11.76 11.68738 11.65363 11.76 11.74535 11.69697 11.76 11.54498 11.65302 11.73948
11.76 11.69185 11.65841 11.76 11.7507 11.70001 11.76 11.55639 11.68441 11.74111
11.76 11.69635 11.66255 11.76 11.75502 11.70222 11.76 11.563 11.68806 11.74276
