3.77715 3.92569 3.84611 3.76377 3.74069 4.91242 4.48364 4.34967 4.79688 4.33513
3.78908 3.93972 3.85705 3.77505 3.7515 4.92451 4.50094 4.36099 4.81243 4.35147
3.80489 3.96163 3.8685 3.78687 3.76306 4.94196 4.52074 4.37267 4.83224 4.36843
3.82031 3.98746 3.88109 3.80007 3.77809 4.96096 4.54393 4.38585 4.85292 4.38676
3.84057 4.01052 3.89317 3.8133 3.79453 4.98533 4.56628 4.40318 4.87238 4.40465
3.85311 4.03854 3.90519 3.82999 3.81175 5.00965 4.59151 4.42386 4.89249 4.42251
3.88158 4.06573 3.91864 3.85381 3.8294 5.03809 4.61738 4.44485 4.91402 4.44346
3.90996 4.08535 3.935 3.88262 3.85231 5.06966 4.6476 4.463 4.93919 4.46847
3.95331 4.11512 3.95599 3.92325 3.87991 5.09996 4.68605 4.48294 4.97648 4.50253
4.01323 4.17353 3.99097 3.9817 3.92637 5.1379 4.74334 4.52993 5.0267 4.54559
4.646 4.29076 4.63683 4.81247 4.08912 5.42598 4.81113 4.84564 5.2677 4.62785
6.79868 5.48935 6.57702 6.77102 5.31113 7.39509 6.00421 5.81067 7.20833 5.82374
9.00861 6.95773 7.85485 8.20802 6.53717 9.47479 7.85927 6.48507 9.55135 7.2728
9.92143 8.06373 9.21807 9.456 8.02648 10.06437 8.86614 7.42906 10.436 8.18977
10.8457 9.15323 10.58637 10.52421 9.51089 10.83818 9.56691 8.51964 10.97691 9.10223
11.32356 10.71211 11.27596 11.39616 11.32805 11.66994 10.90953 10.58979 11.32588 10.30514
11.50758 11.53876 11.53603 11.67599 11.69763 11.72815 11.76 11.70088 11.76 11.67097
11.69242 11.76 11.54458 11.76 11.76 11.76 11.76 11.75688 11.76 11.76
11.70002 11.76 11.76 11.76 11.76 11.76 11.76 11.75909 11.76 11.76
11.70589 11.76 11.76 11.76 11.76 11.76 11.76 11.76 11.76 11.76
11.71178 11.76 11.76 11.76 11.76 11.76 11.76 11.76 11.76 11.76
