4.38883 5.09605 4.85124 5.31674 5.79203 5.18414 6.15104 5.5313 6.04667 6.74017
4.40032 5.11536 4.88492 5.32727 5.80463 5.20244 6.16764 5.54706 6.05592 6.75595
4.41196 5.43725 4.89678 5.33803 5.81726 5.21509 6.18517 5.56455 6.06518 6.77543
4.42477 5.45161 4.91032 5.34869 5.83505 5.22813 6.20328 5.58354 6.07459 6.79688
4.44047 5.47293 4.92656 5.36497 5.85761 5.24322 6.22737 5.60318 6.08451 6.81829
4.45977 5.50357 4.94816 5.38995 5.88467 5.26268 6.25478 5.62471 6.09671 6.8422
4.48471 5.5441 4.97558 5.42122 5.95035 5.3171 6.28427 5.64964 6.11808 6.86986
4.54744 5.60794 5.04445 5.47204 6.32095 5.42381 6.3287 5.71529 6.17835 6.91384
4.6708 5.76155 5.15934 5.60627 6.54591 5.72331 6.39966 6.01396 6.37893 6.99026
4.96011 6.17119 5.445 6.05829 7.39119 5.90528 6.6561 7.40234 6.67456 7.16615
5.72638 7.10875 6.25601 7.24418 7.84253 6.35346 7.45962 8.71577 7.18856 7.62213
6.5018 7.78614 7.10376 8.64095 8.23165 6.71431 8.03628 9.02596 7.53325 8.09499
7.43362 8.32059 7.81642 9.28126 8.6763 7.30213 8.41424 9.60367 7.89942 8.75439
8.27084 9.02729 8.39303 10.44769 9.12782 8.17147 9.03926 10.16122 8.23115 9.42139
9.41186 9.21897 9.33062 10.83858 9.79738 8.53782 10.30036 11.25614 8.64212 9.57408
10.99005 9.31217 10.22554 11.19507 10.41472 9.41277 11.014 11.67755 9.49732 10.05603
11.73727 9.62461 11.24633 11.6636 10.84718 10.22645 11.63403 11.76 10.18937 11.19486
11.76 9.87364 11.76 11.76 10.86644 11.21263 11.63929 11.76 11.32047 11.76
11.76 10.584 11.76 11.76 11.76 11.76 11.64457 11.76 11.76 11.76
11.76 10.584 11.76 11.76 11.76 11.76 11.64987 11.76 11.76 11.76
11.76 10.584 11.76 11.76 11.76 11.76 11.65519 11.76 11.76 11.76
