4.63331 5.08395 4.66229 4.5084 4.53876 5.30467 5.41032 4.92482 5.90386 5.5047
4.65225 5.0995 4.69703 4.52489 4.59044 5.32869 5.43388 4.94207 5.92152 5.5282
4.67556 5.11572 4.71298 4.55099 4.61425 5.3588 5.46056 4.96736 5.9408 5.55872
4.70073 5.13398 4.73235 4.57937 4.64211 5.4026 5.48109 4.99708 5.96409 5.59592
4.72422 5.15487 4.75108 4.59462 4.6631 5.44521 5.50839 5.0283 5.98686 5.62702
4.78765 5.18864 4.80179 4.63437 4.7282 5.48721 5.54432 5.05415 6.00993 5.65952
4.82531 5.22082 4.7936 4.66966 4.77106 5.5289 5.57668 5.08521 6.03761 5.69286
4.87693 5.2716 4.85 4.73121 4.82105 6.00691 5.63291 5.11957 6.06695 5.72615
4.9271 5.36812 5.18806 4.78707 4.87466 6.10805 5.70744 5.14829 6.09603 5.76313
5.14403 5.85864 5.25637 4.86368 4.96007 6.14992 5.81778 5.21807 6.13097 5.8791
6.41902 6.35218 6.93406 5.77449 5.99454 6.14887 6.61881 5.99875 6.44359 6.45175
8.81629 7.94004 8.7132 7.59533 7.4654 7.59456 8.26743 8.87713 9.46436 7.48681
9.97744 8.81422 10.24742 9.57639 8.92652 10.16565 10.44976 10.94736 10.41154 8.85113
11.3894 10.72208 10.77747 10.57242 10.94875 11.68449 11.76 11.51603 11.02939 10.67401
11.70584 11.31871 10.94899 11.7489 11.73065 11.6992 11.76 11.76 11.76 11.58096
11.7398 11.75349 11.76 11.76 11.76 11.70378 11.76 11.76 11.76 11.76
11.74353 11.76 11.76 11.76 11.76 11.70835 11.76 11.76 11.76 11.76
11.74727 11.76 11.76 11.76 11.76 11.71272 11.76 11.76 11.76 11.76
11.75101 11.76 11.76 11.76 11.76 11.71729 11.76 11.76 11.76 11.76
11.75474 11.76 11.76 11.76 11.76 11.72186 11.76 11.76 11.76 11.76
11.75848 11.76 11.76 11.76 11.76 11.72643 11.76 11.76 11.76 11.76
