4.17836 4.40556 4.24018 3.93194 4.24898 5.06246 4.60958 4.73115 5.22829 4.72684
4.19391 4.42115 4.25579 3.93207 4.26904 5.08886 4.62817 4.74558 5.24702 4.74752
4.21381 4.4394 4.27266 3.96317 4.2854 5.1331 4.64765 4.76091 5.27008 4.76928
4.24786 4.45791 4.29106 3.98918 4.32758 5.17038 4.66992 4.77758 5.29263 4.79458
4.28106 4.47578 4.30853 4.01463 4.34931 5.2121 4.69217 4.79771 5.31656 4.82073
4.31574 4.49638 4.32685 4.04241 4.35043 5.25991 4.71973 4.8229 5.34044 4.84939
4.36472 4.52385 4.34846 4.07286 4.37518 5.29984 4.74404 4.85052 5.36622 4.88642
4.41043 4.55703 4.37822 4.12068 4.40463 5.33919 4.76996 4.87776 5.40749 4.92229
4.63709 4.60384 4.41513 4.17463 4.4597 5.37923 4.80783 4.91242 5.4477 4.97029
5.51907 4.68855 4.50602 4.3053 4.59254 5.42627 4.85002 4.9619 5.50266 5.09505
6.78042 5.37595 6.21045 5.64127 5.5033 6.46775 5.38196 5.89747 6.13156 6.17615
8.21134 7.57335 8.48891 8.03182 8.07971 8.98952 7.78682 8.93849 7.95407 8.54449
10.07597 10.04924 10.24386 9.92557 9.93894 10.9641 10.13221 10.50215 9.89894 10.05609
11.21097 10.98295 11.08756 11.14114 10.76969 11.76 11.32715 11.3434 11.4698 10.90069
11.71862 11.38081 11.43193 11.65325 11.65741 11.76 11.72182 11.70975 11.76 11.76
11.76 11.69558 11.71764 11.76 11.76 11.76 11.72596 11.76 11.76 11.76
11.76 11.76 11.76 11.76 11.76 11.76 11.72988 11.76 11.76 11.76
11.76 11.76 11.76 11.76 11.76 11.76 11.73403 11.76 11.76 11.76
11.76 11.76 11.76 11.76 11.76 11.76 11.73817 11.76 11.76 11.76
11.76 11.76 11.76 11.76 11.76 11.76 11.74232 11.76 11.76 11.76
11.76 11.76 11.76 11.76 11.76 11.76 11.74646 11.76 11.76 11.76
