3.88182 4.16863 3.53735 3.70756 3.73829 4.48044 4.58651 3.97139 3.98083 4.14333
3.89312 4.17831 3.56362 3.71816 3.7478 4.48966 4.59804 3.9817 3.99155 4.15375
3.90567 4.18846 3.5742 3.73137 3.7577 4.49952 4.61285 3.99213 4.00276 4.16417
3.91994 4.20153 3.61129 3.74808 3.77379 4.51024 4.6291 4.00572 4.01504 4.17509
3.94032 4.2244 3.59754 3.76536 3.78811 4.52419 4.64419 4.01972 4.03087 4.18618
3.96396 4.25503 3.60998 3.78551 3.80502 4.53739 4.66369 4.0359 4.04955 4.19995
3.98847 4.28071 3.61956 3.80851 3.82237 4.5569 4.68696 4.05441 4.06997 4.21595
4.01883 4.30647 3.6301 3.83766 3.84287 4.57728 4.71336 4.08698 4.09228 4.23215
4.05552 4.54514 3.65718 3.87842 3.87066 4.60403 4.74181 4.11531 4.12428 4.25226
4.10955 4.72073 3.69643 3.93091 3.91859 4.63738 4.78159 4.15395 4.171 4.27695
4.63408 4.96694 4.04271 4.13813 4.13184 4.70399 4.85365 4.23055 4.23519 4.32274
6.85276 6.74805 5.52894 5.49438 5.39861 6.51285 5.85621 5.82279 5.26689 4.95374
8.57875 8.6075 7.28879 7.74288 7.00446 8.49559 7.04766 7.15106 7.19704 6.00638
9.62248 9.92317 9.10047 9.56725 8.5327 10.46419 8.33638 8.47753 8.86845 7.23431
10.68888 10.80492 10.80117 10.60175 9.86302 11.16125 9.37103 9.61013 10.32229 8.74452
11.56949 11.56401 11.3544 11.28957 11.01991 11.44872 10.4721 10.49858 11.37063 10.34402
11.74268 11.72789 11.76 11.58638 11.58038 11.65285 11.36737 11.36378 11.46153 11.28618
11.76 11.76 11.76 11.74067 11.65446 11.76 11.69604 11.71789 11.47621 11.75223
11.76 11.76 11.76 11.76 11.76 11.76 11.70288 11.72232 11.49092 11.75917
11.76 11.76 11.76 11.76 11.76 11.76 11.70603 11.72603 11.50569 11.76
11.76 11.76 11.76 11.76 11.76 11.76 11.70921 11.72977 11.51813 11.76
