3.34375 3.59187 3.56623 3.89674 3.92102 3.62737 4.38696 3.94523 4.11857 4.61476
3.34375 3.59187 3.56623 3.89674 3.92102 3.62737 4.38696 3.94523 4.11857 4.61476
3.34375 3.59187 3.56623 3.89674 3.92102 3.62737 4.38696 3.94523 4.11857 4.61476
3.34375 3.59187 3.56623 3.89674 3.92102 3.62737 4.38696 3.94523 4.11857 4.61476
3.34375 3.59187 3.56623 3.89674 3.92102 3.62737 4.38696 3.94523 4.11857 4.61476
3.34375 3.59187 3.56623 3.89674 3.92102 3.62737 4.38696 3.94523 4.11857 4.61476
3.34375 3.59187 3.56623 3.89674 3.92102 3.62737 4.38696 3.94523 4.11857 4.61476
3.34375 3.59187 3.56623 3.89674 3.92102 3.62737 4.38696 3.94523 4.11857 4.61476
3.34375 3.59187 3.56623 3.89674 3.92102 3.62737 4.38696 3.94523 4.11857 4.61476
3.34375 3.59187 3.56623 3.89674 3.92102 3.62737 4.38696 3.94523 4.11857 4.61476
3.34375 3.59187 3.56623 3.89674 3.92102 3.62737 4.38696 3.94523 4.11857 4.61476
3.34375 3.59187 3.56623 3.89674 3.92102 3.62737 4.38696 3.94523 4.11857 4.61476
3.34375 3.59187 3.56623 3.89674 3.92102 3.62737 4.38696 3.94523 4.11857 4.61476
3.34375 3.59187 3.56623 3.89674 3.92102 3.62737 4.38696 3.94523 4.11857 4.61476
3.34375 3.59187 3.56623 3.89674 3.92102 3.62737 4.38696 3.94523 4.11857 4.61476
3.34375 3.59187 3.56623 3.89674 3.92102 3.62737 4.38696 3.94523 4.11857 4.61476
3.34375 3.59187 3.56623 3.89674 3.92102 3.62737 4.38696 3.94523 4.11857 4.61476
3.34375 3.59187 3.56623 3.89674 3.92102 3.62737 4.38696 3.94523 4.11857 4.61476
3.34375 3.59187 3.56623 3.89674 3.92102 3.62737 4.38696 3.94523 4.11857 4.61476
3.34375 3.59187 3.56623 3.89674 3.92102 3.62737 4.38696 3.94523 4.11857 4.61476
3.34375 3.59187 3.56623 3.89674 3.92102 3.62737 4.38696 3.94523 4.11857 4.61476
