4.05907 4.13594 3.63853 3.51367 3.8664 4.40345 4.57631 3.90662 3.96731 4.27751
4.06966 4.14732 3.62053 3.52466 3.87895 4.42111 4.59232 3.9202 3.98116 4.32753
4.08079 4.16125 3.61881 3.5363 3.89214 4.4418 4.60883 3.93435 3.99682 4.34544
4.09309 4.17867 3.6323 3.54927 3.90711 4.46371 4.62678 3.94988 4.01271 4.36384
4.10567 4.19668 3.64958 3.5637 3.92378 4.46331 4.64501 3.966 4.02976 4.38037
4.11925 4.21402 3.66645 3.57801 3.94723 4.5189 4.66702 3.98164 4.04911 4.39793
4.14069 4.23377 3.68284 3.59466 3.97461 4.54612 4.70986 3.99896 4.07046 4.43468
4.1772 4.25983 3.74181 3.61309 4.00778 4.57276 4.74159 4.02157 4.10232 4.45763
4.23214 4.31065 3.78633 3.64659 4.05788 4.60293 4.77808 4.05288 4.28294 4.4882
4.5534 4.54144 3.90354 3.85756 4.50314 4.83414 4.99631 4.16595 4.55039 4.54029
5.71447 6.26143 4.97081 4.99029 6.06231 6.22802 6.09107 5.17991 6.01028 5.36334
7.27317 8.51043 6.43465 6.7571 7.91757 8.17521 7.77301 6.8615 7.83871 6.91161
9.27195 10.20616 7.94238 9.07268 9.38457 9.95498 9.88249 8.78956 9.82224 8.5544
10.98913 11.46865 9.55702 10.70848 11.0583 11.40689 10.72294 10.62999 11.27347 9.87956
11.62878 11.76 11.17965 11.32662 11.55666 11.73527 11.63284 11.69779 11.68489 11.71392
11.76 11.76 11.76 11.75687 11.76 11.73964 11.66114 11.70726 11.68729 11.72449
11.76 11.76 11.76 11.76 11.76 11.74417 11.66507 11.71133 11.68969 11.72738
11.76 11.76 11.76 11.76 11.76 11.7487 11.66899 11.7154 11.69209 11.73119
11.76 11.76 11.76 11.76 11.76 11.75323 11.67292 11.71948 11.69449 11.735
11.76 11.76 11.76 11.76 11.76 11.75776 11.67685 11.72355 11.69689 11.73882
11.76 11.76 11.76 11.76 11.76 11.76 11.68078 11.72763 11.69928 11.74263
