3.17913 3.43921 3.26524 2.94084 3.22221 3.26971 3.28212 2.9472 3.24319 3.17378
3.18679 3.44726 3.27715 2.94822 3.23188 3.27701 3.29033 2.95651 3.25232 3.18203
3.19504 3.45603 3.29016 2.95587 3.24211 3.2861 3.2986 2.96653 3.26343 3.19057
3.20536 3.46895 3.30311 2.96428 3.25334 3.29555 3.30763 2.97733 3.27605 3.19934
3.21762 3.48534 3.31688 2.97487 3.2661 3.3072 3.31888 2.99012 3.29032 3.21086
3.23305 3.50689 3.33259 2.9911 3.28137 3.32315 3.33346 3.00676 3.30973 3.22588
3.25324 3.53393 3.34981 3.01068 3.30684 3.34435 3.34972 3.02751 3.3322 3.24555
3.30534 3.5864 3.38756 3.05992 3.47312 3.39973 3.38074 3.06698 3.39326 3.36921
3.44554 3.79785 3.54944 3.19413 3.73378 3.61192 3.51323 3.19939 3.62564 3.71748
3.85107 4.46019 3.99685 3.59147 4.28332 4.14325 3.85982 3.62403 4.05488 4.47747
4.58966 5.41546 4.90436 4.37366 5.08753 5.05867 4.42166 4.35264 4.7079 5.75013
5.75499 7.1389 6.23316 5.69456 6.18448 6.50034 5.40379 5.36088 5.74218 7.27423
7.14352 8.06954 7.61441 7.06168 7.39288 8.0675 6.94815 6.65238 7.17535 8.04246
8.5464 9.08241 9.14295 8.3182 8.68456 9.32784 8.83987 7.98813 8.65947 8.76865
9.90343 9.91354 10.15782 9.48521 10.0145 10.32733 10.11045 9.32826 9.9154 9.59983
10.85276 10.82354 10.87496 10.414 10.75899 11.41936 10.95395 10.61465 11.03691 10.46174
11.31816 11.35798 11.30109 11.06669 11.40174 11.64337 11.50601 11.31863 11.58553 11.15127
11.61396 11.68065 11.58535 11.45521 11.73882 11.70942 11.76 11.6652 11.72469 11.61025
11.76 11.74519 11.74916 11.76 11.76 11.76 11.76 11.74904 11.75387 11.74648
11.76 11.75306 11.76 11.76 11.76 11.76 11.76 11.76 11.75922 11.74872
11.76 11.75607 11.76 11.76 11.76 11.76 11.76 11.76 11.76 11.75097
