3.25865 3.66752 3.37965 3.59389 3.65112 3.51553 3.92964 3.65655 3.91188 4.05514
3.25865 3.66752 3.37965 3.59389 3.65112 3.51553 3.92964 3.65655 3.91188 4.05514
3.25865 3.66752 3.37965 3.59389 3.65112 3.51553 3.92964 3.65655 3.91188 4.05514
3.25865 3.66752 3.37965 3.59389 3.65112 3.51553 3.92964 3.65655 3.91188 4.05514
3.25865 3.66752 3.37965 3.59389 3.65112 3.51553 3.92964 3.65655 3.91188 4.05514
3.25865 3.66752 3.37965 3.59389 3.65112 3.51553 3.92964 3.65655 3.91188 4.05514
3.25865 3.66752 3.37965 3.59389 3.65112 3.51553 3.92964 3.65655 3.91188 4.05514
3.25865 3.66752 3.37965 3.59389 3.65112 3.51553 3.92964 3.65655 3.91188 4.05514
3.25865 3.66752 3.37965 3.59389 3.65112 3.51553 3.92964 3.65655 3.91188 4.05514
3.25865 3.66752 3.37965 3.59389 3.65112 3.51553 3.92964 3.65655 3.91188 4.05514
3.25865 3.66752 3.37965 3.59389 3.65112 3.51553 3.92964 3.65655 3.91188 4.05514
3.25865 3.66752 3.37965 3.59389 3.65112 3.51553 3.92964 3.65655 3.91188 4.05514
3.25865 3.66752 3.37965 3.59389 3.65112 3.51553 3.92964 3.65655 3.91188 4.05514
3.25865 3.66752 3.37965 3.59389 3.65112 3.51553 3.92964 3.65655 3.91188 4.05514
3.25865 3.66752 3.37965 3.59389 3.65112 3.51553 3.92964 3.65655 3.91188 4.05514
3.25865 3.66752 3.37965 3.59389 3.65112 3.51553 3.92964 3.65655 3.91188 4.05514
3.25865 3.66752 3.37965 3.59389 3.65112 3.51553 3.92964 3.65655 3.91188 4.05514
3.25865 3.66752 3.37965 3.59389 3.65112 3.51553 3.92964 3.65655 3.91188 4.05514
3.25865 3.66752 3.37965 3.59389 3.65112 3.51553 3.92964 3.65655 3.91188 4.05514
3.25865 3.66752 3.37965 3.59389 3.65112 3.51553 3.92964 3.65655 3.91188 4.05514
3.25865 3.66752 3.37965 3.59389 3.65112 3.51553 3.92964 3.65655 3.91188 4.05514
