3.53783 3.86142 3.63341 4.18704 3.98302 3.9214 4.85138 4.04974 4.65751 4.63854
3.54672 3.87272 3.64162 4.20032 3.99335 3.93366 4.86254 4.06026 4.66861 4.65277
3.55591 3.88867 3.65251 4.21834 4.01228 3.94946 4.8912 4.07227 4.68416 4.67108
3.57034 3.9102 3.66271 4.24204 4.04752 3.97645 4.90795 4.09242 4.70266 4.69355
3.58982 3.93894 3.6859 4.2627 4.07158 4.01333 4.9128 4.11692 4.72088 4.72058
3.62522 3.98218 3.73581 4.31862 4.13161 4.05528 4.96374 4.15407 4.74302 4.75695
3.8283 4.35407 4.10883 4.64461 4.4306 4.17912 5.21755 4.53196 4.95052 5.10135
5.04318 5.73983 5.52864 6.29737 4.88875 5.09397 6.00687 4.77631 5.62847 6.37503
5.43876 6.56676 5.88716 7.22449 5.19101 5.36161 6.39928 5.28045 6.10586 6.67906
6.22866 7.26676 6.28687 8.2082 5.83791 6.49513 7.37811 5.98603 7.45662 7.37661
7.18021 7.72361 6.95098 8.7263 6.4912 7.96276 7.85577 6.38284 8.21266 8.42077
8.2788 8.28256 7.52625 9.30119 7.44579 8.64844 9.2143 7.05616 9.32111 9.55869
9.90228 9.32084 8.64636 9.95412 8.16511 9.35503 9.77429 8.36818 10.41327 10.44959
10.6962 10.30032 9.7139 10.50051 9.30478 10.11511 10.95235 9.83841 11.03023 10.90752
11.34465 11.46286 10.8726 11.63854 10.11836 11.57249 11.40482 11.07052 11.50664 11.59152
11.73123 11.70364 11.48025 11.74242 11.64813 11.60532 11.41778 11.18452 11.62446 11.60566
11.75107 11.70285 11.48949 11.74685 11.66906 11.61565 11.43073 11.20026 11.63232 11.6152
11.75358 11.70488 11.49765 11.74874 11.67833 11.62354 11.44368 11.21593 11.63996 11.62474
11.75609 11.70691 11.50614 11.75129 11.68488 11.62998 11.45658 11.23172 11.64764 11.63426
11.75858 11.70892 11.51457 11.75382 11.6914 11.63537 11.4694 11.24746 11.655 11.64371
11.76 11.71096 11.5231 11.75638 11.69795 11.63864 11.48232 11.26331 11.66242 11.65325
