4.34508 4.21115 4.12017 4.02626 4.11346 5.1227 4.69655 4.61905 4.86615 4.33148
4.36468 4.22334 4.1369 4.04088 4.13168 5.15145 4.70251 4.63288 4.88536 4.35131
4.39103 4.23924 4.15471 4.06004 4.1525 5.18965 4.73753 4.64768 4.90597 4.37133
4.41722 4.25858 4.17419 4.08166 4.15055 5.22809 4.76233 4.66583 4.93547 4.38844
4.44675 4.27834 4.19536 4.11394 4.19886 5.2631 4.78407 4.68398 4.96917 4.42058
4.4813 4.30106 4.21681 4.14865 4.1927 5.31116 4.80747 4.70438 4.98852 4.44608
4.52892 4.32676 4.24197 4.18503 4.21758 5.34482 4.83406 4.74207 5.0215 4.47319
4.58325 4.3578 4.26851 4.23061 4.24322 5.36737 4.85876 4.77799 5.06714 4.51214
4.65349 4.40607 4.30596 4.28467 4.34666 5.39407 4.89498 4.82197 5.12939 4.55012
5.07555 4.4874 4.39089 4.57272 4.86936 5.51692 5.03871 4.88201 5.20417 4.61584
6.72025 5.43208 5.53667 6.16087 6.20778 6.5256 5.876 5.99758 5.54364 5.4991
8.40856 8.03968 7.68581 8.39776 8.33359 8.09413 7.9305 7.58592 7.9807 8.09643
10.26542 9.80533 9.64583 10.32494 10.17417 10.33109 10.1282 9.43948 10.67466 9.81953
11.15779 10.66953 10.94022 11.15095 11.11353 11.50099 10.94297 11.0003 11.72297 11.13321
11.61484 11.4027 11.45226 11.66688 11.615 11.76 11.76 11.67305 11.72708 11.28182
11.76 11.70335 11.68207 11.76 11.76 11.76 11.76 11.74866 11.73118 11.30373
11.76 11.76 11.69556 11.76 11.76 11.76 11.76 11.75118 11.73513 11.32364
11.76 11.76 11.69879 11.76 11.76 11.76 11.76 11.75369 11.73924 11.34543
11.76 11.76 11.70203 11.76 11.76 11.76 11.76 11.75541 11.74334 11.36739
11.76 11.76 11.70526 11.76 11.76 11.76 11.76 11.75792 11.74745 11.38906
11.76 11.76 11.70849 11.76 11.76 11.76 11.76 11.76 11.75156 11.40719
