3.03986 3.17696 3.12088 3.05388 3.43562 3.83503 3.74056 3.60746 3.2844 4.5007
3.04925 3.18614 3.1299 3.06186 3.44463 3.84671 3.7531 3.62055 3.29551 4.5109
3.05885 3.1956 3.1392 3.07241 3.45399 3.85885 3.76601 3.6375 3.30704 4.52141
3.07057 3.20578 3.14892 3.08823 3.46416 3.87286 3.77979 3.66067 3.32049 4.53283
3.08585 3.2159 3.1607 3.10435 3.47607 3.88967 3.79355 3.68538 3.33958 4.54839
3.09765 3.229 3.17249 3.12226 3.49087 3.90783 3.80702 3.70845 3.35865 4.56235
3.10988 3.24289 3.17938 3.14307 3.50863 3.92471 3.8218 3.731 3.37649 4.57571
3.13777 3.26221 3.19731 3.16566 3.53038 3.94321 3.83875 3.75677 3.39411 4.59237
3.18719 3.28309 3.23156 3.1943 3.55776 3.96607 3.86279 3.78687 3.43639 4.61913
3.38113 3.32203 3.28272 3.23459 3.59387 3.9973 3.89324 3.82291 3.471 4.64612
3.54216 3.68412 3.74505 3.53663 3.85698 4.08373 4.00957 3.8863 3.77326 4.69617
4.49865 5.0738 5.61737 5.12729 5.31529 5.2866 5.41396 4.64243 4.78829 5.88038
6.01434 6.57391 6.93598 6.89271 7.17308 7.14263 7.38672 5.83064 5.74052 6.96938
7.63555 8.11542 8.13859 8.2415 8.73365 8.85697 8.90758 7.45212 6.86971 7.6383
8.95872 9.40266 9.32702 9.48108 9.80949 9.85708 10.19351 8.66609 8.10472 8.82819
10.18279 10.61467 10.43372 10.47617 10.94638 10.74099 11.12375 9.9958 9.77609 9.99491
10.85909 11.23558 11.21388 11.09329 11.38852 11.31215 11.54616 11.33284 11.23746 11.41449
11.07677 11.63412 11.695 11.57338 11.69687 11.44374 11.75438 11.73153 11.7578 11.75194
11.72045 11.76 11.74697 11.76 11.76 11.44651 11.7575 11.74036 11.76 11.76
11.76 11.76 11.7493 11.76 11.76 11.44931 11.76 11.74335 11.76 11.76
11.76 11.76 11.75167 11.76 11.76 11.45213 11.76 11.74635 11.76 11.76
