3.90152 3.89183 3.50542 3.82857 3.87779 4.68989 4.70075 4.50795 4.37142 4.69677
3.90328 3.89993 3.51569 3.83797 3.88091 4.70377 4.71551 4.51916 4.38093 4.71067
3.91834 3.91589 3.53515 3.85579 3.89927 4.72365 4.73386 4.53604 4.39322 4.73104
3.97152 3.93585 3.55483 3.87995 3.91459 4.74021 4.75321 4.55749 4.40902 4.76152
4.17312 3.96373 3.57546 3.91068 3.9302 4.75529 4.78744 4.58498 4.43686 4.7938
4.36354 4.00874 3.60895 3.95203 3.97008 4.77651 4.85201 4.61613 4.47345 4.83424
4.51195 4.30661 3.69693 4.06989 4.06346 4.91434 5.30472 4.7761 4.56739 4.91975
5.04619 5.72548 4.36612 5.03497 4.52603 5.17447 6.41969 5.45781 4.77037 5.36853
5.54072 6.49017 5.20941 6.45406 5.27052 5.82493 7.53846 5.88759 5.06001 6.16283
6.19313 7.21079 6.12769 7.21202 6.7519 7.1863 8.30439 6.56391 6.00497 7.12906
7.26051 8.15207 7.49559 8.1081 8.48286 7.90551 8.53842 7.62111 7.94344 7.56323
8.44718 9.10137 9.15177 9.33526 9.40247 9.04383 8.76255 8.52415 9.32881 8.56393
9.87203 10.44904 10.32947 10.49069 10.20809 9.99131 9.5869 9.65367 10.54691 9.13027
10.78099 11.38295 10.78707 10.91576 10.58235 10.59189 10.09141 10.39723 11.02108 10.32531
11.25165 11.69 11.32546 11.28375 10.74154 11.62319 11.49044 10.84879 11.28674 10.96555
11.70531 11.76 11.71764 11.76 11.76 11.76 11.74322 11.76 11.76 11.76
11.76 11.76 11.71958 11.76 11.76 11.76 11.74614 11.76 11.76 11.76
11.76 11.76 11.72154 11.76 11.76 11.76 11.74908 11.76 11.76 11.76
11.76 11.76 11.72346 11.76 11.76 11.76 11.75199 11.76 11.76 11.76
11.76 11.76 11.72536 11.76 11.76 11.76 11.7549 11.76 11.76 11.76
11.76 11.76 11.72729 11.76 11.76 11.76 11.75782 11.76 11.76 11.76
