2.95129 3.06907 3.00432 3.05233 3.46718 3.80213 3.71506 3.5524 3.30483 4.23957
2.96127 3.08039 3.01361 3.06178 3.47909 3.81346 3.49055 3.5681 3.31847 4.2506
2.97178 3.09612 3.0234 3.07474 3.49211 3.82548 3.74031 3.58745 3.33273 4.26212
2.98374 3.10908 3.0338 3.10195 3.50578 3.83953 3.75405 3.61254 3.35752 4.27441
2.99984 3.12243 3.04573 3.12315 3.5224 3.8566 3.76757 3.43842 3.37927 4.28678
3.01719 3.1245 3.05879 3.14661 3.5386 3.87441 3.78084 3.66508 3.40047 4.30056
3.03831 3.15409 3.07688 3.17433 3.55534 3.891 3.79591 3.68996 3.42108 4.31499
3.07659 3.16825 3.09625 3.19837 3.57745 3.90967 3.81373 3.71742 3.44358 4.33387
3.45394 3.18646 3.12038 3.24812 3.60985 3.9339 3.84217 3.75036 3.46981 4.35874
3.54823 3.2188 3.16842 3.27589 3.64861 3.96686 3.87982 3.79276 3.5363 4.39076
3.6294 3.53811 3.52919 3.67702 3.6419 4.00842 3.99807 3.85753 3.59228 4.4498
4.67471 5.0807 4.84278 4.77224 5.48467 4.78351 4.82458 4.78489 4.52233 5.0728
5.80822 6.23174 6.42319 6.02367 7.18431 6.29758 6.95301 6.12646 5.55456 6.18997
6.83922 7.50994 7.7985 7.42658 8.27523 7.79375 8.61255 7.76183 6.67431 7.23456
8.2369 8.87161 8.95362 8.55483 9.50117 9.04527 10.23562 8.92659 8.13106 9.09156
9.53419 10.23529 10.17092 9.7497 10.70229 10.11628 11.10417 10.31786 10.156 11.0638
10.50558 11.15691 11.01764 11.01281 11.23499 10.97656 11.49916 11.49214 11.20906 11.48168
11.00589 11.67235 11.56463 11.45182 11.47027 11.44585 11.74644 11.72481 11.75001 11.67006
11.5597 11.6881 11.57998 11.74131 11.76 11.44874 11.34597 11.73159 11.76 11.67806
11.72176 11.69371 11.58774 11.76 11.76 11.45166 11.75761 11.7346 11.76 11.68608
11.72489 11.69933 11.59557 11.76 11.76 11.4546 11.76 11.73761 11.76 11.69416
