3.94478 3.82443 3.84237 3.61507 3.66002 4.31742 4.41584 3.66845 3.7475 4.477
3.95376 3.83452 3.85206 3.62694 3.67827 4.32488 4.40776 3.67788 3.75649 4.48662
3.96557 3.84743 3.86283 3.64362 3.68837 4.33297 4.43529 3.68774 3.77239 4.49679
3.97992 3.8621 3.87403 3.6629 3.69927 4.34608 4.44882 3.69815 3.77905 4.50906
3.99831 3.87722 3.88836 3.68429 3.71309 4.36165 4.44721 3.70875 3.79191 4.52562
4.02051 3.89151 3.90735 3.70718 3.7283 4.37549 4.48036 3.71897 3.80429 4.54661
4.04668 3.90573 3.92871 3.72838 3.74532 4.39406 4.50004 3.73036 3.81756 4.5653
4.07583 3.92506 3.95186 3.75167 3.76371 4.41487 4.52683 3.74361 3.83608 4.5841
4.1164 3.95521 3.98189 3.7804 3.78949 4.53413 4.55378 3.75944 3.86006 4.60763
4.16495 3.99317 4.01881 3.81543 3.83757 4.70982 4.56818 3.77806 3.89205 4.62998
4.71657 4.19634 4.48338 4.08584 4.17662 5.22887 4.62627 3.8048 4.01174 4.67568
5.91915 5.49903 5.90544 5.3617 5.61434 6.58635 4.9423 4.51156 4.7935 4.99552
7.62028 7.022 7.37864 7.19919 7.1309 8.00649 5.62164 5.71012 5.84586 5.5884
9.20777 8.51973 8.82082 8.29963 8.193 9.18263 6.25612 6.89706 7.13586 6.4354
10.63012 9.9094 10.32754 9.28942 9.36487 10.09341 7.47096 8.16566 8.23126 7.41227
11.42896 10.93146 11.04109 10.27455 10.26198 10.77117 9.05891 9.58301 9.47577 8.87121
11.68856 11.4328 11.516 11.21068 11.34911 11.45592 10.56971 10.55114 10.89836 9.99376
11.76 11.58229 11.76 11.76 11.69049 11.72088 11.29734 11.32424 11.59437 11.39279
11.76 11.61014 11.76 11.76 11.76 11.76 11.74419 11.7035 11.72337 11.76
11.76 11.76 11.76 11.76 11.76 11.76 11.76 11.70702 11.76 11.76
11.76 11.76 11.76 11.76 11.76 11.76 11.76 11.7096 11.76 11.76
