4.30766 4.02069 4.01707 4.10887 3.99657 4.89295 4.42791 3.98081 4.25365 4.87651
4.30766 4.02069 4.01707 4.10887 3.99657 4.89295 4.42791 3.98081 4.25365 4.87651
4.30766 4.02069 4.01707 4.10887 3.99657 4.89295 4.42791 3.98081 4.25365 4.87651
4.30766 4.02069 4.01707 4.10887 3.99657 4.89295 4.42791 3.98081 4.25365 4.87651
4.30766 4.02069 4.01707 4.10887 3.99657 4.89295 4.42791 3.98081 4.25365 4.87651
4.30766 4.02069 4.01707 4.10887 3.99657 4.89295 4.42791 3.98081 4.25365 4.87651
4.30766 4.02069 4.01707 4.10887 3.99657 4.89295 4.42791 3.98081 4.25365 4.87651
4.30766 4.02069 4.01707 4.10887 3.99657 4.89295 4.42791 3.98081 4.25365 4.87651
4.30766 4.02069 4.01707 4.10887 3.99657 4.89295 4.42791 3.98081 4.25365 4.87651
4.30766 4.02069 4.01707 4.10887 3.99657 4.89295 4.42791 3.98081 4.25365 4.87651
4.30766 4.02069 4.01707 4.10887 3.99657 4.89295 4.42791 3.98081 4.25365 4.87651
4.30766 4.02069 4.01707 4.10887 3.99657 4.89295 4.42791 3.98081 4.25365 4.87651
4.30766 4.02069 4.01707 4.10887 3.99657 4.89295 4.42791 3.98081 4.25365 4.87651
4.30766 4.02069 4.01707 4.10887 3.99657 4.89295 4.42791 3.98081 4.25365 4.87651
4.30766 4.02069 4.01707 4.10887 3.99657 4.89295 4.42791 3.98081 4.25365 4.87651
4.30766 4.02069 4.01707 4.10887 3.99657 4.89295 4.42791 3.98081 4.25365 4.87651
4.30766 4.02069 4.01707 4.10887 3.99657 4.89295 4.42791 3.98081 4.25365 4.87651
4.30766 4.02069 4.01707 4.10887 3.99657 4.89295 4.42791 3.98081 4.25365 4.87651
4.30766 4.02069 4.01707 4.10887 3.99657 4.89295 4.42791 3.98081 4.25365 4.87651
4.30766 4.02069 4.01707 4.10887 3.99657 4.89295 4.42791 3.98081 4.25365 4.87651
4.30766 4.02069 4.01707 4.10887 3.99657 4.89295 4.42791 3.98081 4.25365 4.87651
