3.82095 4.21893 3.91702 4.61188 4.71716 4.735 5.01131 4.23897 5.34736 5.62614
3.82906 4.22755 3.9268 4.62592 4.73088 4.74509 5.02315 4.25156 5.35502 5.63933
3.83771 4.23885 3.93776 4.64879 4.74797 4.755 5.03591 4.26845 5.36262 5.65264
3.84964 4.2517 3.95147 4.68072 4.76337 4.76528 5.05086 4.28635 5.37038 5.666
3.86377 4.26663 3.97085 4.70596 4.78225 4.7764 5.06715 4.30444 5.37839 5.68007
3.87986 4.28478 3.99483 4.72488 4.80299 4.78908 5.08668 4.32437 5.38721 5.69609
3.89863 4.34407 4.02366 4.74652 4.83666 4.80491 5.10441 4.34635 5.39738 5.71571
3.96959 4.45156 4.11754 4.86806 4.89011 4.8479 5.13116 4.41428 5.43111 5.77454
4.14197 4.64813 4.32237 5.07938 5.04124 4.94576 5.22149 4.54675 5.5065 5.87449
4.62296 4.91267 4.86358 5.53581 5.54341 5.26284 5.6973 5.23042 5.7049 6.16652
5.49223 5.11688 5.99037 6.60219 6.48721 5.79926 6.11065 5.9604 6.16421 6.44011
7.02471 5.57242 7.62946 7.51787 7.6996 6.62591 6.77341 7.34137 6.99982 6.64128
7.94532 6.65956 8.92698 8.5525 8.11658 7.63204 7.8019 8.50769 8.05913 6.94452
8.51315 8.08371 9.89465 9.00229 8.83256 8.66724 8.89133 9.31718 9.41241 7.43306
9.27609 9.77105 10.66351 9.43472 9.24197 9.28759 9.86329 10.32375 10.24419 8.58367
9.94717 10.97532 11.25224 10.34793 9.69526 10.19603 10.22143 11.34599 10.85865 9.556
10.95681 11.65347 11.61403 11.54075 10.62557 11.09951 11.66321 11.43344 11.16095 10.89718
11.54437 11.76 11.73088 11.75477 11.69308 11.59243 11.67384 11.44689 11.40605 11.76
11.72579 11.76 11.73327 11.76 11.76 11.76 11.67932 11.46035 11.76 11.76
11.74424 11.76 11.73541 11.76 11.76 11.76 11.6848 11.47382 11.76 11.76
11.749 11.76 11.73754 11.76 11.76 11.76 11.69028 11.4873 11.76 11.76
