3.54134 4.01078 3.3033 3.28769 3.30375 3.99412 3.85373 3.4609 3.56128 3.64251
3.54134 4.01078 3.3033 3.28769 3.30375 3.99412 3.85373 3.4609 3.56128 3.64251
3.54134 4.01078 3.3033 3.28769 3.30375 3.99412 3.85373 3.4609 3.56128 3.64251
3.54134 4.01078 3.3033 3.28769 3.30375 3.99412 3.85373 3.4609 3.56128 3.64251
3.54134 4.01078 3.3033 3.28769 3.30375 3.99412 3.85373 3.4609 3.56128 3.64251
3.54134 4.01078 3.3033 3.28769 3.30375 3.99412 3.85373 3.4609 3.56128 3.64251
3.54134 4.01078 3.3033 3.28769 3.30375 3.99412 3.85373 3.4609 3.56128 3.64251
3.54134 4.01078 3.3033 3.28769 3.30375 3.99412 3.85373 3.4609 3.56128 3.64251
3.54134 4.01078 3.3033 3.28769 3.30375 3.99412 3.85373 3.4609 3.56128 3.64251
3.54134 4.01078 3.3033 3.28769 3.30375 3.99412 3.85373 3.4609 3.56128 3.64251
3.54134 4.01078 3.3033 3.28769 3.30375 3.99412 3.85373 3.4609 3.56128 3.64251
3.54134 4.01078 3.3033 3.28769 3.30375 3.99412 3.85373 3.4609 3.56128 3.64251
3.54134 4.01078 3.3033 3.28769 3.30375 3.99412 3.85373 3.4609 3.56128 3.64251
3.54134 4.01078 3.3033 3.28769 3.30375 3.99412 3.85373 3.4609 3.56128 3.64251
3.54134 4.01078 3.3033 3.28769 3.30375 3.99412 3.85373 3.4609 3.56128 3.64251
3.54134 4.01078 3.3033 3.28769 3.30375 3.99412 3.85373 3.4609 3.56128 3.64251
3.54134 4.01078 3.3033 3.28769 3.30375 3.99412 3.85373 3.4609 3.56128 3.64251
3.54134 4.01078 3.3033 3.28769 3.30375 3.99412 3.85373 3.4609 3.56128 3.64251
3.54134 4.01078 3.3033 3.28769 3.30375 3.99412 3.85373 3.4609 3.56128 3.64251
3.54134 4.01078 3.3033 3.28769 3.30375 3.99412 3.85373 3.4609 3.56128 3.64251
3.54134 4.01078 3.3033 3.28769 3.30375 3.99412 3.85373 3.4609 3.56128 3.64251
