3.79555 3.58528 3.6104 3.46271 3.57174 4.09946 3.96933 3.54018 3.46828 4.265
3.79555 3.58528 3.6104 3.46271 3.57174 4.09946 3.96933 3.54018 3.46828 4.265
3.79555 3.58528 3.6104 3.46271 3.57174 4.09946 3.96933 3.54018 3.46828 4.265
3.79555 3.58528 3.6104 3.46271 3.57174 4.09946 3.96933 3.54018 3.46828 4.265
3.79555 3.58528 3.6104 3.46271 3.57174 4.09946 3.96933 3.54018 3.46828 4.265
3.79555 3.58528 3.6104 3.46271 3.57174 4.09946 3.96933 3.54018 3.46828 4.265
3.79555 3.58528 3.6104 3.46271 3.57174 4.09946 3.96933 3.54018 3.46828 4.265
3.79555 3.58528 3.6104 3.46271 3.57174 4.09946 3.96933 3.54018 3.46828 4.265
3.79555 3.58528 3.6104 3.46271 3.57174 4.09946 3.96933 3.54018 3.46828 4.265
3.79555 3.58528 3.6104 3.46271 3.57174 4.09946 3.96933 3.54018 3.46828 4.265
3.79555 3.58528 3.6104 3.46271 3.57174 4.09946 3.96933 3.54018 3.46828 4.265
3.79555 3.58528 3.6104 3.46271 3.57174 4.09946 3.96933 3.54018 3.46828 4.265
3.79555 3.58528 3.6104 3.46271 3.57174 4.09946 3.96933 3.54018 3.46828 4.265
3.79555 3.58528 3.6104 3.46271 3.57174 4.09946 3.96933 3.54018 3.46828 4.265
3.79555 3.58528 3.6104 3.46271 3.57174 4.09946 3.96933 3.54018 3.46828 4.265
3.79555 3.58528 3.6104 3.46271 3.57174 4.09946 3.96933 3.54018 3.46828 4.265
3.79555 3.58528 3.6104 3.46271 3.57174 4.09946 3.96933 3.54018 3.46828 4.265
3.79555 3.58528 3.6104 3.46271 3.57174 4.09946 3.96933 3.54018 3.46828 4.265
3.79555 3.58528 3.6104 3.46271 3.57174 4.09946 3.96933 3.54018 3.46828 4.265
3.79555 3.58528 3.6104 3.46271 3.57174 4.09946 3.96933 3.54018 3.46828 4.265
3.79555 3.58528 3.6104 3.46271 3.57174 4.09946 3.96933 3.54018 3.46828 4.265
