3.71996 3.75774 3.84488 3.55819 3.75348 4.38377 3.8967 4.21418 4.18678 3.86543
3.73099 3.78804 3.85656 3.56914 3.76331 4.3991 3.90707 4.22527 4.19779 3.87738
3.75688 3.80273 3.86805 3.58101 3.77335 4.41739 3.91766 3.99102 4.20876 3.88939
3.77963 3.82011 3.87965 3.59423 3.78681 4.43929 3.92907 4.00845 4.22062 3.90177
3.85268 3.87875 3.89188 3.60963 3.8017 4.4642 3.94256 4.28131 4.23434 3.91543
3.96274 3.90105 3.90604 3.62856 3.82 4.49096 3.9588 4.29935 4.25352 3.93118
4.1386 3.9277 3.92345 3.65122 3.84658 4.52041 3.98008 4.07943 4.27701 3.94974
4.42735 4.02017 3.95737 3.73373 3.9921 4.56208 4.0307 4.36824 4.30864 3.98099
4.6884 4.17412 4.0969 3.92626 4.41327 4.61835 4.12221 4.26314 4.41976 4.12528
5.26584 4.50814 4.42075 4.53069 5.0188 4.88547 4.41625 4.85003 4.69693 4.5141
6.17572 5.02661 5.22328 5.45825 6.20463 5.58622 4.99986 5.47719 5.2585 5.62165
7.35127 5.8219 6.09215 6.69348 7.3627 6.85427 5.9029 6.65506 6.34722 6.37402
8.10997 6.42795 7.28911 7.62029 8.14263 8.21907 6.94858 8.02742 7.18491 7.24995
8.97934 7.33373 8.37401 8.73026 9.16996 9.78186 8.00308 9.21433 7.92373 8.16197
10.07674 8.84017 9.55272 10.23372 10.19676 11.3225 8.82508 10.47484 9.072 9.43219
11.05961 10.98806 10.84174 10.88158 10.89845 11.68874 10.10183 11.44305 10.47593 10.9376
11.31175 11.34289 11.21525 11.20299 11.46445 11.74755 11.37999 11.66529 11.65025 11.20587
11.63744 11.67882 11.47096 11.4332 11.69426 11.75156 11.59589 11.42514 11.66643 11.22382
11.64861 11.76 11.60606 11.76 11.76 11.7555 11.60522 11.44244 11.6721 11.24162
11.65626 11.76 11.75389 11.76 11.76 11.75916 11.61455 11.76 11.67776 11.25891
11.66391 11.76 11.75627 11.76 11.76 11.76 11.6239 11.47299 11.68343 11.27619
