4.04636 5.0755 3.95168 3.67447 3.99734 4.82991 4.63834 4.42132 4.6966 4.58024
4.06006 5.08878 3.91947 3.68634 4.01379 4.84224 4.66122 4.43379 4.71294 4.6265
4.09587 5.1066 3.93369 3.69917 4.03515 4.85987 4.68021 4.44962 4.73283 4.64426
4.11909 5.12762 3.99462 3.71722 4.04823 4.8812 4.68586 4.46649 4.75563 4.68419
4.13998 5.15278 4.01066 3.74249 4.07199 4.9005 4.70386 4.4853 4.78474 4.70961
4.1628 5.17716 4.0265 3.77716 4.10543 4.92245 4.73433 4.50589 4.81214 4.7244
4.18886 5.20438 4.04338 3.80542 4.12621 4.94535 4.77281 4.52588 4.84304 4.75358
4.23562 5.2428 4.06793 3.84319 4.18006 4.96941 4.8587 4.54823 4.87958 4.79157
4.29755 5.30071 4.13309 3.90061 4.24799 4.98598 4.91326 4.57842 4.92388 4.83351
4.58996 5.44318 4.28864 4.18785 4.40403 5.04821 5.26951 4.61838 5.09766 4.90824
5.63269 6.88324 5.43001 5.52418 5.87323 5.97055 5.65772 5.12564 6.02156 5.49265
7.62145 9.14944 7.52066 7.44436 8.04512 8.47708 7.33092 7.15613 8.01268 6.76497
9.5279 10.72083 9.72346 9.61655 9.80065 10.89317 9.3218 9.54095 10.59048 8.30452
10.86202 11.67898 11.23966 11.04517 11.02306 11.57424 11.46922 10.90403 11.62683 10.4222
11.7243 11.76 11.67268 11.44695 11.45693 11.76 11.6531 11.72055 11.76 11.67136
11.76 11.76 11.76 11.76 11.76 11.76 11.6575 11.76 11.76 11.76
11.76 11.76 11.76 11.76 11.76 11.76 11.66189 11.76 11.76 11.76
11.76 11.76 11.76 11.76 11.76 11.76 11.66628 11.76 11.76 11.76
11.76 11.76 11.76 11.76 11.76 11.76 11.67068 11.76 11.76 11.76
11.76 11.76 11.76 11.76 11.76 11.76 11.67507 11.76 11.76 11.76
11.76 11.76 11.76 11.76 11.76 11.76 11.67946 11.76 11.76 11.76
