3.00148 2.98606 3.06771 2.9771 3.3846 3.06929 3.32941 2.83752 3.25589 3.15755
3.01117 2.99524 3.07519 2.98418 3.42341 3.08307 3.34038 2.85055 3.26434 3.16701
3.02128 3.00869 3.08551 2.99247 3.42315 3.09421 3.34219 2.86474 3.27591 3.17705
3.03204 3.02281 3.09659 3.00335 3.43752 3.11016 3.49951 2.88069 3.29129 3.18797
3.04313 3.03816 3.10976 3.01905 3.45501 3.12209 3.58557 2.89633 3.30619 3.19875
3.05402 3.05263 3.12388 3.04133 3.47558 3.13237 3.59489 2.91256 3.32285 3.21381
3.06794 3.06721 3.13878 3.06386 3.49599 3.14265 3.62027 2.93053 3.34412 3.23383
3.08371 3.08354 3.16601 3.08781 3.53109 3.15564 3.64832 2.95232 3.36907 3.25634
3.11066 3.10167 3.20341 3.12062 3.59838 3.17665 3.68418 2.97615 3.40451 3.28903
3.16654 3.18395 3.2526 3.17515 3.6463 3.21091 3.83502 3.01583 3.51724 3.33933
3.64316 3.92831 3.52011 3.86247 3.82698 3.55829 4.68585 3.63235 4.17562 3.77734
5.34147 5.43108 4.88058 5.39538 4.84303 4.90416 5.9689 5.06131 6.00268 5.64577
7.12774 6.95915 6.73098 6.86098 5.9541 6.37835 7.31498 6.58496 7.82715 7.49723
8.27913 8.13312 8.38406 8.12008 7.4023 7.95142 8.51382 7.96063 9.09741 8.79178
9.33042 9.30114 9.69282 9.41649 9.62306 9.61363 9.64931 9.0898 9.97296 9.84053
10.23414 10.5249 10.38495 10.25058 10.4257 10.74768 10.53187 10.04021 10.84486 10.59211
10.99865 11.19523 11.03596 10.92267 11.12062 11.45731 11.20609 10.83617 11.43175 11.09347
11.53405 11.56651 11.45256 11.35046 11.52897 11.7247 11.54029 11.44021 11.744 11.37113
11.71345 11.76 11.70283 11.57296 11.69968 11.76 11.76 11.62781 11.76 11.70483
11.72408 11.76 11.71082 11.58298 11.7113 11.76 11.76 11.65457 11.76 11.71659
11.72683 11.76 11.7154 11.59148 11.7161 11.76 11.76 11.66214 11.76 11.71873
