0.56912 1.38478 0.72047 1.00479 0.72329 1.75217 3.31395 1.48299 1.63018 1.13263
0.5713 1.38927 0.72312 1.00844 0.72634 1.76602 3.32713 1.54243 1.65171 1.10769
0.57358 1.39164 0.72721 1.02187 0.73107 1.77771 3.34132 1.54309 1.67803 1.02668
0.57655 1.23093 0.73181 1.0388 0.88557 1.81646 3.36872 1.60649 1.70716 1.03034
0.5826 1.2463 0.74276 1.03772 0.90852 1.87955 3.373 1.64041 1.73931 1.23577
0.59388 1.24563 0.76152 1.06213 0.98781 1.94827 3.47022 1.75836 1.78081 1.29277
0.60508 1.26732 0.78769 1.08914 1.02358 2.10475 3.53437 1.94947 1.80225 1.3157
0.74115 1.36633 0.94653 1.16894 1.05914 2.31169 4.23714 1.8508 1.92987 1.40207
1.03212 1.68452 1.31339 1.34786 1.30213 2.66276 4.58704 2.06561 2.57579 1.62884
1.56818 2.29022 1.97897 1.70915 1.79857 3.17716 5.04844 2.58691 2.8707 2.22057
2.29113 3.17878 2.87419 2.35806 2.69805 3.71211 5.46698 3.36027 3.29777 2.90547
3.09995 4.0895 3.89466 3.47845 3.87007 4.40539 5.5 4.32909 3.76537 3.99718
4.16657 4.72019 4.72655 4.47408 4.76975 4.8066 5.5 4.84879 4.2729 4.8923
4.77093 5.16656 5.04283 4.93895 5.26324 5.07908 5.5 5.49744 4.8214 5.05221
5.37247 5.5 5.45518 5.5 5.5 5.33783 5.5 5.5 5.07467 5.5
5.5 5.5 5.5 5.5 5.5 5.5 5.5 5.5 5.5 5.5
5.5 5.5 5.5 5.5 5.5 5.5 5.5 5.5 5.5 5.5
5.5 5.5 5.5 5.5 5.5 5.5 5.5 5.5 5.5 5.5
5.5 5.5 5.5 5.5 5.5 5.5 5.5 5.5 5.5 5.5
5.5 5.5 5.5 5.5 5.5 5.5 5.5 5.5 5.5 5.5
5.5 5.5 5.5 5.5 5.5 5.5 5.5 5.5 5.5 5.5
