2.54529 2.0703 1.52705 1.46217 1.89273 4.04103 3.57418 2.60091 3.33078 1.97663
2.5712 2.09146 1.54448 1.47389 1.91049 4.04838 3.65223 2.61169 3.37474 1.99134
2.60549 2.14128 1.32988 1.48714 1.93538 4.06155 3.73594 2.62701 3.4184 2.1396
2.64979 2.28745 1.61523 1.51577 1.97945 4.09228 3.87895 2.65873 3.74017 2.06967
2.71919 2.49217 1.37833 1.54193 2.01753 4.14738 4.03464 2.69242 3.75505 2.13231
2.73289 2.74423 1.52221 1.59492 2.05756 4.19254 4.1916 2.7845 3.99861 2.5467
2.86569 2.89149 1.56007 1.65074 2.09295 4.23537 4.31602 2.89177 4.16116 2.63265
2.96201 3.05195 1.65926 1.77803 2.21068 4.29446 4.37492 2.99127 4.15309 2.74316
3.60674 3.4288 2.09493 1.94764 2.5874 4.46469 4.47208 3.31805 4.56697 2.95042
4.46277 4.0943 2.14515 2.41797 2.94992 4.69911 4.64721 3.63036 4.96039 3.32033
4.93387 4.97388 3.03438 3.99513 4.01801 4.95293 5.00373 4.41319 5.5 5.06941
5.1789 5.5 4.70284 5.13055 5.5 5.5 5.5 5.5 5.5 5.5
5.5 5.5 5.09675 5.5 5.5 5.5 5.5 5.5 5.5 5.5
5.5 5.5 5.5 5.5 5.5 5.5 5.5 5.5 5.5 5.5
5.5 5.5 5.5 5.5 5.5 5.5 5.5 5.5 5.5 5.5
5.5 5.5 5.5 5.5 5.5 5.5 5.5 5.5 5.5 5.5
5.5 5.5 5.5 5.5 5.5 5.5 5.5 5.5 5.5 5.5
5.5 5.5 5.5 5.5 5.5 5.5 5.5 5.5 5.5 5.5
5.5 5.5 5.5 5.5 5.5 5.5 5.5 5.5 5.5 5.5
5.5 5.5 5.5 5.5 5.5 5.5 5.5 5.5 5.5 5.5
5.5 5.5 5.5 5.5 5.5 5.5 5.5 5.5 5.5 5.5
