2.26411 2.28754 0.93644 1.91517 0.99843 3.56406 2.24206 1.65169 2.54781 2.01463
2.2795 2.2993 0.94665 1.92091 1.00088 3.57308 2.24553 1.65689 2.5636 2.03035
2.29377 2.31668 0.95806 1.92911 1.00331 3.6483 2.25084 1.66297 2.44537 2.04503
2.34646 2.34607 0.98143 1.95005 1.00818 3.87135 2.25787 1.67034 2.48909 2.07757
2.44871 2.37716 1.0379 1.93286 1.01682 3.88068 2.26628 1.68641 2.57493 2.10539
2.54672 2.51283 1.06329 1.96849 1.03558 3.9473 2.29435 1.71744 2.56948 2.21053
2.75516 2.59079 1.03465 2.004 1.06143 3.98939 2.31425 1.75712 2.63168 2.23489
2.94731 2.65864 1.11176 2.14454 1.1839 4.06588 2.54364 1.87463 2.77289 2.32418
3.38148 2.99513 1.41408 2.45882 1.49989 4.16466 2.84514 2.17145 3.04785 2.61176
3.81113 3.731 1.90144 3.04849 2.07201 4.3293 3.42173 2.76257 3.77116 3.07505
4.48188 4.54327 2.64975 3.90389 2.9142 4.58152 4.17061 3.54809 4.55359 3.71719
5.25136 5.20979 3.53599 4.54397 3.74923 4.90943 4.5391 4.29196 5.1784 4.55154
5.44871 5.5 4.24379 5.14679 4.82209 5.06289 4.76169 4.758 5.5 5.11952
5.5 5.5 4.85594 5.36725 5.19838 5.20368 5.36338 5.25868 5.5 5.40539
5.5 5.5 5.31108 5.5 5.46402 5.39188 5.5 5.5 5.5 5.5
5.5 5.5 5.5 5.5 5.5 5.5 5.5 5.5 5.5 5.5
5.5 5.5 5.5 5.5 5.5 5.5 5.5 5.5 5.5 5.5
5.5 5.5 5.5 5.5 5.5 5.5 5.5 5.5 5.5 5.5
5.5 5.5 5.5 5.5 5.5 5.5 5.5 5.5 5.5 5.5
5.5 5.5 5.5 5.5 5.5 5.5 5.5 5.5 5.5 5.5
5.5 5.5 5.5 5.5 5.5 5.5 5.5 5.5 5.5 5.5
