0.56609 0.64748 0.56099 1.03166 1.31774 0.60181 2.22156 1.90254 2.09349 3.44173
0.56839 0.65377 0.5638 1.07548 1.32376 0.61143 2.23893 1.90833 2.22972 3.44818
0.56944 0.66047 0.57731 1.08493 1.33092 0.61895 2.26455 1.91606 2.26579 3.45541
0.5768 0.67253 0.6017 1.09892 1.34079 0.62484 2.35182 1.9236 2.32182 3.46343
0.5881 0.68604 0.52689 1.07918 1.35267 0.63442 2.44333 1.93355 2.37532 3.47786
0.60562 0.7106 0.56964 1.13841 1.37267 0.65603 2.50142 1.9538 2.51806 3.49457
0.62852 0.79043 0.61606 1.13468 1.41237 0.68635 2.5481 1.97581 2.64589 3.51398
0.68204 1.01371 0.84033 1.29298 1.55901 0.73742 2.64956 2.04989 2.83794 3.44238
0.95783 1.42221 1.1817 1.83297 1.84185 0.99141 3.07798 2.23405 3.22999 3.61408
1.42131 2.04195 1.68258 2.4808 2.45788 1.39352 3.51947 2.58866 3.66037 3.97712
2.24562 2.9484 2.54946 3.24375 3.38996 2.00518 4.08352 3.22803 4.26505 4.461
3.16767 3.94948 3.47009 3.97195 4.28299 2.95445 4.62008 3.78662 4.95124 5.05035
4.05287 4.55964 4.45496 4.47575 4.83228 4.15681 5.43448 4.5156 5.37036 5.5
4.60424 4.85077 4.84292 5.03192 5.10487 5.08737 5.5 5.5 5.5 5.5
5.18188 5.23812 5.23795 5.5 5.5 5.5 5.5 5.5 5.5 5.5
5.5 5.5 5.5 5.5 5.5 5.5 5.5 5.5 5.5 5.5
5.5 5.5 5.5 5.5 5.5 5.5 5.5 5.5 5.5 5.5
5.5 5.5 5.5 5.5 5.5 5.5 5.5 5.5 5.5 5.5
5.5 5.5 5.5 5.5 5.5 5.5 5.5 5.5 5.5 5.5
5.5 5.5 5.5 5.5 5.5 5.5 5.5 5.5 5.5 5.5
5.5 5.5 5.5 5.5 5.5 5.5 5.5 5.5 5.5 5.5
