0.51457 0.76608 0.68368 0.78 0.34527 1.51782 1.66537 2.92239 2.80572 0.7863
0.50888 0.76958 0.68706 0.81943 0.3478 1.52648 1.70184 2.94531 2.81634 0.79091
0.51965 0.76875 0.69082 0.82586 0.35058 1.53863 1.7191 2.96666 2.82668 0.79585
0.51702 0.77377 0.69536 0.83313 0.35408 1.55677 1.7768 3.00421 2.83879 0.80244
0.52553 0.77303 0.63929 0.86517 0.34728 1.58142 1.78767 3.04344 2.85934 0.8224
0.54439 0.78632 0.65732 0.89899 0.38115 1.6189 1.91762 3.02066 2.89219 0.95424
0.57045 0.81505 0.69615 0.93878 0.39783 1.67132 2.03469 2.84847 2.93817 1.02612
0.66171 0.9794 0.84448 1.0479 0.48484 1.78599 2.40663 3.15558 3.02459 1.15965
0.98487 1.38008 1.36092 1.3004 0.69933 2.00911 3.14843 3.76924 3.1709 1.53784
1.55473 2.1442 2.18101 1.85837 1.14929 2.54768 4.0271 4.38483 3.45629 2.15623
2.28605 3.1357 3.15036 2.8257 1.80114 3.45253 5.208 5.31551 4.09524 3.19469
3.07522 4.2702 3.98583 3.78652 2.79328 4.06901 5.5 5.5 4.52411 4.34072
4.18284 5.03184 4.71082 4.59853 3.9518 4.70243 5.5 5.5 5.34728 5.30028
4.69824 5.42913 5.06329 5.0907 4.93002 5.16407 5.5 5.5 5.5 5.32702
5.28553 5.5 5.36112 5.5 5.5 5.5 5.5 5.5 5.5 5.5
5.47612 5.5 5.5 5.5 5.5 5.5 5.5 5.5 5.5 5.5
5.5 5.5 5.5 5.5 5.5 5.5 5.5 5.5 5.5 5.5
5.5 5.5 5.5 5.5 5.5 5.5 5.5 5.5 5.5 5.5
5.5 5.5 5.5 5.5 5.5 5.5 5.5 5.5 5.5 5.5
5.5 5.5 5.5 5.5 5.5 5.5 5.5 5.5 5.5 5.5
5.5 5.5 5.5 5.5 5.5 5.5 5.5 5.5 5.5 5.5
