1.17191 3.00541 2.95575 0.28866 1.49954 1.45752 5.48065 2.18197 2.80504 4.16228
1.18766 3.00562 2.97454 0.29276 1.52767 1.45988 5.4863 2.20861 2.91254 4.16477
1.10804 3.04892 2.93383 0.37071 1.54298 1.43553 5.49309 2.25383 2.99084 3.99922
1.20139 3.11481 3.02539 0.39861 1.54888 1.45003 5.5 2.38953 3.0995 4.00618
1.22419 3.16336 3.14145 0.43412 1.57228 1.47392 5.5 2.4736 3.23702 4.01162
1.34432 3.27453 3.27049 0.48604 1.6166 1.55036 5.5 2.57031 3.33936 4.01734
1.4356 3.33171 3.28685 0.56476 1.68479 1.59503 5.5 2.87071 3.7631 4.02332
1.59017 3.45749 3.45896 0.65141 1.78866 1.66765 5.5 3.80462 3.91187 4.03031
1.76051 3.64367 3.73446 0.81984 1.88959 1.77623 5.5 4.09787 4.00636 4.03781
2.31832 3.96504 4.24572 1.22798 2.41214 2.21749 5.5 5.14319 4.30275 4.06463
4.42494 4.56021 5.26856 2.79195 4.14422 4.5208 5.5 5.5 5.5 5.5
5.08112 5.5 5.5 4.27662 5.5 5.5 5.5 5.5 5.5 5.5
5.5 5.5 5.5 5.5 5.5 5.5 5.5 5.5 5.5 5.5
5.5 5.5 5.5 5.5 5.5 5.5 5.5 5.5 5.5 5.5
5.5 5.5 5.5 5.5 5.5 5.5 5.5 5.5 5.5 5.5
5.5 5.5 5.5 5.5 5.5 5.5 5.5 5.5 5.5 5.5
5.5 5.5 5.5 5.5 5.5 5.5 5.5 5.5 5.5 5.5
5.5 5.5 5.5 5.5 5.5 5.5 5.5 5.5 5.5 5.5
5.5 5.5 5.5 5.5 5.5 5.5 5.5 5.5 5.5 5.5
5.5 5.5 5.5 5.5 5.5 5.5 5.5 5.5 5.5 5.5
5.5 5.5 5.5 5.5 5.5 5.5 5.5 5.5 5.5 5.5
