0.16295 1.09405 0.63947 0.93393 0.87836 1.48963 2.68247 1.34125 1.00803 1.27721
0.16536 1.10145 0.64328 0.93607 0.88114 1.49786 2.68526 1.34881 1.03639 1.28432
0.17198 1.10302 0.64663 0.93867 0.88347 1.51233 2.68889 1.36158 1.04637 1.222
0.18145 1.13639 0.65196 0.94255 0.88831 1.53172 2.69346 1.39375 1.05884 1.30222
0.19745 1.1953 0.65495 0.94518 0.96135 1.55934 2.70698 1.509 1.05409 1.31791
0.22291 1.32121 0.66813 0.89689 1.04508 1.60611 2.73586 1.57604 1.10996 1.3256
0.25697 1.48974 0.6944 1.00384 1.14613 1.65703 2.78466 1.56871 1.15057 1.36893
0.34415 1.65048 0.79755 1.21797 1.29507 1.78321 2.89038 1.71135 1.19245 1.56197
0.70538 1.99656 1.05079 1.71561 1.59882 2.44775 3.10829 2.03666 1.36751 2.23957
1.35958 2.48673 1.57152 2.43388 2.13182 2.91054 3.45767 2.67568 1.70791 3.02572
2.26102 3.22283 2.42215 3.42588 2.91504 3.77722 3.99532 3.36121 2.4246 4.54371
3.21709 4.05834 3.60164 4.34968 3.80136 4.56856 5.21042 4.21718 3.2923 5.5
3.96951 4.9021 4.67398 4.86675 4.58307 5.27371 5.47892 4.92939 4.66046 5.5
4.67644 5.35176 5.26882 5.27732 5.17923 5.48892 5.5 5.37615 5.5 5.5
5.26258 5.5 5.5 5.41901 5.5 5.5 5.5 5.5 5.5 5.5
5.5 5.5 5.5 5.5 5.5 5.5 5.5 5.5 5.5 5.5
5.5 5.5 5.5 5.5 5.5 5.5 5.5 5.5 5.5 5.5
5.5 5.5 5.5 5.5 5.5 5.5 5.5 5.5 5.5 5.5
5.5 5.5 5.5 5.5 5.5 5.5 5.5 5.5 5.5 5.5
5.5 5.5 5.5 5.5 5.5 5.5 5.5 5.5 5.5 5.5
5.5 5.5 5.5 5.5 5.5 5.5 5.5 5.5 5.5 5.5
