0.54391 0.39641 1.31173 2.00202 1.4319 4.35195 4.01578 4.66224 4.54401 4.84302
0.5473 0.40036 1.31797 2.01763 1.44042 4.36725 4.02095 4.67769 4.55615 4.85192
0.53737 0.40855 1.32873 2.04296 1.47005 4.40098 4.04762 4.69036 4.58904 4.86069
0.53901 0.43996 1.32836 2.06725 1.47541 4.46502 4.08569 4.71554 4.63113 4.88593
0.56477 0.55542 1.34272 2.12013 1.47224 4.52823 4.15191 4.74993 4.68533 4.89818
0.58043 0.69698 1.38036 2.25413 1.49136 4.59568 4.20489 4.7949 4.75028 4.91985
0.61953 0.85187 1.48512 2.45123 1.51479 4.64306 4.25735 4.8418 4.83991 4.94695
0.7313 1.02694 1.53368 2.71196 1.59947 4.73483 4.35896 4.96067 5.00732 5.04262
0.96139 1.26065 1.74632 3.06911 1.84456 4.93798 4.51496 5.14718 5.26894 5.24349
1.42321 1.60275 2.15245 3.45677 2.31993 5.31828 4.81267 5.45551 5.44233 5.5
2.06757 2.14392 2.76276 3.94652 3.21348 5.5 5.17341 5.5 5.5 5.5
2.97976 2.98486 3.63506 4.66148 4.23881 5.5 5.5 5.5 5.5 5.5
4.02623 4.38757 4.48644 5.25321 4.76496 5.5 5.5 5.5 5.5 5.5
4.86724 5.18252 5.18259 5.5 5.17474 5.5 5.5 5.5 5.5 5.5
5.34465 5.5 5.48055 5.5 5.5 5.5 5.5 5.5 5.5 5.5
5.47076 5.5 5.5 5.5 5.5 5.5 5.5 5.5 5.5 5.5
5.5 5.5 5.5 5.5 5.5 5.5 5.5 5.5 5.5 5.5
5.5 5.5 5.5 5.5 5.5 5.5 5.5 5.5 5.5 5.5
5.5 5.5 5.5 5.5 5.5 5.5 5.5 5.5 5.5 5.5
5.5 5.5 5.5 5.5 5.5 5.5 5.5 5.5 5.5 5.5
5.5 5.5 5.5 5.5 5.5 5.5 5.5 5.5 5.5 5.5
