0.7217 0.77531 0.67962 0.18679 0.82031 1.72458 2.72743 0.56424 1.2612 1.4972
0.72263 0.77416 0.68263 0.18854 0.88451 1.72963 2.74122 0.58003 1.26688 1.57013
0.74224 0.77868 0.68639 0.19206 0.88849 1.75743 2.76277 0.59817 1.28034 1.6658
0.75694 0.80187 0.69889 0.20783 0.85942 1.74761 2.79721 0.62388 1.28956 1.6893
0.77646 0.82496 0.71593 0.22527 0.90793 1.78288 2.87753 0.64029 1.30906 1.71903
0.79077 0.84386 0.7313 0.24036 0.92625 1.81112 2.86881 0.68037 1.32567 1.85776
1.04113 0.86098 0.75212 0.25676 0.95179 1.84303 2.94665 0.69996 1.36288 2.12338
1.15732 0.88504 0.77772 0.2762 0.97777 1.89045 3.10177 0.72641 1.39212 2.26095
1.25966 0.92126 0.81478 0.29798 0.98428 1.95133 3.02505 0.75734 1.44243 2.38017
1.42679 0.99723 0.85481 0.32032 1.0675 2.03473 3.26662 0.99778 1.51602 2.59882
2.13413 1.72301 2.01585 0.6391 1.32436 2.1253 3.97238 1.34095 1.65899 2.98933
3.15631 3.39163 3.55682 2.06387 2.65566 3.19959 5.00064 2.53788 2.98918 3.83107
4.22331 4.44184 4.4101 3.55715 3.78276 4.84564 5.5 3.90112 4.38571 4.61115
5.16855 4.98896 5.01488 4.46653 4.66002 5.5 5.5 4.92908 5.15043 5.19667
5.5 5.32915 5.5 4.98769 5.27871 5.5 5.5 5.5 5.5 5.5
5.5 5.5 5.5 5.46942 5.5 5.5 5.5 5.5 5.5 5.5
5.5 5.5 5.5 5.5 5.5 5.5 5.5 5.5 5.5 5.5
5.5 5.5 5.5 5.5 5.5 5.5 5.5 5.5 5.5 5.5
5.5 5.5 5.5 5.5 5.5 5.5 5.5 5.5 5.5 5.5
5.5 5.5 5.5 5.5 5.5 5.5 5.5 5.5 5.5 5.5
5.5 5.5 5.5 5.5 5.5 5.5 5.5 5.5 5.5 5.5
