1.09613 2.2174 2.96471 1.53104 1.94949 4.13596 5.5 3.98249 2.01091 2.00604
1.11362 2.23071 2.98206 1.53877 1.95544 4.15658 5.5 3.99579 2.09497 2.19449
1.14691 2.27814 3.00425 1.55688 2.06977 4.1754 5.5 4.01216 2.05022 2.3385
1.20499 2.5304 3.07028 1.59408 2.11875 4.44566 5.5 4.03251 2.55063 2.32775
1.28226 2.70301 3.119 1.63626 2.08051 4.87531 5.5 4.09442 2.65458 2.26042
1.37338 2.91283 3.28915 1.74117 2.20625 5.00891 5.5 4.77595 2.8123 2.69988
1.53033 3.18125 3.41431 1.83257 2.15152 5.32539 5.5 5.25386 2.97567 2.89825
1.75754 3.39402 3.61837 1.97115 2.35238 5.5 5.5 5.5 3.3896 3.41803
2.10684 3.60003 3.84433 2.1686 2.62819 5.5 5.5 5.5 3.67026 3.72718
3.75183 4.12509 4.48381 2.62675 3.1394 5.5 5.5 5.5 4.57202 4.44526
5.41892 4.9037 5.31508 4.67829 4.70351 5.5 5.5 5.5 5.5 5.5
5.5 5.5 5.5 5.5 5.5 5.5 5.5 5.5 5.5 5.5
5.5 5.5 5.5 5.5 5.5 5.5 5.5 5.5 5.5 5.5
5.5 5.5 5.5 5.5 5.5 5.5 5.5 5.5 5.5 5.5
5.5 5.5 5.5 5.5 5.5 5.5 5.5 5.5 5.5 5.5
5.5 5.5 5.5 5.5 5.5 5.5 5.5 5.5 5.5 5.5
5.5 5.5 5.5 5.5 5.5 5.5 5.5 5.5 5.5 5.5
5.5 5.5 5.5 5.5 5.5 5.5 5.5 5.5 5.5 5.5
5.5 5.5 5.5 5.5 5.5 5.5 5.5 5.5 5.5 5.5
5.5 5.5 5.5 5.5 5.5 5.5 5.5 5.5 5.5 5.5
5.5 5.5 5.5 5.5 5.5 5.5 5.5 5.5 5.5 5.5
