2.2053 2.22611 1.55668 1.67252 1.55905 4.14435 3.81515 3.91991 2.05254 3.5413
2.2413 2.23438 1.5765 1.68152 1.56522 4.15893 3.82206 3.92753 2.06169 3.80081
2.39131 2.24747 1.58861 1.69278 1.57537 4.18233 3.83081 3.93547 2.07447 3.81826
2.45455 2.27383 1.60333 1.70929 1.59491 4.21549 3.84052 3.94317 2.08852 3.84504
2.50697 2.29914 1.62165 1.68553 1.63189 4.25891 3.78903 3.95223 2.10648 3.63572
2.57764 2.33064 1.64755 1.70967 1.70457 4.31534 3.99562 3.96398 2.23573 3.68203
2.63619 2.40214 1.68474 1.80139 1.79942 4.34733 4.02282 3.97581 2.30199 3.90594
2.9177 2.53551 1.7737 1.80727 1.92454 4.39126 4.09153 4.01758 2.3955 4.04496
3.32537 2.68593 1.94813 1.93053 2.19568 4.48857 4.27278 4.12551 2.63589 4.18345
3.86428 3.1134 2.32167 2.33085 2.67343 4.67992 4.60511 4.30401 3.04738 4.511
4.40511 4.05436 3.18974 2.96455 3.44126 4.94285 4.97939 4.64968 3.70281 4.85219
4.98244 4.79297 4.02907 3.70335 4.35229 5.16837 5.26051 5.11416 4.65354 5.05767
5.34419 5.16661 4.81852 4.25192 5.06314 5.39912 5.30752 5.49696 5.06986 5.23499
5.5 5.42705 5.41621 4.68559 5.35307 5.5 5.33414 5.5 5.30396 5.45819
5.5 5.5 5.5 4.99221 5.5 5.5 5.47075 5.5 5.5 5.5
5.5 5.5 5.5 5.5 5.5 5.5 5.5 5.5 5.5 5.5
5.5 5.5 5.5 5.5 5.5 5.5 5.5 5.5 5.5 5.5
5.5 5.5 5.5 5.5 5.5 5.5 5.5 5.5 5.5 5.5
5.5 5.5 5.5 5.5 5.5 5.5 5.5 5.5 5.5 5.5
5.5 5.5 5.5 5.5 5.5 5.5 5.5 5.5 5.5 5.5
5.5 5.5 5.5 5.5 5.5 5.5 5.5 5.5 5.5 5.5
