2.21826 2.51461 1.18201 2.17167 1.47658 2.42248 1.64951 1.46278 1.60271 1.76582
2.22514 2.52135 1.18501 2.12078 1.50856 2.44994 1.66098 1.47307 1.60812 1.7715
2.23606 2.53042 1.19107 2.12763 1.52543 2.50355 1.68004 1.49037 1.61586 1.78012
2.25978 2.54342 1.19667 2.14308 1.54453 2.52017 1.70821 1.5169 1.6363 1.79788
2.30608 2.57097 1.2086 2.10527 1.57987 2.56274 1.74826 1.59137 1.66053 1.81432
2.37194 2.62395 1.2275 2.03056 1.59698 2.59129 1.81225 1.72197 1.78732 1.83576
2.45141 2.69129 1.25009 2.07217 1.68717 2.63575 2.00104 1.84244 1.87226 1.86563
2.54033 2.80414 1.31747 2.1914 1.7634 2.71906 2.07572 2.01718 2.01778 1.98093
3.16736 3.26855 1.773 2.67497 2.24519 3.01054 2.39254 2.60659 2.4728 2.46141
3.91252 4.18589 2.47425 3.57413 2.8954 3.48248 2.9879 3.35186 3.06259 3.03462
4.70011 5.16498 3.35571 4.56391 3.75888 4.174 3.78631 3.95128 4.17966 3.79904
5.25097 5.5 4.63917 5.19195 5.15225 4.67478 4.7753 4.59925 5.26024 4.7957
5.48042 5.5 5.31295 5.38764 5.38266 4.99774 5.3116 5.23271 5.5 5.16591
5.5 5.5 5.5 5.5 5.5 5.33316 5.5 5.5 5.5 5.44057
5.5 5.5 5.5 5.5 5.5 5.45642 5.5 5.5 5.5 5.5
5.5 5.5 5.5 5.5 5.5 5.5 5.5 5.5 5.5 5.5
5.5 5.5 5.5 5.5 5.5 5.5 5.5 5.5 5.5 5.5
5.5 5.5 5.5 5.5 5.5 5.5 5.5 5.5 5.5 5.5
5.5 5.5 5.5 5.5 5.5 5.5 5.5 5.5 5.5 5.5
5.5 5.5 5.5 5.5 5.5 5.5 5.5 5.5 5.5 5.5
5.5 5.5 5.5 5.5 5.5 5.5 5.5 5.5 5.5 5.5
