1.3421 2.11462 1.71818 0.70514 1.57524 2.96792 5.5 1.94976 4.30349 3.34384
1.34269 2.13134 1.72122 0.62819 1.58433 3.04811 5.5 1.93587 4.34454 3.36082
1.35257 2.1561 1.75074 0.63511 1.55023 3.06185 5.5 2.02633 4.39223 3.38224
1.40279 2.184 1.78283 0.65337 1.57991 3.23025 5.5 2.02395 4.53922 3.54814
1.459 2.20859 1.84604 0.67251 1.61465 3.44915 5.5 2.23585 4.69774 3.59524
1.60444 2.24824 1.93126 0.69325 1.65309 3.70006 5.5 2.39974 4.82657 3.67612
1.79226 2.31549 2.0345 0.75336 1.6957 4.23957 5.5 2.49685 4.99987 3.85703
1.9395 2.80595 2.17888 0.83905 1.76653 4.28737 5.5 2.61534 5.26651 4.00033
2.12998 3.14221 2.41335 0.92701 1.83641 4.74125 5.5 3.11585 5.40359 4.08762
2.58882 3.85657 3.04503 1.16259 2.16728 5.31878 5.5 3.6443 5.5 4.21841
4.64684 4.79823 4.26148 3.25252 3.9755 5.5 5.5 5.5 5.5 4.49701
5.29629 5.27421 5.23635 4.76758 5.5 5.5 5.5 5.5 5.5 5.5
5.5 5.5 5.5 5.5 5.5 5.5 5.5 5.5 5.5 5.5
5.5 5.5 5.5 5.5 5.5 5.5 5.5 5.5 5.5 5.5
5.5 5.5 5.5 5.5 5.5 5.5 5.5 5.5 5.5 5.5
5.5 5.5 5.5 5.5 5.5 5.5 5.5 5.5 5.5 5.5
5.5 5.5 5.5 5.5 5.5 5.5 5.5 5.5 5.5 5.5
5.5 5.5 5.5 5.5 5.5 5.5 5.5 5.5 5.5 5.5
5.5 5.5 5.5 5.5 5.5 5.5 5.5 5.5 5.5 5.5
5.5 5.5 5.5 5.5 5.5 5.5 5.5 5.5 5.5 5.5
5.5 5.5 5.5 5.5 5.5 5.5 5.5 5.5 5.5 5.5
