0.19742 1.48833 1.63531 0.74241 1.13916 2.18716 5.43788 1.84241 1.6624 0.64117
0.21071 1.49732 1.64405 0.74404 1.29503 2.19062 5.44382 1.86757 1.42766 0.67221
0.23358 1.50324 1.65337 0.74919 1.33482 2.2127 5.45148 1.90101 1.50481 0.76215
0.29588 1.51936 1.67506 0.82718 1.36215 2.255 5.46527 1.92491 1.55371 0.70213
0.34822 1.55163 1.69478 0.8467 1.3921 2.30573 5.47629 1.9775 1.59825 0.83328
0.4142 1.63363 1.72128 0.86274 1.42069 2.37802 5.48682 2.02176 1.71839 0.88845
0.52442 1.7942 1.72661 0.88404 1.47587 2.48608 5.5 2.2262 1.80267 0.88456
0.65968 2.14223 1.77604 0.91711 1.51748 2.6462 5.5 2.35557 1.93123 0.91221
0.84392 2.57866 1.86366 1.10354 1.59646 3.06881 5.5 2.58177 2.41429 1.04078
1.16181 3.20878 2.0996 1.29826 1.74587 3.16581 5.5 2.81264 3.17425 1.51794
2.98455 4.20466 3.52927 2.87723 2.94929 4.07938 5.5 3.60188 3.97544 2.94054
4.41865 5.0803 5.29041 4.019 4.76359 5.5 5.5 4.6063 5.5 5.5
5.5 5.5 5.5 5.06444 5.5 5.5 5.5 5.5 5.5 5.5
5.5 5.5 5.5 5.5 5.5 5.5 5.5 5.5 5.5 5.5
5.5 5.5 5.5 5.5 5.5 5.5 5.5 5.5 5.5 5.5
5.5 5.5 5.5 5.5 5.5 5.5 5.5 5.5 5.5 5.5
5.5 5.5 5.5 5.5 5.5 5.5 5.5 5.5 5.5 5.5
5.5 5.5 5.5 5.5 5.5 5.5 5.5 5.5 5.5 5.5
5.5 5.5 5.5 5.5 5.5 5.5 5.5 5.5 5.5 5.5
5.5 5.5 5.5 5.5 5.5 5.5 5.5 5.5 5.5 5.5
5.5 5.5 5.5 5.5 5.5 5.5 5.5 5.5 5.5 5.5
