0.99691 1.27002 1.76926 1.04363 1.45091 1.40618 2.41612 2.03737 2.121 2.4485
1.00138 1.27375 1.77904 1.04632 1.42406 1.4316 2.42597 2.28986 2.25119 2.26391
1.00752 1.27839 1.79727 1.06174 1.43091 1.4726 2.4433 2.29632 2.26783 2.27027
1.01666 1.33169 1.82116 1.0828 1.47623 1.50667 2.47818 2.32879 2.12775 2.29772
1.03033 1.35578 1.87478 1.10524 1.51243 1.67902 2.50859 2.35676 2.47382 2.32397
1.04902 1.40259 1.94982 1.1275 1.54846 1.71627 2.52877 2.38161 2.53196 2.36021
1.06924 1.43086 2.01893 1.15626 1.58285 1.97752 2.57967 2.41659 2.56919 2.57084
1.20306 1.44004 2.0592 1.19293 1.62822 2.11714 2.65406 2.43778 2.65548 2.64109
1.43415 1.64636 2.13545 1.24386 1.7882 2.16335 2.76179 2.4793 2.83024 2.751
1.5645 1.80934 2.33004 1.34941 1.91456 2.25371 2.8719 2.6048 3.46405 2.85076
2.01232 2.44903 2.66318 2.11183 3.042 2.4796 3.07026 3.02842 4.01312 3.04803
3.67388 3.69791 3.98726 3.82298 4.85442 3.27855 4.64067 4.34428 5.22745 4.13494
4.39612 4.45692 4.77725 4.65852 5.20195 4.66367 5.39617 5.00277 5.34163 5.04895
4.93048 4.98594 5.1811 5.02672 5.35663 5.34461 5.5 5.5 5.5 5.42232
5.08254 5.48096 5.5 5.42324 5.5 5.5 5.5 5.5 5.5 5.5
5.40035 5.5 5.5 5.5 5.5 5.5 5.5 5.5 5.5 5.5
5.5 5.5 5.5 5.5 5.5 5.5 5.5 5.5 5.5 5.5
5.5 5.5 5.5 5.5 5.5 5.5 5.5 5.5 5.5 5.5
5.5 5.5 5.5 5.5 5.5 5.5 5.5 5.5 5.5 5.5
5.5 5.5 5.5 5.5 5.5 5.5 5.5 5.5 5.5 5.5
5.5 5.5 5.5 5.5 5.5 5.5 5.5 5.5 5.5 5.5
