0.62315 1.21535 1.0179 0.72363 0.77664 2.05755 3.17629 3.25411 1.68739 1.35772
0.63264 1.22698 1.02112 0.72541 0.78133 2.06442 3.19504 3.2676 1.6533 1.38841
0.63914 1.22771 1.03196 0.72558 0.78694 2.07337 3.21471 3.23404 1.6992 1.41863
0.67752 1.25709 1.02397 0.74052 0.79836 2.14511 3.23917 3.26246 1.71331 1.42768
0.72869 1.33792 1.03621 0.76452 0.81639 2.16817 3.50411 3.30587 1.75989 1.44184
0.79298 1.42905 1.05203 0.78687 0.83229 2.2142 3.28993 3.3299 1.81827 1.51621
0.86577 1.51607 1.07093 0.80567 0.8506 2.29498 3.31838 3.35401 1.90839 1.57112
0.94788 1.59301 1.08442 0.82785 0.8755 2.35935 3.34774 3.38297 2.09795 1.59611
1.17569 1.69288 1.13348 0.87228 0.90464 2.43626 3.38654 3.43374 2.1558 1.68928
1.38423 1.88575 1.21886 0.93105 0.97114 2.53881 3.44738 3.52082 2.2566 1.78642
2.16296 2.69516 1.73726 1.26582 1.60371 2.63592 3.65883 3.66735 2.57993 2.33347
4.05483 4.29253 2.86351 3.48931 3.10654 3.52436 4.62945 5.19444 4.00419 3.29932
4.83596 5.12211 3.96526 4.76274 4.17513 4.32574 5.18608 5.5 5.23463 4.71997
5.27815 5.44461 5.02478 5.16236 4.84596 5.47305 5.5 5.5 5.49901 5.5
5.5 5.5 5.5 5.48581 5.36357 5.5 5.5 5.5 5.5 5.5
5.5 5.5 5.5 5.5 5.5 5.5 5.5 5.5 5.5 5.5
5.5 5.5 5.5 5.5 5.5 5.5 5.5 5.5 5.5 5.5
5.5 5.5 5.5 5.5 5.5 5.5 5.5 5.5 5.5 5.5
5.5 5.5 5.5 5.5 5.5 5.5 5.5 5.5 5.5 5.5
5.5 5.5 5.5 5.5 5.5 5.5 5.5 5.5 5.5 5.5
5.5 5.5 5.5 5.5 5.5 5.5 5.5 5.5 5.5 5.5
