1.42845 1.8143 1.2768 0.82663 1.31852 2.33184 3.33149 1.80035 2.11627 2.59158
1.43513 1.81751 1.27999 0.83142 1.32242 2.33994 3.34929 1.81563 2.12274 2.59921
1.44522 2.12807 1.28415 0.84289 1.3273 2.3699 3.39139 1.7567 2.13299 2.60719
1.45534 2.70018 1.39031 0.86243 1.34902 2.40599 3.40944 3.20479 2.14886 2.63569
1.4756 2.40168 1.55159 1.32491 1.39268 2.47333 3.49061 1.94588 2.17168 2.67231
1.52369 2.43091 1.66598 0.94021 1.45346 2.54121 3.72198 1.90849 2.21087 2.70984
1.7704 2.62314 1.83752 1.18125 1.70647 3.01372 4.09646 2.11565 2.68476 2.95615
2.85313 3.40896 3.36023 2.27938 2.35552 4.15484 4.59888 2.91112 3.44408 4.24087
3.44848 3.88741 3.51535 2.98578 3.05588 5.5 4.84406 3.8659 4.60106 4.72188
4.29172 4.69987 4.56033 3.68936 4.47753 5.43925 5.31216 4.71154 5.41725 4.97046
5.1561 5.29372 5.22947 4.37313 5.27583 5.5 5.5 5.40119 5.5 5.46504
5.5 5.5 5.41925 5.39759 5.5 5.5 5.5 5.5 5.5 5.5
5.5 5.5 5.42635 5.5 5.5 5.5 5.5 5.5 5.5 5.5
5.5 5.5 5.5 5.5 5.5 5.5 5.5 5.5 5.5 5.5
5.5 5.5 5.5 5.5 5.5 5.5 5.5 5.5 5.5 5.5
5.5 5.5 5.5 5.5 5.5 5.5 5.5 5.5 5.5 5.5
5.5 5.5 5.5 5.5 5.5 5.5 5.5 5.5 5.5 5.5
5.5 5.5 5.5 5.5 5.5 5.5 5.5 5.5 5.5 5.5
5.5 5.5 5.5 5.5 5.5 5.5 5.5 5.5 5.5 5.5
5.5 5.5 5.5 5.5 5.5 5.5 5.5 5.5 5.5 5.5
5.5 5.5 5.5 5.5 5.5 5.5 5.5 5.5 5.5 5.5
