0.03424 0.50021 0.59888 0.40632 0.61976 0.30198 0.85891 0.38604 0.18191 0.09706
0.03585 0.54366 0.59941 0.40802 0.54399 0.30695 0.8622 0.39137 0.18249 0.09151
0.04095 0.55662 0.58998 0.41008 0.62343 0.31896 0.85713 0.40364 0.18487 0.07713
0.0563 0.57678 0.61171 0.41703 0.63295 0.32258 0.86569 0.42517 0.19861 0.11521
0.07732 0.67028 0.61119 0.44106 0.64522 0.3459 0.88641 0.45199 0.21975 0.13141
0.09602 0.76374 0.61941 0.45291 0.65936 0.36121 0.83973 0.49684 0.23953 0.14531
0.1144 0.89837 0.63397 0.46916 0.68467 0.38221 0.98141 0.52684 0.25865 0.15837
0.15766 1.00323 0.64966 0.48498 0.70657 0.40795 1.01048 0.56551 0.27686 0.17913
0.31126 1.09553 0.67363 0.51484 0.72633 0.44431 1.01974 0.59848 0.2998 0.20692
0.48082 1.15554 0.71046 0.78122 0.76354 0.50875 1.14148 0.64445 0.32341 0.25812
1.34539 1.8673 1.58019 1.39193 1.2502 0.94062 1.87643 1.00102 0.75497 0.68266
3.05261 3.28613 3.13579 2.95537 2.73128 2.26608 3.21089 2.47534 2.72864 2.53677
4.01461 4.41345 3.94709 4.15408 3.90755 3.54078 4.20452 3.84679 4.08363 3.71401
4.68615 4.97908 4.61284 4.66383 4.59709 4.63543 5.04197 4.7049 4.80724 4.3139
5.30564 5.42266 5.32137 5.28994 5.24663 5.25492 5.33211 5.39063 5.429 5.11414
5.4826 5.5 5.5 5.39893 5.471 5.43671 5.47456 5.5 5.5 5.48009
5.5 5.5 5.5 5.5 5.5 5.5 5.5 5.5 5.5 5.5
5.5 5.5 5.5 5.5 5.5 5.5 5.5 5.5 5.5 5.5
5.5 5.5 5.5 5.5 5.5 5.5 5.5 5.5 5.5 5.5
5.5 5.5 5.5 5.5 5.5 5.5 5.5 5.5 5.5 5.5
5.5 5.5 5.5 5.5 5.5 5.5 5.5 5.5 5.5 5.5
