1.13716 1.60319 1.70202 2.161 2.50678 1.53773 2.72068 1.72353 1.55449 1.51956
1.1414 1.60712 1.70642 2.22598 2.52472 1.54196 2.73697 1.73345 1.56628 1.52143
1.15985 1.61309 1.71753 2.32205 2.58251 1.54817 2.7471 1.75064 1.5842 1.64842
1.16922 1.62778 1.72449 2.35948 2.6233 1.56603 2.75999 1.77172 1.60692 1.67489
1.17509 1.63685 1.69698 2.3678 2.72543 1.54887 2.78694 1.78419 1.63068 1.72937
1.19768 1.66473 1.71686 2.38969 2.77806 1.59189 2.80546 1.95801 1.65425 1.84114
1.26125 1.69967 1.74121 2.41706 2.81853 1.62229 2.84884 2.01629 1.69644 1.98885
1.39066 1.75168 1.86878 2.5009 2.94771 1.71119 2.97433 2.04129 1.75371 2.12984
2.18675 2.1107 2.27208 2.7968 3.53361 2.27481 3.46094 2.80476 2.39087 2.5568
3.14928 2.68041 2.92009 3.31773 4.21495 3.15051 4.08767 3.41384 3.06895 3.16788
3.89974 3.56194 3.90413 4.04155 4.84258 3.91394 4.69409 4.28036 4.05542 4.04831
4.49694 4.7527 5.03514 4.94616 5.4084 4.69877 5.26512 4.97249 5.08465 4.95661
4.81674 5.29426 5.37356 5.5 5.5 5.04711 5.43571 5.41659 5.39391 5.40518
5.43687 5.47216 5.4638 5.5 5.5 5.3436 5.5 5.49781 5.5 5.5
5.5 5.5 5.5 5.5 5.5 5.5 5.5 5.5 5.5 5.5
5.5 5.5 5.5 5.5 5.5 5.5 5.5 5.5 5.5 5.5
5.5 5.5 5.5 5.5 5.5 5.5 5.5 5.5 5.5 5.5
5.5 5.5 5.5 5.5 5.5 5.5 5.5 5.5 5.5 5.5
5.5 5.5 5.5 5.5 5.5 5.5 5.5 5.5 5.5 5.5
5.5 5.5 5.5 5.5 5.5 5.5 5.5 5.5 5.5 5.5
5.5 5.5 5.5 5.5 5.5 5.5 5.5 5.5 5.5 5.5
