1.62645 2.18104 2.1408 2.69809 3.05179 3.26973 4.87405 4.86221 4.59045 5.33388
1.63274 2.21083 2.14907 2.70485 3.06218 3.27439 4.88079 4.86931 4.59407 5.34213
1.63346 2.25549 2.15621 2.71138 3.07452 3.28078 4.8874 4.87457 4.60041 5.35062
1.66552 2.30038 2.14754 2.72226 2.98578 3.28643 4.8956 4.88176 4.61713 5.35661
1.78591 2.3429 2.1595 2.80183 3.02619 3.29485 4.90788 4.88782 4.62449 5.36718
1.78497 2.38702 2.19807 2.83267 3.15742 3.30382 4.92315 4.90428 4.6356 5.37833
1.84636 2.40558 2.28219 2.86463 3.25099 3.35356 4.96546 4.93007 4.64795 5.39083
1.98886 2.57013 2.43986 2.94422 3.4707 3.5337 5.04873 4.98697 4.68506 5.41168
2.27337 2.76684 2.84958 3.22834 3.83189 3.74936 5.20263 5.05561 4.75815 5.4512
2.80747 3.24457 3.60432 3.80288 4.36312 4.04075 5.36573 5.15953 4.88095 5.5
3.3384 4.07578 4.81714 4.51502 5.16621 4.42711 5.5 5.40143 5.14443 5.5
3.88195 5.20372 5.38865 5.1236 5.46776 4.76963 5.5 5.5 5.5 5.5
4.66558 5.45051 5.46668 5.48818 5.5 5.04505 5.5 5.5 5.5 5.5
5.10811 5.5 5.5 5.5 5.5 5.18862 5.5 5.5 5.5 5.5
5.46694 5.5 5.5 5.5 5.5 5.42506 5.5 5.5 5.5 5.5
5.5 5.5 5.5 5.5 5.5 5.5 5.5 5.5 5.5 5.5
5.5 5.5 5.5 5.5 5.5 5.5 5.5 5.5 5.5 5.5
5.5 5.5 5.5 5.5 5.5 5.5 5.5 5.5 5.5 5.5
5.5 5.5 5.5 5.5 5.5 5.5 5.5 5.5 5.5 5.5
5.5 5.5 5.5 5.5 5.5 5.5 5.5 5.5 5.5 5.5
5.5 5.5 5.5 5.5 5.5 5.5 5.5 5.5 5.5 5.5
