0.83996 0.96097 0.9218 0.25736 0.85014 1.23106 1.80002 0.50332 1.12189 1.9242
0.85643 0.9717 1.03121 0.25868 0.90317 1.07887 1.81501 0.50719 1.13946 1.93185
0.8854 0.98813 1.03478 0.26144 0.86295 1.25298 1.85533 0.51283 1.18758 1.94979
0.88136 0.87695 1.05074 0.27457 0.93458 1.11682 1.87414 0.53035 1.22915 2.12009
0.89686 1.04989 1.05978 0.2887 0.95812 1.14702 1.88821 0.55381 1.27167 2.21503
0.91477 1.07664 1.08888 0.30291 0.97548 1.16344 1.92176 0.57939 1.30568 2.37882
0.93713 1.10886 1.11977 0.31636 0.97366 1.20772 1.96395 0.68011 1.33835 2.52457
0.96854 1.15682 1.15816 0.33001 1.03717 1.31138 2.05658 0.63746 1.37359 2.62453
1.28079 1.21453 1.20138 0.34833 1.07843 1.34219 2.18521 0.8152 1.41121 2.75494
1.35968 1.28773 1.30128 0.36756 1.12116 1.3612 2.35596 0.87665 1.54682 2.79756
1.97033 1.64217 1.61238 0.56125 1.75708 1.41009 2.55767 0.99169 1.82666 2.89622
3.12643 3.58917 3.05353 1.91744 3.3366 2.32346 4.48879 2.2065 2.8926 3.56136
4.22782 4.30526 4.50443 3.31839 4.33907 3.52039 5.39534 3.81055 4.09041 4.1509
4.93206 4.88896 5.2557 4.65882 4.98777 4.85071 5.5 4.70874 5.15477 5.13367
5.42937 5.36314 5.5 5.19773 5.43729 5.47054 5.5 5.39407 5.5 5.5
5.5 5.5 5.5 5.48657 5.5 5.5 5.5 5.5 5.5 5.5
5.5 5.5 5.5 5.5 5.5 5.5 5.5 5.5 5.5 5.5
5.5 5.5 5.5 5.5 5.5 5.5 5.5 5.5 5.5 5.5
5.5 5.5 5.5 5.5 5.5 5.5 5.5 5.5 5.5 5.5
5.5 5.5 5.5 5.5 5.5 5.5 5.5 5.5 5.5 5.5
5.5 5.5 5.5 5.5 5.5 5.5 5.5 5.5 5.5 5.5
