1.1351 1.97393 2.77509 0.20323 1.82848 1.44483 5.5 0.83558 2.45296 2.98469
1.1391 2.09599 2.79689 0.20641 1.84078 1.44933 5.5 0.79063 2.59011 3.00514
1.15349 2.18547 2.61946 0.22978 1.84756 1.45954 5.5 0.85155 2.67088 3.1357
1.26801 2.20863 2.64578 0.2516 1.87044 1.48629 5.5 0.88026 2.79172 3.14866
1.30435 2.26323 2.69598 0.27219 1.96498 1.50595 5.5 0.93698 2.95441 3.34488
1.32757 2.34542 2.75608 0.30101 2.01982 1.53243 5.5 0.9741 2.96957 3.40147
1.36449 2.45476 2.88571 0.32929 2.07955 1.58528 5.5 1.01446 3.09835 3.633
1.45011 2.52136 3.16194 0.17765 2.17858 1.67056 5.5 1.07316 3.38564 3.66872
1.53493 2.58896 3.41063 0.21839 2.28847 1.85511 5.5 1.23583 3.67156 3.69435
1.84225 2.72491 3.96873 0.29488 2.53395 2.17526 5.5 1.67794 3.80879 3.74073
2.91851 3.99369 4.58952 1.19442 4.27926 3.16954 5.5 2.65864 4.35804 4.14546
4.69727 4.95938 5.41278 3.14532 5.5 5.28275 5.5 5.5 5.5 5.38909
5.339 5.5 5.5 4.56075 5.5 5.5 5.5 5.5 5.5 5.5
5.5 5.5 5.5 5.5 5.5 5.5 5.5 5.5 5.5 5.5
5.5 5.5 5.5 5.5 5.5 5.5 5.5 5.5 5.5 5.5
5.5 5.5 5.5 5.5 5.5 5.5 5.5 5.5 5.5 5.5
5.5 5.5 5.5 5.5 5.5 5.5 5.5 5.5 5.5 5.5
5.5 5.5 5.5 5.5 5.5 5.5 5.5 5.5 5.5 5.5
5.5 5.5 5.5 5.5 5.5 5.5 5.5 5.5 5.5 5.5
5.5 5.5 5.5 5.5 5.5 5.5 5.5 5.5 5.5 5.5
5.5 5.5 5.5 5.5 5.5 5.5 5.5 5.5 5.5 5.5
