1.9336 2.49609 1.32151 1.75564 1.31214 3.76241 2.23222 2.30994 2.58386 1.96402
1.93449 2.51843 1.32531 1.76094 1.31816 3.76862 2.2388 2.31874 2.63755 1.96969
1.95159 2.43451 1.32922 1.76962 1.30974 3.77601 2.24683 2.32205 2.70095 2.01898
1.95963 2.5637 1.33 1.79396 1.34337 3.78403 2.25897 2.34847 2.76537 2.04541
1.95789 2.48617 1.36155 1.82378 1.46197 3.79098 2.27685 2.39147 2.94366 2.06381
1.96994 2.52218 1.37238 1.85281 1.50158 3.79611 2.29861 2.43885 3.01466 2.10748
1.99718 2.58654 1.37555 1.88545 1.55638 3.81214 2.32567 2.49203 3.09324 2.14422
2.04166 2.68006 1.40192 1.93199 1.62467 3.84694 2.35475 2.51676 3.18122 2.2454
2.09188 2.82983 1.43634 2.00661 1.71362 3.88714 2.37827 2.54336 3.31139 2.30435
2.49248 3.2467 1.46913 2.13431 1.9038 3.96655 2.4075 2.61053 3.56667 2.39369
2.90912 3.89517 1.73226 2.88122 2.48601 4.26658 2.70602 2.72082 3.89768 2.60241
3.88708 4.81004 2.87417 4.48799 4.13354 4.91154 3.89336 3.99493 4.69633 3.972
4.85924 5.44988 3.87565 5.3481 5.2153 5.28674 4.82849 4.99649 5.18947 4.81112
5.38062 5.5 4.552 5.42203 5.49554 5.36243 5.44185 5.39217 5.5 5.3959
5.5 5.5 5.02112 5.5 5.5 5.5 5.5 5.5 5.5 5.5
5.5 5.5 5.35122 5.5 5.5 5.5 5.5 5.5 5.5 5.5
5.5 5.5 5.5 5.5 5.5 5.5 5.5 5.5 5.5 5.5
5.5 5.5 5.5 5.5 5.5 5.5 5.5 5.5 5.5 5.5
5.5 5.5 5.5 5.5 5.5 5.5 5.5 5.5 5.5 5.5
5.5 5.5 5.5 5.5 5.5 5.5 5.5 5.5 5.5 5.5
5.5 5.5 5.5 5.5 5.5 5.5 5.5 5.5 5.5 5.5
