2.29306 2.2159 1.4357 1.56402 1.61532 4.88885 4.07921 4.16724 2.48361 4.53566
2.30411 2.22925 1.43985 1.56868 1.64753 4.89524 4.08353 4.17176 2.51923 4.53674
2.32732 2.2506 1.44391 1.56342 1.72167 4.90943 4.08842 4.1767 2.57414 4.53737
2.39127 2.35877 1.44839 1.56754 1.81944 4.94409 4.09372 4.18201 2.63731 4.53834
2.48912 2.72751 1.43958 1.61242 1.88477 4.98184 4.10041 4.18795 2.70457 4.53972
2.83468 2.80311 1.45269 1.59914 1.9463 5.01876 4.11419 3.96352 2.77096 4.54609
2.96221 2.89968 1.48652 1.63046 1.94053 5.03926 4.13409 4.21062 2.9085 4.55843
3.22493 3.05036 1.56027 1.7844 2.12584 5.07531 4.1824 4.25784 3.07935 4.58801
3.5499 3.4206 1.80752 1.98947 2.4606 5.15239 4.2765 4.39339 3.74145 4.64192
4.2069 4.08644 2.3426 2.37023 3.19392 5.3288 4.47945 4.73878 4.1911 4.74925
4.81266 4.75853 3.34072 3.01152 3.97133 5.5 4.82022 5.12421 4.82125 4.89189
5.18784 5.17491 4.09691 3.81768 4.72347 5.5 5.14118 5.5 5.22286 5.20846
5.5 5.31645 4.57834 4.35223 5.31933 5.5 5.29847 5.5 5.5 5.5
5.5 5.48581 5.06736 4.92098 5.5 5.5 5.47129 5.5 5.5 5.5
5.5 5.5 5.5 5.4796 5.5 5.5 5.5 5.5 5.5 5.5
5.5 5.5 5.5 5.5 5.5 5.5 5.5 5.5 5.5 5.5
5.5 5.5 5.5 5.5 5.5 5.5 5.5 5.5 5.5 5.5
5.5 5.5 5.5 5.5 5.5 5.5 5.5 5.5 5.5 5.5
5.5 5.5 5.5 5.5 5.5 5.5 5.5 5.5 5.5 5.5
5.5 5.5 5.5 5.5 5.5 5.5 5.5 5.5 5.5 5.5
5.5 5.5 5.5 5.5 5.5 5.5 5.5 5.5 5.5 5.5
