1.66642 1.46909 0.94951 1.11849 0.76174 1.18494 1.09888 0.82717 0.90121 0.68777
1.67557 1.46583 0.93628 1.12358 0.76272 1.21853 1.10956 0.86275 0.90939 0.7248
1.70375 1.55948 0.96009 1.12761 0.76566 1.21844 1.12324 0.90504 0.91957 0.73873
1.70278 1.58304 0.99107 1.13887 0.77464 1.2056 1.15163 0.92076 0.95294 0.75145
1.72078 1.62213 1.00458 1.15699 0.79716 1.25183 1.17078 0.93523 0.9694 0.77217
1.74406 1.58314 1.02209 1.17381 0.81404 1.26992 1.37998 1.00219 0.99671 0.79354
1.76976 1.68765 1.04522 1.1921 0.83047 1.32677 1.49178 1.03721 1.09762 0.81635
1.80937 1.66561 1.06943 1.2326 0.85242 1.33526 1.513 1.08847 1.15127 0.84651
1.84988 1.82613 1.09339 1.32435 0.88185 1.40865 1.56247 1.18687 1.52127 0.94042
2.11818 1.94803 1.14321 1.44999 1.13667 1.54076 1.62155 1.4556 1.7278 0.99768
3.08199 3.05489 1.80163 2.22817 2.29548 2.50048 2.3058 2.10742 2.2155 1.35179
4.4627 4.48657 2.98211 3.79845 3.37229 3.8814 3.61118 3.43196 3.59393 2.64876
5.19514 4.98555 4.41373 4.73161 4.22887 4.44327 4.72254 4.26486 4.69031 3.86627
5.4519 5.5 4.90285 5.24001 4.92147 5.05309 5.17205 4.87137 5.19451 4.69598
5.5 5.5 5.16357 5.4981 5.33745 5.22302 5.36657 5.36339 5.49396 5.3159
5.5 5.5 5.41729 5.5 5.5 5.43634 5.5 5.39065 5.5 5.5
5.5 5.5 5.5 5.5 5.5 5.5 5.5 5.39153 5.5 5.5
5.5 5.5 5.5 5.5 5.5 5.5 5.5 5.39241 5.5 5.5
5.5 5.5 5.5 5.5 5.5 5.5 5.5 5.3933 5.5 5.5
5.5 5.5 5.5 5.5 5.5 5.5 5.5 5.39419 5.5 5.5
5.5 5.5 5.5 5.5 5.5 5.5 5.5 5.39509 5.5 5.5
