2.0186 1.51082 0.80807 1.64551 0.97857 2.79919 2.7772 3.36618 1.13407 4.06667
2.02539 1.51901 0.81367 1.65935 0.98198 2.83746 2.78517 3.37157 1.16291 4.07944
2.04112 1.53442 0.81756 1.70197 0.98691 2.91491 2.79592 3.38915 1.17484 4.00842
2.06634 1.57631 0.82402 1.79814 0.99249 3.37686 2.805 3.39486 1.18494 4.0928
2.03577 1.60948 0.89802 1.80797 1.00085 3.43626 2.76014 3.4024 1.24314 4.19491
2.08423 1.66813 0.95292 1.83724 1.01145 3.52652 2.76713 3.42402 1.22385 4.26433
2.14627 1.73823 1.00406 1.85737 1.03002 3.63284 2.77339 3.44068 1.2532 4.38682
2.29313 1.8716 1.21171 1.98881 1.13102 3.79269 2.8822 3.44945 1.33068 4.56916
2.66959 2.2045 1.41852 2.28299 1.40803 3.92952 3.12506 3.5546 1.48906 4.76327
3.23832 2.76886 1.9214 2.89294 2.02102 4.31968 3.61966 3.71727 2.11087 4.9693
4.01003 3.50138 2.66096 3.6174 2.87968 4.72707 4.01655 3.9844 2.71978 4.988
4.52054 4.28813 3.81583 4.39758 3.81414 5.0324 4.55432 4.37946 3.24667 5.14152
4.92063 4.98731 4.70445 4.90054 4.5009 5.14993 5.14046 5.04274 4.10611 5.46364
5.38736 5.30372 5.07672 5.31526 5.09649 5.35165 5.5 5.5 4.96683 5.5
5.5 5.44439 5.45545 5.5 5.5 5.48836 5.5 5.5 5.1499 5.5
5.5 5.5 5.5 5.5 5.5 5.48995 5.5 5.5 5.5 5.5
5.5 5.5 5.5 5.5 5.5 5.49155 5.5 5.5 5.5 5.5
5.5 5.5 5.5 5.5 5.5 5.49315 5.5 5.5 5.5 5.5
5.5 5.5 5.5 5.5 5.5 5.49474 5.5 5.5 5.5 5.5
5.5 5.5 5.5 5.5 5.5 5.49633 5.5 5.5 5.5 5.5
5.5 5.5 5.5 5.5 5.5 5.49793 5.5 5.5 5.5 5.5
