1.53612 1.34464 1.17222 0.48723 1.19585 1.32649 4.16779 2.12646 2.0739 2.89572
1.54175 1.34791 1.1807 0.48946 1.21026 1.33074 4.20125 2.14662 2.07595 2.89594
1.64872 1.35177 1.18111 0.49232 1.22121 1.33915 4.3093 2.16498 2.07942 2.91337
1.56021 1.36075 1.19893 0.50373 1.23419 1.38935 4.63013 2.20162 2.04102 2.93836
1.88551 1.39068 1.22979 0.51727 1.25259 1.40789 4.73979 2.31033 2.09077 2.96494
1.95422 1.41877 1.26877 0.53962 1.26797 1.48834 4.797 2.38657 2.15967 2.99364
2.05618 1.45878 1.36416 0.56541 1.32018 1.62009 4.89976 2.4937 2.24069 3.0319
2.37409 2.23568 1.96158 1.10964 1.81929 2.11731 5.46646 3.3477 3.11517 3.38547
3.06394 3.14151 2.6846 1.71125 2.5409 3.01031 5.5 4.16766 4.12286 3.89824
4.44474 4.27843 3.56035 2.33036 3.57304 4.12638 5.5 5.46902 5.47012 4.65674
5.2884 4.90052 4.20308 3.25608 4.82809 4.94382 5.5 5.5 5.5 4.9955
5.5 5.35753 4.79542 4.0513 5.24223 5.30483 5.5 5.5 5.5 5.5
5.5 5.5 5.39773 4.55751 5.5 5.5 5.5 5.5 5.5 5.5
5.5 5.5 5.5 5.30264 5.5 5.5 5.5 5.5 5.5 5.5
5.5 5.5 5.5 5.5 5.5 5.5 5.5 5.5 5.5 5.5
5.5 5.5 5.5 5.5 5.5 5.5 5.5 5.5 5.5 5.5
5.5 5.5 5.5 5.5 5.5 5.5 5.5 5.5 5.5 5.5
5.5 5.5 5.5 5.5 5.5 5.5 5.5 5.5 5.5 5.5
5.5 5.5 5.5 5.5 5.5 5.5 5.5 5.5 5.5 5.5
5.5 5.5 5.5 5.5 5.5 5.5 5.5 5.5 5.5 5.5
5.5 5.5 5.5 5.5 5.5 5.5 5.5 5.5 5.5 5.5
