2.30192 2.28957 0.65521 1.80046 1.00502 2.4634 2.04737 2.19908 4.30689 1.69951
2.30389 2.29684 0.65139 1.81625 1.00765 2.49073 2.05413 2.20978 4.19477 1.70558
2.31739 2.30669 0.67964 1.85631 1.01048 2.59789 2.06231 2.22688 4.22346 1.70994
2.32812 2.32024 0.68031 1.91835 1.0147 2.65597 2.079 2.25471 4.26406 1.7163
2.35124 2.59769 0.67978 1.9779 1.0212 2.67922 2.10439 2.28695 4.34767 1.72295
2.41874 2.51082 0.71675 2.02662 1.03818 2.77423 2.16128 2.37033 4.48964 1.69701
2.46482 2.72419 0.76291 2.06456 1.06932 2.85746 2.20095 2.48536 4.7109 1.71764
2.72553 2.95997 0.83077 2.1676 1.16189 3.59185 2.30568 2.69655 4.90634 1.82631
3.09063 3.66472 1.03911 2.4919 1.33752 3.80203 2.65245 3.12119 5.15324 2.02956
3.64625 4.3484 1.30732 2.81718 1.65191 4.21717 3.23203 3.82742 5.43279 2.68079
4.70091 4.84086 1.79603 3.69231 2.16675 4.55661 3.82896 4.66528 5.5 3.45954
5.2044 5.20855 2.75473 4.76258 2.99195 4.99841 4.38998 5.34576 5.5 4.68812
5.4077 5.5 3.97625 5.32234 3.90287 5.25732 5.27234 5.5 5.5 5.35127
5.5 5.5 4.70963 5.5 4.71102 5.34639 5.5 5.5 5.5 5.5
5.5 5.5 5.0531 5.5 5.35677 5.5 5.5 5.5 5.5 5.5
5.5 5.5 5.22696 5.5 5.5 5.5 5.5 5.5 5.5 5.5
5.5 5.5 5.5 5.5 5.5 5.5 5.5 5.5 5.5 5.5
5.5 5.5 5.5 5.5 5.5 5.5 5.5 5.5 5.5 5.5
5.5 5.5 5.5 5.5 5.5 5.5 5.5 5.5 5.5 5.5
5.5 5.5 5.5 5.5 5.5 5.5 5.5 5.5 5.5 5.5
5.5 5.5 5.5 5.5 5.5 5.5 5.5 5.5 5.5 5.5
