0.89677 1.49377 1.25084 0.91107 1.04056 1.14874 2.3495 3.27554 2.02904 2.42797
0.9003 1.55461 1.2573 0.9102 1.04581 1.14573 2.35996 3.29197 2.06444 2.43613
0.90646 1.56091 1.28224 0.91656 1.05089 1.23991 2.37407 3.30819 2.22896 2.44602
0.91683 1.55838 1.32055 0.9297 1.06551 1.30467 2.39918 3.33993 2.33009 2.45902
0.92846 1.58848 1.3475 0.94939 1.08198 1.40482 2.40158 3.36667 2.44622 2.47424
0.94168 1.64053 1.40075 0.96842 1.10125 1.47279 2.4356 3.39291 2.59143 2.50577
0.95987 1.67408 1.43123 0.99342 1.12347 1.70089 2.52802 3.42032 2.65357 2.53963
0.86529 1.72192 1.47817 1.02279 1.15627 1.86109 2.60956 3.44512 2.77541 2.58016
1.22912 1.82804 1.53434 1.05987 1.23935 1.99354 2.73647 3.52959 2.89464 2.65
1.46066 1.77238 1.63395 1.12157 1.39113 2.10829 2.85447 3.58729 3.08557 2.72346
1.7647 2.46012 2.00871 1.55446 1.89105 2.53101 2.97432 3.76832 3.56113 3.12962
3.06936 3.80075 2.98802 3.11021 3.55542 3.47348 4.10441 4.55044 5.01271 4.37764
4.03565 4.47065 4.25541 4.31201 4.80586 4.45432 5.16649 5.5 5.17 5.08606
4.86871 5.36185 4.96922 4.88687 5.1546 5.08728 5.5 5.5 5.5 5.32803
5.27829 5.5 5.41552 5.369 5.47593 5.5 5.5 5.5 5.5 5.5
5.5 5.5 5.5 5.5 5.5 5.5 5.5 5.5 5.5 5.5
5.5 5.5 5.5 5.5 5.5 5.5 5.5 5.5 5.5 5.5
5.5 5.5 5.5 5.5 5.5 5.5 5.5 5.5 5.5 5.5
5.5 5.5 5.5 5.5 5.5 5.5 5.5 5.5 5.5 5.5
5.5 5.5 5.5 5.5 5.5 5.5 5.5 5.5 5.5 5.5
5.5 5.5 5.5 5.5 5.5 5.5 5.5 5.5 5.5 5.5
