0.31584 2.39635 2.11677 0.90356 0.73074 1.78828 5.49211 3.24395 1.42449 2.77278
0.35466 2.41147 2.17336 0.91114 0.74269 1.97838 5.497 3.25337 1.43942 2.79078
0.32296 2.44384 2.25867 1.03071 0.72641 1.99966 5.5 3.24986 1.50478 2.78736
0.376 2.56314 2.23591 0.95404 0.75294 2.03466 5.5 3.27598 1.35414 2.8631
0.42039 2.855 2.27744 0.96916 0.74679 2.14098 5.5 3.43804 1.46017 2.91342
0.51044 3.05675 2.38276 1.09104 0.76006 2.22454 5.5 3.46999 1.5112 3.01669
0.6205 3.24175 2.48546 1.15201 0.80241 2.31761 5.5 3.5106 1.64516 3.12062
0.74451 3.3744 2.59305 1.29542 0.8443 2.42332 5.5 3.67775 1.86267 3.25522
0.99048 3.48579 2.91472 1.47837 1.0508 2.5724 5.5 3.80389 2.93203 3.56588
1.78986 3.70328 3.63884 2.03413 1.86712 3.05146 5.5 4.137 3.46915 4.87935
3.73639 5.06702 5.34142 3.4085 3.33571 4.58709 5.5 5.5 5.49661 5.5
5.5 5.5 5.5 5.15379 4.9445 5.5 5.5 5.5 5.5 5.5
5.5 5.5 5.5 5.5 5.5 5.5 5.5 5.5 5.5 5.5
5.5 5.5 5.5 5.5 5.5 5.5 5.5 5.5 5.5 5.5
5.5 5.5 5.5 5.5 5.5 5.5 5.5 5.5 5.5 5.5
5.5 5.5 5.5 5.5 5.5 5.5 5.5 5.5 5.5 5.5
5.5 5.5 5.5 5.5 5.5 5.5 5.5 5.5 5.5 5.5
5.5 5.5 5.5 5.5 5.5 5.5 5.5 5.5 5.5 5.5
5.5 5.5 5.5 5.5 5.5 5.5 5.5 5.5 5.5 5.5
5.5 5.5 5.5 5.5 5.5 5.5 5.5 5.5 5.5 5.5
5.5 5.5 5.5 5.5 5.5 5.5 5.5 5.5 5.5 5.5
