0.97966 0.94876 0.90278 0.73677 1.14743 1.16742 2.22318 2.11267 2.5495 2.81294
0.98328 0.95254 0.94686 0.7403 1.15072 1.17431 2.25124 2.13361 2.59158 2.81802
0.98872 0.95696 0.97095 0.74665 1.15486 1.18322 2.26404 2.16543 2.61963 2.82299
1.00027 0.9619 1.00248 0.75572 1.16003 1.19588 2.3068 2.17692 2.64076 2.84193
1.01416 0.99645 1.05138 0.77109 1.16759 1.22637 2.34387 2.19117 2.66761 2.91108
1.0326 1.01073 1.06848 0.78234 1.17667 1.32283 2.72526 2.21137 2.71977 2.96108
1.05769 1.00179 1.16101 0.80458 1.20331 1.4531 2.80604 2.23888 2.77693 2.972
1.13084 1.12362 1.32771 0.90287 1.29178 1.60291 3.0634 2.31882 2.92791 3.01215
1.40626 1.4199 1.62458 1.19704 1.54645 1.88982 3.27323 2.53087 3.20387 3.14384
1.96664 1.9941 2.26687 1.7572 2.0591 2.42071 3.62942 3.16529 3.69863 3.40339
2.6992 2.87095 3.17075 2.65542 2.84035 3.12986 4.15898 4.043 4.51628 3.74937
3.48735 3.87814 4.02974 3.53718 3.84246 3.94739 4.73215 5.25887 4.96485 4.00163
4.3968 4.54523 4.68922 4.18726 4.60084 4.66911 5.38766 5.5 5.3601 4.28418
4.86589 5.13179 5.02845 4.66472 5.08633 5.24867 5.5 5.5 5.5 4.64674
5.27211 5.5 5.45684 5.35973 5.45243 5.5 5.5 5.5 5.5 5.09661
5.5 5.5 5.5 5.5 5.5 5.5 5.5 5.5 5.5 5.49548
5.5 5.5 5.5 5.5 5.5 5.5 5.5 5.5 5.5 5.5
5.5 5.5 5.5 5.5 5.5 5.5 5.5 5.5 5.5 5.5
5.5 5.5 5.5 5.5 5.5 5.5 5.5 5.5 5.5 5.5
5.5 5.5 5.5 5.5 5.5 5.5 5.5 5.5 5.5 5.5
5.5 5.5 5.5 5.5 5.5 5.5 5.5 5.5 5.5 5.5
