2.15429 1.83586 0.94689 1.73384 0.98584 3.48905 2.45775 4.40029 2.00832 2.47559
2.16007 1.89069 0.94982 1.7398 0.99419 3.5191 2.46882 4.40464 2.01811 2.50667
2.17 1.87417 0.95266 1.73762 0.99745 3.5677 2.553 4.40803 2.02859 2.49444
2.1801 1.91851 0.9566 1.78743 0.97675 3.62838 2.56003 4.41289 2.04187 2.77436
2.22664 2.11079 0.96457 1.78655 0.96798 3.70557 2.6095 4.4179 2.06547 2.81215
2.35552 2.07732 0.97757 1.79843 1.00444 3.79377 2.67388 4.42869 2.15399 2.86546
2.53653 2.30537 1.00623 1.81062 1.03448 3.88517 2.76383 4.43988 2.28729 2.94154
2.76797 2.54241 1.12318 1.98925 1.12278 4.03185 2.86094 4.48675 2.47646 3.12678
3.2712 2.8957 1.4505 2.30126 1.48351 4.2979 3.18736 4.6543 2.84935 3.60279
3.86756 3.58727 2.003 2.78719 1.98892 4.54882 3.6744 4.95873 3.45386 4.14986
4.64176 4.41099 2.70616 3.40138 2.72701 4.87972 4.29023 5.32753 4.19782 4.55587
5.02073 4.8205 3.58197 4.14604 3.77365 5.27429 4.63375 5.5 4.94576 4.73045
5.44645 5.14579 4.46392 4.6936 4.59422 5.5 5.15507 5.5 5.5 4.89781
5.5 5.3148 5.04533 5.22206 5.01307 5.5 5.37187 5.5 5.5 5.37062
5.5 5.5 5.43368 5.5 5.39861 5.5 5.5 5.5 5.5 5.5
5.5 5.5 5.5 5.5 5.5 5.5 5.5 5.5 5.5 5.5
5.5 5.5 5.5 5.5 5.5 5.5 5.5 5.5 5.5 5.5
5.5 5.5 5.5 5.5 5.5 5.5 5.5 5.5 5.5 5.5
5.5 5.5 5.5 5.5 5.5 5.5 5.5 5.5 5.5 5.5
5.5 5.5 5.5 5.5 5.5 5.5 5.5 5.5 5.5 5.5
5.5 5.5 5.5 5.5 5.5 5.5 5.5 5.5 5.5 5.5
