1.21065 1.49226 0.40762 0.96644 0.69821 0.77223 0.38195 0.64458 0.71774 0.64337
1.21785 1.50028 0.41678 0.98536 0.69891 0.77476 0.3872 0.68015 0.72134 0.6383
1.22277 1.54384 0.42265 1.00172 0.70325 0.63018 0.39518 0.6981 0.72509 0.62157
1.25387 1.55738 0.45086 1.03001 0.71249 0.79141 0.41499 0.70813 0.73973 0.62811
1.27271 1.57919 0.47593 1.05258 0.72393 0.80668 0.44544 0.71988 0.75636 0.63759
1.29197 1.5976 0.49085 0.9127 0.73482 0.81947 0.4823 0.80227 0.77175 0.64852
1.31915 1.62396 0.50314 0.94571 0.75036 0.83477 0.78305 0.87188 0.79111 0.66231
1.37786 1.65795 0.53846 0.96974 0.76942 0.85292 0.91537 0.93953 0.81545 0.67882
1.6934 1.78385 0.57991 1.00778 0.81814 0.88897 0.97358 1.03556 0.87426 0.69655
2.12831 2.12111 0.61749 1.1113 0.88179 0.9524 1.0055 1.18871 0.98482 0.72876
2.81849 2.96586 1.02846 1.30915 1.15527 1.97404 1.70292 1.7248 1.55675 1.2572
4.12685 4.35553 2.65502 2.78354 2.73658 3.33597 3.00821 2.94452 3.38165 2.59663
4.97976 5.10802 3.65627 4.48772 4.01418 4.35505 4.50628 4.17443 4.45674 3.69774
5.33024 5.44561 4.43823 5.09717 4.80892 4.83906 5.01641 4.80314 4.90791 4.52164
5.46633 5.5 5.20395 5.44742 5.35242 5.35759 5.46499 5.32051 5.44549 5.18945
5.5 5.5 5.38084 5.5 5.5 5.48737 5.5 5.46518 5.5 5.48269
5.5 5.5 5.5 5.5 5.5 5.5 5.5 5.5 5.5 5.5
5.5 5.5 5.5 5.5 5.5 5.5 5.5 5.5 5.5 5.5
5.5 5.5 5.5 5.5 5.5 5.5 5.5 5.5 5.5 5.5
5.5 5.5 5.5 5.5 5.5 5.5 5.5 5.5 5.5 5.5
5.5 5.5 5.5 5.5 5.5 5.5 5.5 5.5 5.5 5.5
