0.65391 0.47296 0.79868 0.97379 0.81953 2.8114 3.89707 4.45889 3.8983 2.99827
0.65752 0.47606 0.80109 0.97822 0.8231 2.81939 3.90716 4.4823 3.90916 3.00357
0.66314 0.49549 0.79919 0.98364 0.88617 2.82855 3.94125 4.53742 3.93071 3.00689
0.67316 0.51715 0.80756 0.99943 0.88365 2.87008 3.95678 4.61536 3.95756 3.01496
0.6899 0.54531 0.82366 1.03199 0.90407 2.85966 3.98523 4.71818 3.98933 3.04125
0.72491 0.59147 0.84215 1.07896 0.95827 2.90166 4.08133 4.83466 4.02793 3.07949
0.82727 0.65539 0.87003 1.2184 1.00483 2.93636 4.477 4.94776 4.08593 3.12183
1.31108 1.12033 1.4289 2.01107 1.71702 3.46525 4.79009 5.34084 4.56279 3.49419
2.12226 1.79838 2.31164 3.00401 2.54417 4.37398 5.09784 5.5 5.31417 4.01754
3.11635 2.49999 3.16002 3.98434 3.57422 4.97142 5.5 5.5 5.5 4.73707
3.95084 3.48558 4.02139 4.73362 4.29134 5.29432 5.5 5.5 5.5 5.25879
4.72142 4.41047 4.45645 5.18583 4.97744 5.4073 5.5 5.5 5.5 5.5
5.3963 5.33574 5.00944 5.43907 5.34942 5.5 5.5 5.5 5.5 5.5
5.5 5.5 5.41973 5.5 5.5 5.5 5.5 5.5 5.5 5.5
5.5 5.5 5.5 5.5 5.5 5.5 5.5 5.5 5.5 5.5
5.5 5.5 5.5 5.5 5.5 5.5 5.5 5.5 5.5 5.5
5.5 5.5 5.5 5.5 5.5 5.5 5.5 5.5 5.5 5.5
5.5 5.5 5.5 5.5 5.5 5.5 5.5 5.5 5.5 5.5
5.5 5.5 5.5 5.5 5.5 5.5 5.5 5.5 5.5 5.5
5.5 5.5 5.5 5.5 5.5 5.5 5.5 5.5 5.5 5.5
5.5 5.5 5.5 5.5 5.5 5.5 5.5 5.5 5.5 5.5
