3.70258 3.63406 3.38314 3.44988 3.2624 5.5 5.2828 5.40269 5.43535 5.28357
3.71799 3.6431 3.42393 3.46318 3.27457 5.5 5.28582 5.40494 5.4368 5.2886
3.72582 3.6576 3.43039 3.48497 3.28955 5.5 5.28907 5.40755 5.43829 5.29376
3.73903 3.67779 3.43737 3.5252 3.30431 5.5 5.29257 5.41044 5.43994 5.29955
3.76114 3.70567 3.44626 3.57316 3.32767 5.5 5.29652 5.41676 5.44213 5.3069
3.79752 3.74789 3.54981 3.62751 3.34652 5.5 5.30106 5.43084 5.4452 5.31524
3.86096 3.8077 3.57498 3.68342 3.37699 5.5 5.30972 5.44999 5.4479 5.32366
4.0126 3.87805 3.62187 3.75501 3.47584 5.5 5.33254 5.47431 5.45467 5.35219
4.42099 4.25865 4.02235 4.23951 3.88773 5.5 5.45496 5.49826 5.4953 5.48351
4.94431 4.8006 4.58058 4.8877 4.52591 5.5 5.5 5.5 5.5 5.5
5.24529 5.23863 5.17872 5.23519 5.36872 5.5 5.5 5.5 5.5 5.5
5.38446 5.4634 5.475 5.47389 5.5 5.5 5.5 5.5 5.5 5.5
5.5 5.5 5.5 5.5 5.5 5.5 5.5 5.5 5.5 5.5
5.5 5.5 5.5 5.5 5.5 5.5 5.5 5.5 5.5 5.5
5.5 5.5 5.5 5.5 5.5 5.5 5.5 5.5 5.5 5.5
5.5 5.5 5.5 5.5 5.5 5.5 5.5 5.5 5.5 5.5
5.5 5.5 5.5 5.5 5.5 5.5 5.5 5.5 5.5 5.5
5.5 5.5 5.5 5.5 5.5 5.5 5.5 5.5 5.5 5.5
5.5 5.5 5.5 5.5 5.5 5.5 5.5 5.5 5.5 5.5
5.5 5.5 5.5 5.5 5.5 5.5 5.5 5.5 5.5 5.5
5.5 5.5 5.5 5.5 5.5 5.5 5.5 5.5 5.5 5.5
