2.64423 2.54043 1.07295 2.43551 1.48427 4.76971 3.50496 2.64681 4.08486 3.03199
2.6449 2.55503 1.08882 2.44422 1.48888 4.77331 3.50929 2.68615 4.10169 3.06301
2.66415 2.58899 1.09404 2.45395 1.49544 4.77641 3.51534 2.76858 4.11641 3.10171
2.69679 2.62653 1.09729 2.46596 1.50613 4.78017 3.5236 2.83612 4.13836 3.24155
2.72303 2.79361 1.17959 2.52816 1.52426 4.78614 3.5293 2.88373 4.16588 3.28234
2.73873 2.85614 1.19013 2.56015 1.55457 4.79577 3.53534 2.94259 4.17153 3.32642
2.82038 2.93155 1.20525 2.55206 1.59383 4.81065 3.5458 3.00134 4.28928 3.36752
2.89244 3.29032 1.28361 2.92655 1.7186 4.88858 3.58642 3.12757 4.5848 3.488
3.30619 3.71967 1.50278 3.15737 2.03211 4.96672 3.67132 3.29052 4.80212 3.71079
3.86938 4.4499 2.00727 3.58478 2.6537 5.11267 3.85125 3.62815 5.11963 4.36174
4.47724 5.04037 2.68037 4.30947 3.40761 5.235 4.10743 4.38217 5.46449 5.28293
4.84247 5.41379 3.52807 4.91664 4.19019 5.42185 4.70755 4.93318 5.5 5.5
5.22247 5.5 4.51068 5.43967 4.66059 5.5 5.5 5.5 5.5 5.5
5.5 5.5 5.03482 5.5 5.30289 5.5 5.5 5.5 5.5 5.5
5.5 5.5 5.37021 5.5 5.5 5.5 5.5 5.5 5.5 5.5
5.5 5.5 5.5 5.5 5.5 5.5 5.5 5.5 5.5 5.5
5.5 5.5 5.5 5.5 5.5 5.5 5.5 5.5 5.5 5.5
5.5 5.5 5.5 5.5 5.5 5.5 5.5 5.5 5.5 5.5
5.5 5.5 5.5 5.5 5.5 5.5 5.5 5.5 5.5 5.5
5.5 5.5 5.5 5.5 5.5 5.5 5.5 5.5 5.5 5.5
5.5 5.5 5.5 5.5 5.5 5.5 5.5 5.5 5.5 5.5
