0.50483 1.64954 0.64937 1.02885 1.01684 1.96585 2.8348 2.49152 2.7705 0.76753
0.50754 1.65159 0.65157 1.03877 1.02038 1.97708 2.83989 2.55765 2.7853 0.77205
0.51404 1.72584 0.64937 1.04457 1.0234 1.99406 2.84527 2.57143 2.83545 0.77811
0.53023 1.79347 0.65354 1.04446 1.02625 2.02484 2.85146 2.58453 2.89962 0.78987
0.54988 1.89771 0.64626 1.05852 1.03038 2.07829 2.96772 2.61328 2.97723 0.7922
0.63267 1.94457 0.66097 1.07978 1.03794 2.16137 3.21231 2.62779 3.08864 0.84683
0.75591 1.96373 0.68145 1.19278 1.06666 2.23908 3.25549 2.67392 3.21261 0.89876
0.89104 2.19518 0.79505 1.27261 1.14388 2.42396 3.30405 2.79629 3.45578 1.01723
1.10215 2.49517 1.07169 1.6611 1.31047 2.86497 3.44096 3.12444 3.97986 1.32106
1.51855 3.12612 1.57272 2.3346 1.7345 3.23904 3.69605 3.69945 4.80704 1.781
2.1732 4.08211 2.23934 3.15582 2.41987 4.22515 4.01495 4.49329 5.5 2.45759
3.15251 4.92734 3.16154 4.09659 3.41376 5.09732 4.61376 5.07478 5.5 4.2166
4.51658 5.31502 4.06055 4.75395 4.20042 5.45642 5.39358 5.5 5.5 4.99549
5.38563 5.5 4.77229 5.01918 4.72612 5.5 5.5 5.5 5.5 5.5
5.5 5.5 5.33755 5.41403 5.26904 5.5 5.5 5.5 5.5 5.5
5.5 5.5 5.5 5.5 5.5 5.5 5.5 5.5 5.5 5.5
5.5 5.5 5.5 5.5 5.5 5.5 5.5 5.5 5.5 5.5
5.5 5.5 5.5 5.5 5.5 5.5 5.5 5.5 5.5 5.5
5.5 5.5 5.5 5.5 5.5 5.5 5.5 5.5 5.5 5.5
5.5 5.5 5.5 5.5 5.5 5.5 5.5 5.5 5.5 5.5
5.5 5.5 5.5 5.5 5.5 5.5 5.5 5.5 5.5 5.5
