0.54046 1.09327 1.2614 0.68468 0.70005 2.07105 2.93959 2.87008 1.53023 1.16213
0.54992 1.10722 1.26549 0.68691 0.70288 2.08464 2.97098 2.79461 1.5529 1.17593
0.52636 1.1663 1.25229 0.69414 0.70695 2.10779 2.96943 2.96584 1.63284 1.15329
0.67041 1.12336 1.28361 0.59927 0.71836 2.07806 3.07321 3.03046 1.57105 1.27156
0.72521 1.22331 1.30087 0.72599 0.73708 2.17336 3.09569 3.05764 1.66476 1.28883
0.77733 1.27861 1.32199 0.74054 0.75196 2.22281 3.13913 3.10066 1.70885 1.30833
0.83605 1.35545 1.34143 0.75991 0.76814 2.25727 3.26183 3.20387 1.75047 1.38256
0.93018 1.44156 1.4368 0.79156 0.78284 2.31867 3.50972 3.27663 1.8189 1.42268
1.00901 1.55029 1.47689 0.84311 0.80868 2.4112 3.6768 3.34998 2.05103 1.44314
1.11506 1.70599 1.56819 0.91454 0.85822 2.35813 3.75634 3.44322 1.94655 1.61524
1.57164 2.4613 2.0186 1.23008 1.39769 2.46347 3.81076 3.73176 2.27969 1.92926
3.14633 3.95256 3.34733 3.36814 2.7096 4.07507 4.71302 5.20849 3.56204 2.56658
4.52824 5.16136 4.74558 4.62879 4.18939 5.05796 5.33857 5.5 5.21534 4.06287
5.18617 5.46088 5.39542 4.99957 4.92686 5.5 5.5 5.5 5.5 5.5
5.5 5.5 5.5 5.40514 5.35985 5.5 5.5 5.5 5.5 5.5
5.5 5.5 5.5 5.48595 5.5 5.5 5.5 5.5 5.5 5.5
5.5 5.5 5.5 5.5 5.5 5.5 5.5 5.5 5.5 5.5
5.5 5.5 5.5 5.5 5.5 5.5 5.5 5.5 5.5 5.5
5.5 5.5 5.5 5.5 5.5 5.5 5.5 5.5 5.5 5.5
5.5 5.5 5.5 5.5 5.5 5.5 5.5 5.5 5.5 5.5
5.5 5.5 5.5 5.5 5.5 5.5 5.5 5.5 5.5 5.5
