0.37944 0.64246 0.59106 0.16627 0.44466 1.17206 4.31616 3.02201 1.98366 1.12466
0.38146 0.64647 0.5943 0.16834 0.45187 1.38417 4.33205 3.03737 1.98948 1.12827
0.38428 0.64958 0.59936 0.1722 0.46542 1.39316 4.35335 3.03439 2.02364 1.1343
0.39568 0.66246 0.61454 0.19053 0.49747 1.40518 4.37979 3.08504 2.06414 1.15037
0.40884 0.67768 0.63712 0.21068 0.51271 1.42561 4.4102 3.06004 2.12534 1.17174
0.42324 0.70319 0.65222 0.24144 0.53629 1.44531 4.43433 3.14431 2.15894 1.203
0.4346 0.72688 0.67086 0.28329 0.55911 1.41361 4.54717 3.20994 2.19239 1.25003
0.44608 0.74337 0.69412 0.33498 0.59374 1.43832 4.59201 3.32624 2.24525 1.30164
0.4657 0.76611 0.73809 0.40184 0.62673 1.50292 4.76427 3.54053 2.29322 1.37421
0.51246 0.7876 0.7967 0.5287 0.69546 1.58924 5.14571 3.95364 2.37341 1.39543
0.60477 1.20901 1.35439 0.96936 1.14073 1.75733 5.44755 4.44686 2.49885 1.45479
1.77621 3.03053 3.36401 2.39158 2.21107 3.19883 5.5 5.19786 3.29068 2.89044
3.04345 4.20016 4.49135 3.59831 4.06813 4.60203 5.5 5.5 4.23853 3.71135
4.37383 5.07821 5.0218 4.51298 5.07662 4.90882 5.5 5.5 5.0127 4.45295
5.22923 5.5 5.35383 5.06981 5.40527 5.38276 5.5 5.5 5.43336 5.08899
5.49927 5.5 5.5 5.5 5.5 5.5 5.5 5.5 5.5 5.5
5.5 5.5 5.5 5.5 5.5 5.5 5.5 5.5 5.5 5.5
5.5 5.5 5.5 5.5 5.5 5.5 5.5 5.5 5.5 5.5
5.5 5.5 5.5 5.5 5.5 5.5 5.5 5.5 5.5 5.5
5.5 5.5 5.5 5.5 5.5 5.5 5.5 5.5 5.5 5.5
5.5 5.5 5.5 5.5 5.5 5.5 5.5 5.5 5.5 5.5
