1.49025 1.71478 1.39857 0.67763 1.15729 1.45964 2.0526 1.68365 2.0218 2.67321
1.49477 1.72013 1.39039 0.68201 1.16027 1.47218 2.06451 1.71613 2.03532 2.67782
1.49529 1.72714 1.3973 0.68649 1.16516 1.48804 2.08239 1.82041 2.19649 2.68304
1.61105 1.73687 1.40094 0.69194 1.1513 1.50844 2.10952 1.98154 2.21794 2.68911
1.71932 1.75499 1.43574 0.66532 1.15689 1.53728 2.14393 2.0431 2.25772 2.70501
1.85646 1.78003 1.46521 0.68841 1.17579 1.57825 2.22645 2.12511 2.3113 2.72668
1.98613 1.85168 1.53704 0.71126 1.20027 1.63007 2.34445 2.22453 2.46504 2.75047
2.17074 2.00943 1.74114 0.79101 1.27467 1.79565 2.42823 2.44362 2.78017 2.84898
2.64065 2.34226 2.31168 1.15635 1.47497 2.20805 2.83631 2.75944 3.16637 2.99113
3.11344 2.82953 2.97131 1.64178 1.99567 2.86738 3.50199 3.24961 3.72588 3.40561
3.74928 3.55581 3.7666 2.46488 2.61311 3.71938 5.01235 3.8463 4.66213 3.88471
4.51247 4.20612 4.56983 3.49699 3.48705 4.84077 5.5 5.41117 5.5 4.67269
5.08842 4.95102 5.02864 4.62559 4.5112 5.43219 5.5 5.5 5.5 5.03175
5.5 5.5 5.38168 5.20496 5.15403 5.5 5.5 5.5 5.5 5.5
5.5 5.5 5.5 5.49076 5.40032 5.5 5.5 5.5 5.5 5.5
5.5 5.5 5.5 5.5 5.5 5.5 5.5 5.5 5.5 5.5
5.5 5.5 5.5 5.5 5.5 5.5 5.5 5.5 5.5 5.5
5.5 5.5 5.5 5.5 5.5 5.5 5.5 5.5 5.5 5.5
5.5 5.5 5.5 5.5 5.5 5.5 5.5 5.5 5.5 5.5
5.5 5.5 5.5 5.5 5.5 5.5 5.5 5.5 5.5 5.5
5.5 5.5 5.5 5.5 5.5 5.5 5.5 5.5 5.5 5.5
