1.07665 1.27758 1.2125 0.38938 1.0286 1.18988 4.36206 0.72967 1.47329 2.55876
1.08156 1.25777 1.2159 0.39199 1.03193 1.15803 4.38574 0.73327 1.47958 2.57363
1.16132 1.26364 1.22234 0.39599 1.03636 1.17254 4.40557 0.74078 1.48665 2.58743
1.30165 1.30236 1.23484 0.39973 1.04201 1.19893 4.42604 0.75238 1.49948 2.59214
1.44525 1.2909 1.2578 0.40649 1.05079 1.23855 4.45326 0.77072 1.50864 2.59704
1.46463 1.31707 1.28024 0.42202 1.06758 1.26623 4.6129 0.79776 1.5555 2.61489
1.51591 1.37919 1.32116 0.44614 1.10063 1.29234 4.69033 0.82385 1.61045 2.62475
1.6653 1.54863 1.51991 0.52506 1.24058 1.39248 4.82474 1.07458 1.71515 2.66506
2.02698 1.80133 1.91093 0.81365 1.5567 1.678 5.00787 1.41279 2.00847 2.76443
2.64221 2.33076 2.59754 1.34382 2.29633 2.24798 5.5 2.03309 2.44926 3.12921
3.4549 3.09718 3.49032 2.14367 3.18545 2.99362 5.5 3.05044 3.27171 3.46368
4.19946 3.92135 4.17031 3.13885 3.95719 3.847 5.5 3.77511 4.25181 4.0962
4.71732 4.52715 4.69284 4.02339 4.64818 5.13594 5.5 4.43749 4.99172 4.61767
5.2863 5.08711 5.18262 4.51363 5.06966 5.5 5.5 5.03819 5.5 5.5
5.5 5.36114 5.45479 4.98316 5.5 5.5 5.5 5.5 5.5 5.5
5.5 5.5 5.5 5.28166 5.5 5.5 5.5 5.5 5.5 5.5
5.5 5.5 5.5 5.5 5.5 5.5 5.5 5.5 5.5 5.5
5.5 5.5 5.5 5.5 5.5 5.5 5.5 5.5 5.5 5.5
5.5 5.5 5.5 5.5 5.5 5.5 5.5 5.5 5.5 5.5
5.5 5.5 5.5 5.5 5.5 5.5 5.5 5.5 5.5 5.5
5.5 5.5 5.5 5.5 5.5 5.5 5.5 5.5 5.5 5.5
