0.16876 0.02112 0.63732 1.27974 0.19487 1.91995 1.88162 2.21848 1.65471 2.32974
0.16418 0.02352 0.63991 1.28955 0.1966 1.98536 1.88882 2.19011 1.65885 2.33744
0.17437 0.02685 0.62977 1.32473 0.19548 1.91865 1.89641 2.21315 1.66702 2.3439
0.1897 0.03989 0.64282 1.40279 0.20788 2.03965 1.93721 2.2334 1.70041 2.35859
0.20771 0.05781 0.6689 1.52719 0.22628 2.04033 1.95746 2.25915 1.73872 2.37766
0.22489 0.07129 0.68206 1.62933 0.24504 2.0605 1.98066 2.29063 1.79166 2.44212
0.24384 0.08493 0.69454 1.65434 0.26473 2.14012 2.00349 2.40888 1.91589 2.5174
0.27055 0.10112 0.7117 1.6806 0.28311 2.16892 2.0411 2.44947 2.05615 2.56343
0.32097 0.11972 0.73136 1.72075 0.2999 2.20809 2.09928 2.53028 2.16522 2.58765
0.39908 0.14228 0.764 1.80348 0.32491 2.30146 2.19196 2.3893 2.24788 2.62904
0.87489 0.953 1.26869 2.26943 0.92909 2.40241 2.35118 2.48222 2.51666 2.72386
2.46849 2.82646 2.89665 3.95404 2.2456 3.61988 3.48473 3.54744 3.8329 3.89679
3.97374 3.99359 3.96558 4.92832 3.49643 4.46665 4.88587 5.21408 4.66498 4.76132
4.7177 4.40789 4.70895 5.28289 4.48643 5.09794 5.28752 5.5 5.42408 5.02155
5.25478 4.97959 5.18888 5.5 5.33305 5.47103 5.5 5.5 5.5 5.5
5.5 5.42764 5.44265 5.5 5.5 5.47279 5.5 5.5 5.5 5.5
5.5 5.5 5.5 5.5 5.5 5.47454 5.5 5.5 5.5 5.5
5.5 5.5 5.5 5.5 5.5 5.4763 5.5 5.5 5.5 5.5
5.5 5.5 5.5 5.5 5.5 5.47806 5.5 5.5 5.5 5.5
5.5 5.5 5.5 5.5 5.5 5.47983 5.5 5.5 5.5 5.5
5.5 5.5 5.5 5.5 5.5 5.48159 5.5 5.5 5.5 5.5
