1.01662 1.16598 0.75757 0.80863 0.89447 0.89168 2.09529 3.71855 3.66219 2.55873
1.02213 1.17096 0.75412 0.81113 0.8975 0.89671 2.10553 3.73458 3.67692 2.5609
1.02979 1.1765 0.7841 0.85122 0.90184 0.90414 2.12751 3.75073 3.66622 2.57059
1.0215 1.18281 0.85787 0.83588 0.9204 0.94965 2.13068 3.78407 3.70949 2.57771
1.07107 1.19231 0.93566 0.8519 0.92655 1.01647 2.00483 3.83483 3.70309 2.58232
1.09221 1.23128 1.02509 0.87566 0.95129 1.15627 2.19692 3.98971 3.94512 2.59947
1.1235 1.21334 1.09769 0.91355 0.979 1.30761 2.27355 4.1015 3.9557 2.63017
1.20773 1.41457 1.20785 1.21174 1.05473 1.50208 2.48023 4.38164 4.11329 2.74342
1.593 1.75094 1.43406 1.56551 1.35348 1.81004 3.18188 5.01949 4.397 2.95742
2.16332 2.51147 1.86541 2.19848 1.85548 2.32172 3.78263 5.46881 4.83747 3.3412
3.05048 3.51248 2.43377 3.05306 2.62283 3.16687 4.57789 5.5 5.27677 3.86936
3.97242 4.254 3.3225 3.74483 3.76282 4.04373 5.01805 5.5 5.5 4.32545
4.46349 4.79528 4.23231 4.23832 4.63734 5.03889 5.5 5.5 5.5 4.67498
4.80851 5.17236 4.85186 4.71298 5.09147 5.5 5.5 5.5 5.5 5.3495
5.2874 5.5 5.3263 5.5 5.35627 5.5 5.5 5.5 5.5 5.48398
5.5 5.5 5.47998 5.5 5.5 5.5 5.5 5.5 5.5 5.5
5.5 5.5 5.5 5.5 5.5 5.5 5.5 5.5 5.5 5.5
5.5 5.5 5.5 5.5 5.5 5.5 5.5 5.5 5.5 5.5
5.5 5.5 5.5 5.5 5.5 5.5 5.5 5.5 5.5 5.5
5.5 5.5 5.5 5.5 5.5 5.5 5.5 5.5 5.5 5.5
5.5 5.5 5.5 5.5 5.5 5.5 5.5 5.5 5.5 5.5
