1.13045 1.46919 0.52133 0.804 0.58777 1.69719 1.33704 1.88691 1.66011 1.12816
1.13777 1.47316 0.52469 0.80927 0.58912 1.70209 1.34775 1.92066 1.67125 1.1329
1.13673 1.48813 0.52904 0.8162 0.59461 1.70727 1.3723 1.94508 1.7456 1.13881
1.11678 1.52261 0.52597 0.83294 0.60268 1.74209 1.3923 1.91299 1.70714 1.14966
1.14207 1.49574 0.5504 0.85802 0.6162 1.74413 1.41184 1.9352 1.73384 1.16505
1.19103 1.49419 0.55842 0.88411 0.62984 1.75841 1.42628 2.0072 1.75925 1.17974
1.23042 1.50658 0.56967 0.9067 0.64457 1.74567 1.44857 2.03104 1.786 1.1936
1.26213 1.55634 0.58218 0.93014 0.66478 1.76055 1.50254 2.09262 1.8113 1.21123
1.35017 1.57355 0.60274 0.95854 0.6938 1.76903 1.53209 2.21401 1.84482 1.23335
1.77996 1.67691 0.63614 1.03007 0.74233 1.82191 1.74983 2.30382 2.25186 1.26733
2.5193 2.36544 0.85134 1.69341 1.22744 1.96514 1.86884 2.53973 2.53649 1.3697
3.98884 3.52389 2.55697 3.35478 2.62442 3.28216 3.10132 3.606 3.59519 2.40448
4.83919 4.49788 3.70127 4.43273 3.76603 4.28844 4.1044 4.9761 5.08377 3.74468
5.334 5.09182 4.70704 4.95255 4.74583 4.7626 5.02111 5.5 5.45387 4.99224
5.43716 5.46431 5.02677 5.42555 5.29366 5.29598 5.5 5.5 5.5 5.39032
5.5 5.5 5.33032 5.5 5.48584 5.38311 5.5 5.5 5.5 5.5
5.5 5.5 5.49432 5.5 5.5 5.5 5.5 5.5 5.5 5.5
5.5 5.5 5.5 5.5 5.5 5.5 5.5 5.5 5.5 5.5
5.5 5.5 5.5 5.5 5.5 5.5 5.5 5.5 5.5 5.5
5.5 5.5 5.5 5.5 5.5 5.5 5.5 5.5 5.5 5.5
5.5 5.5 5.5 5.5 5.5 5.5 5.5 5.5 5.5 5.5
