2.79781 2.88605 2.49427 2.48414 2.71539 4.70551 4.98641 5.3613 5.03793 4.6705
2.80492 2.89098 2.50075 2.50211 2.72115 4.71265 4.98972 5.3652 5.04314 4.67886
2.81224 2.90347 2.50759 2.53077 2.72777 4.72059 5.01695 5.36916 5.04871 4.68639
2.82025 2.92406 2.52271 2.54414 2.73674 4.73155 5.05197 5.37342 5.05401 4.71544
2.82966 2.93164 2.5442 2.56686 2.75999 4.75394 5.08462 5.37808 5.0582 4.8607
2.84554 2.97916 2.55392 2.59343 2.78769 4.78298 5.11668 5.38319 5.0662 4.89515
2.87941 3.03868 2.6201 2.61751 2.89353 4.81881 5.15136 5.3878 5.07808 4.91876
2.97665 3.13197 2.67866 2.64659 2.95457 4.88263 5.19355 5.39879 5.11814 4.95646
3.36364 3.75124 3.09997 3.19355 3.3228 5.11762 5.32658 5.4893 5.32703 5.1942
4.12372 4.38343 3.71367 3.8549 3.84817 5.27981 5.39647 5.5 5.45257 5.3739
4.85476 4.96379 4.33666 4.83347 4.72101 5.45186 5.5 5.5 5.5 5.5
5.45683 5.2898 4.90106 5.46784 5.37929 5.5 5.5 5.5 5.5 5.5
5.5 5.5 5.17846 5.5 5.5 5.5 5.5 5.5 5.5 5.5
5.5 5.5 5.38247 5.5 5.5 5.5 5.5 5.5 5.5 5.5
5.5 5.5 5.5 5.5 5.5 5.5 5.5 5.5 5.5 5.5
5.5 5.5 5.5 5.5 5.5 5.5 5.5 5.5 5.5 5.5
5.5 5.5 5.5 5.5 5.5 5.5 5.5 5.5 5.5 5.5
5.5 5.5 5.5 5.5 5.5 5.5 5.5 5.5 5.5 5.5
5.5 5.5 5.5 5.5 5.5 5.5 5.5 5.5 5.5 5.5
5.5 5.5 5.5 5.5 5.5 5.5 5.5 5.5 5.5 5.5
5.5 5.5 5.5 5.5 5.5 5.5 5.5 5.5 5.5 5.5
