0.1964 0.35006 0.48045 0.14884 0.41945 0.9324 1.59319 0.78263 1.71842 1.36012
0.19827 0.37464 0.48346 0.15314 0.42176 0.98927 1.60162 0.78953 1.75939 1.37117
0.20277 0.37015 0.48372 0.20146 0.41851 0.93966 1.67782 0.79275 1.74263 1.37956
0.2146 0.53064 0.49252 0.2054 0.43496 0.95484 1.78994 0.79963 1.9097 1.39503
0.23424 0.56027 0.50689 0.24158 0.45473 1.02716 1.68556 0.82278 1.9693 1.41714
0.25121 0.58234 0.52091 0.28727 0.47889 0.9933 1.79159 0.86799 2.02696 1.45036
0.26512 0.60881 0.53833 0.34113 0.50011 1.01268 1.77984 0.94376 2.09173 1.48652
0.27827 0.63727 0.55504 0.41466 0.52903 1.08317 1.87609 1.00135 2.15965 1.52834
0.29342 0.67356 0.56938 0.47936 0.56704 1.30101 2.06062 1.095 2.2715 1.58913
0.34266 0.73193 0.59269 0.56122 0.60486 1.36902 2.57026 1.22091 2.39611 1.71916
0.61339 1.16848 0.65562 1.11667 1.10195 1.5612 2.55574 1.45746 2.62249 1.86552
2.35751 2.82446 2.14307 2.59938 2.60857 3.24865 3.6311 3.58829 3.94702 2.89434
3.65672 4.09703 3.7096 3.70944 4.39721 4.79019 5.41648 5.09796 4.79013 4.32449
4.46817 4.64609 4.67389 4.51176 4.84585 5.26067 5.5 5.39925 5.20607 5.5
5.1477 5.37127 5.30479 5.15736 5.49418 5.47485 5.5 5.5 5.46539 5.5
5.49562 5.5 5.48191 5.5 5.5 5.5 5.5 5.5 5.5 5.5
5.5 5.5 5.5 5.5 5.5 5.5 5.5 5.5 5.5 5.5
5.5 5.5 5.5 5.5 5.5 5.5 5.5 5.5 5.5 5.5
5.5 5.5 5.5 5.5 5.5 5.5 5.5 5.5 5.5 5.5
5.5 5.5 5.5 5.5 5.5 5.5 5.5 5.5 5.5 5.5
5.5 5.5 5.5 5.5 5.5 5.5 5.5 5.5 5.5 5.5
