3.68864 3.80785 3.20567 2.91886 3.92068 5.41866 5.44501 5.34114 5.5 5.5
3.71109 3.80859 3.21247 2.92348 3.92669 5.41983 5.44648 5.34503 5.5 5.5
3.7376 3.82058 3.23379 2.94179 3.9345 5.42105 5.44804 5.34889 5.5 5.5
3.76752 3.84641 3.25457 3.13173 3.95069 5.42237 5.44975 5.35169 5.5 5.5
3.79833 3.90612 3.28652 3.15831 3.97464 5.42422 5.45192 5.35489 5.5 5.5
3.82344 3.9481 3.32131 3.18381 4.01123 5.42684 5.45457 5.35834 5.5 5.5
3.86483 4.03557 3.35668 3.22141 4.04637 5.42915 5.45686 5.36152 5.5 5.5
3.9853 4.15052 3.42954 3.28416 4.08451 5.43253 5.46384 5.36962 5.5 5.5
4.37575 4.48544 3.82513 3.84658 4.34866 5.47627 5.5 5.474 5.5 5.5
4.85158 4.81591 4.36109 4.5159 4.77643 5.5 5.5 5.5 5.5 5.5
5.34161 5.2066 4.98142 5.15549 5.27013 5.5 5.5 5.5 5.5 5.5
5.47899 5.45421 5.30827 5.5 5.5 5.5 5.5 5.5 5.5 5.5
5.5 5.5 5.48591 5.5 5.5 5.5 5.5 5.5 5.5 5.5
5.5 5.5 5.5 5.5 5.5 5.5 5.5 5.5 5.5 5.5
5.5 5.5 5.5 5.5 5.5 5.5 5.5 5.5 5.5 5.5
5.5 5.5 5.5 5.5 5.5 5.5 5.5 5.5 5.5 5.5
5.5 5.5 5.5 5.5 5.5 5.5 5.5 5.5 5.5 5.5
5.5 5.5 5.5 5.5 5.5 5.5 5.5 5.5 5.5 5.5
5.5 5.5 5.5 5.5 5.5 5.5 5.5 5.5 5.5 5.5
5.5 5.5 5.5 5.5 5.5 5.5 5.5 5.5 5.5 5.5
5.5 5.5 5.5 5.5 5.5 5.5 5.5 5.5 5.5 5.5
