0.51752 0.35748 0.38774 0.50796 0.47468 0.37308 1.25521 2.55454 1.18041 1.83688
0.51047 0.35988 0.38944 0.51247 0.47534 0.38015 1.261 2.56252 1.18641 1.84262
0.52037 0.36521 0.34481 0.51624 0.47827 0.40828 1.27856 2.57964 1.10362 1.84574
0.53982 0.36921 0.37139 0.53298 0.48878 0.44928 1.33289 2.57472 1.12245 1.86107
0.54435 0.396 0.45952 0.55953 0.50231 0.51454 1.37319 2.5962 1.12707 1.87338
0.5534 0.40256 0.50258 0.57093 0.51586 0.56904 1.42115 2.6169 1.17782 1.88434
0.56803 0.41907 0.54865 0.59574 0.53156 0.60981 1.5209 2.65889 1.25473 1.91183
0.5858 0.43324 0.60251 0.61329 0.54948 0.64261 1.59495 2.67763 1.49689 1.94402
0.85851 0.47148 0.66785 0.64137 0.56853 0.6762 1.70368 2.68493 1.66482 1.98242
1.07949 0.62936 0.75194 0.68006 0.60644 0.71542 1.85073 2.80813 1.89491 2.04293
1.19813 0.99325 1.14416 1.10662 1.06799 0.76613 2.03933 2.98588 2.21495 2.18523
2.71574 2.41073 2.60398 3.13513 2.58367 1.93675 3.71862 4.64016 3.94885 3.50576
4.00089 3.8438 3.57103 4.2562 4.02319 3.04989 4.82983 5.5 5.11916 4.74533
4.56979 4.53777 4.39167 4.6196 4.6926 4.32432 5.24233 5.5 5.44946 5.20483
5.12108 5.07451 5.23954 5.05392 5.16758 5.29569 5.5 5.5 5.5 5.36651
5.43583 5.39971 5.42833 5.40079 5.5 5.5 5.5 5.5 5.5 5.5
5.5 5.5 5.45893 5.5 5.5 5.5 5.5 5.5 5.5 5.5
5.5 5.5 5.5 5.5 5.5 5.5 5.5 5.5 5.5 5.5
5.5 5.5 5.5 5.5 5.5 5.5 5.5 5.5 5.5 5.5
5.5 5.5 5.5 5.5 5.5 5.5 5.5 5.5 5.5 5.5
5.5 5.5 5.5 5.5 5.5 5.5 5.5 5.5 5.5 5.5
