1.1338 0.71338 0.76053 1.64384 2.03476 2.09409 5.40435 5.09537 3.47512 3.16774
1.14802 0.7208 0.76515 1.6475 2.04952 2.14457 5.42175 5.12702 3.41475 3.19614
1.17662 0.82291 0.79168 1.66624 2.09468 2.21613 5.46397 5.18203 3.50687 3.21012
1.21419 0.8808 0.87383 1.69068 2.11303 2.27048 5.5 5.2457 3.87413 3.22792
1.24977 0.89897 0.86273 1.71792 2.16007 2.55922 5.5 5.28352 3.60467 3.24231
1.06987 0.89437 0.91201 1.75145 2.1954 2.73902 5.5 5.36069 3.72137 3.27381
1.13458 0.95588 0.98254 1.79795 2.2656 3.16602 5.5 5.48609 3.75121 3.31557
1.30558 0.97954 1.06599 1.8777 2.35581 3.46133 5.5 5.5 4.26984 3.34396
1.62165 1.29286 1.48355 1.95669 2.53779 3.72433 5.5 5.5 4.52065 3.08063
2.09187 1.90383 2.13306 2.47305 2.9946 4.02682 5.5 5.5 5.5 3.15161
3.61315 3.59986 3.10018 3.78166 4.18093 4.97192 5.5 5.5 5.5 3.68061
4.45717 4.63216 4.17913 4.82151 4.83428 5.5 5.5 5.5 5.5 4.62758
5.41541 5.5 4.66455 5.5 5.5 5.5 5.5 5.5 5.5 5.4902
5.5 5.5 5.5 5.5 5.5 5.5 5.5 5.5 5.5 5.5
5.5 5.5 5.5 5.5 5.5 5.5 5.5 5.5 5.5 5.5
5.5 5.5 5.5 5.5 5.5 5.5 5.5 5.5 5.5 5.5
5.5 5.5 5.5 5.5 5.5 5.5 5.5 5.5 5.5 5.5
5.5 5.5 5.5 5.5 5.5 5.5 5.5 5.5 5.5 5.5
5.5 5.5 5.5 5.5 5.5 5.5 5.5 5.5 5.5 5.5
5.5 5.5 5.5 5.5 5.5 5.5 5.5 5.5 5.5 5.5
5.5 5.5 5.5 5.5 5.5 5.5 5.5 5.5 5.5 5.5
