0.18022 0.12023 0.96923 1.82102 1.00076 2.93741 2.28305 2.69581 1.97482 4.61615
0.18151 0.12154 0.96308 1.83137 1.00493 2.95849 2.28976 2.70201 2.08124 4.62715
0.31227 0.1233 0.96696 1.87392 1.00881 2.97578 2.27405 2.70191 2.0999 4.63861
0.18811 0.12591 0.97018 1.90085 1.00707 4.0988 2.31093 2.71745 2.13897 4.65076
0.20126 0.13119 0.98827 1.93034 1.01398 3.00103 2.35472 2.73968 2.20985 4.66832
0.24008 0.14539 0.99677 1.96191 1.02568 4.09415 2.41364 2.77221 2.31323 4.69247
0.30046 0.1639 1.0202 2.00832 1.04588 3.0388 2.48402 2.83743 2.53401 4.72755
0.47464 0.26807 1.18926 2.10659 1.12975 3.09951 2.60763 2.96307 2.63945 4.80909
0.87185 0.56526 1.43476 2.27593 1.31335 3.26394 2.79308 3.25921 2.95422 4.94753
1.58816 1.27268 2.06145 2.58134 1.65337 3.6405 3.28111 3.68549 3.72198 5.18939
2.46339 2.23209 2.89401 3.03644 2.21877 4.21437 4.04403 4.0428 4.64507 5.47696
3.54941 3.14838 3.83996 3.85566 3.00937 5.5 4.57637 4.96617 5.3324 5.5
3.97122 3.99868 4.57468 4.83494 3.95946 5.14304 5.04863 5.5 5.49848 5.5
4.90891 4.82496 4.99953 5.10792 4.64025 5.5 5.33755 5.5 5.5 5.5
5.15379 5.26704 5.38178 5.49635 5.21744 5.5 5.5 5.5 5.5 5.5
5.38022 5.41776 5.5 5.5 5.44435 5.5 5.5 5.5 5.5 5.5
5.5 5.5 5.5 5.5 5.5 5.5 5.5 5.5 5.5 5.5
5.5 5.5 5.5 5.5 5.5 5.5 5.5 5.5 5.5 5.5
5.5 5.5 5.5 5.5 5.5 5.5 5.5 5.5 5.5 5.5
5.5 5.5 5.5 5.5 5.5 5.5 5.5 5.5 5.5 5.5
5.5 5.5 5.5 5.5 5.5 5.5 5.5 5.5 5.5 5.5
