0.95148 1.12647 1.02404 0.46117 0.97162 1.29594 1.97531 0.52661 1.35765 3.19774
0.95593 1.12946 1.03997 0.47003 1.0053 1.30331 1.99838 0.52994 1.36235 3.20671
1.32287 1.13311 1.05633 0.47637 1.02345 1.31162 2.00998 0.53372 1.37278 3.21496
0.96655 1.13906 1.07444 0.48029 1.03324 2.01859 2.00825 0.53798 1.38931 3.25091
0.99336 1.15332 1.11724 0.49704 1.05525 1.34054 2.02423 0.54106 1.4183 3.28533
1.05865 1.15228 1.19594 0.51378 1.04932 2.1423 2.04059 0.55414 1.46551 3.47015
1.12425 1.20314 1.2539 0.53376 1.06877 1.38561 2.08725 0.57481 1.51702 3.51939
1.37939 1.31464 1.35351 0.59558 1.14903 1.41499 2.23171 0.66173 1.63277 3.6722
1.79511 1.64853 1.56785 0.75917 1.34858 1.51881 2.50531 0.89762 1.93353 3.93055
2.57016 2.36081 2.12173 1.17689 1.82254 1.72188 3.08711 1.42259 2.40441 4.25859
3.45354 3.50323 2.92808 1.78209 2.4697 2.21705 3.73186 2.17589 2.8208 4.47879
4.80789 4.4215 3.96534 2.61367 3.13671 5.16163 4.92932 3.32752 3.49397 5.47978
4.84339 4.93646 4.97277 3.95677 4.1473 4.03451 5.5 4.26359 4.47722 5.5
5.48633 5.26352 5.49259 4.79026 4.90219 5.5 5.5 4.83937 5.5 5.5
5.5 5.39508 5.5 5.38664 5.44422 5.45424 5.5 5.5 5.5 5.5
5.5 5.5 5.5 5.45339 5.5 5.5 5.5 5.5 5.5 5.5
5.5 5.5 5.5 5.5 5.5 5.5 5.5 5.5 5.5 5.5
5.5 5.5 5.5 5.5 5.5 5.5 5.5 5.5 5.5 5.5
5.5 5.5 5.5 5.5 5.5 5.5 5.5 5.5 5.5 5.5
5.5 5.5 5.5 5.5 5.5 5.5 5.5 5.5 5.5 5.5
5.5 5.5 5.5 5.5 5.5 5.5 5.5 5.5 5.5 5.5
