0.07679 0.31337 0.63308 1.66016 0.27864 1.42987 1.03279 1.11537 1.27766 1.33378
0.07105 0.32264 0.65031 1.62616 0.29717 1.43623 1.03718 1.12056 1.29492 1.33928
0.08725 0.31962 0.67622 1.64116 0.30705 1.4363 1.05109 1.12885 1.34836 1.34566
0.09863 0.33246 0.67024 1.67751 0.35643 1.44157 1.06816 1.25566 1.4324 1.35351
0.1292 0.34906 0.6826 1.72464 0.39116 1.46786 1.08166 1.4854 1.50135 1.36555
0.14764 0.3673 0.70406 1.78163 0.42348 1.48646 1.111 1.58701 1.59355 1.38362
0.16648 0.39323 0.72434 1.8607 0.45154 1.5082 1.15469 1.64427 1.6816 1.41532
0.1849 0.43542 0.76186 1.94923 0.4824 1.53801 1.23073 1.68031 1.81482 1.49109
0.21686 0.56662 0.80562 2.30097 0.53577 1.57535 1.4155 1.84545 2.15261 1.7133
0.4617 0.91265 0.85084 2.56116 0.59607 1.62392 1.81343 2.09551 2.43323 2.04073
1.07009 1.89425 1.45544 2.87981 1.29268 2.36436 2.98425 2.83427 3.27029 2.83971
2.37299 3.18141 3.26448 3.84707 2.70625 3.8877 4.05473 4.03249 4.31483 4.24051
3.52546 4.13307 4.34866 4.72696 4.01175 4.588 4.77244 4.60319 4.91475 4.87739
4.2832 4.63642 5.06388 5.09246 4.87761 5.00483 5.28719 5.19404 5.31093 5.15958
5.01368 5.34771 5.47884 5.5 5.43165 5.35499 5.34972 5.41908 5.5 5.49801
5.42176 5.5 5.5 5.5 5.5 5.3919 5.5 5.5 5.5 5.5
5.5 5.5 5.5 5.5 5.5 5.39285 5.5 5.5 5.5 5.5
5.5 5.5 5.5 5.5 5.5 5.3938 5.5 5.5 5.5 5.5
5.5 5.5 5.5 5.5 5.5 5.39476 5.5 5.5 5.5 5.5
5.5 5.5 5.5 5.5 5.5 5.39571 5.5 5.5 5.5 5.5
5.5 5.5 5.5 5.5 5.5 5.39667 5.5 5.5 5.5 5.5
