0.24585 0.09426 1.00959 1.33454 0.92605 2.604 2.0111 2.50186 1.72055 2.58343
0.24637 0.09547 1.01298 1.33777 0.94641 2.62645 2.02097 2.50705 1.72568 2.56389
0.26575 0.11234 1.02723 1.35434 0.93364 2.63914 2.0349 2.52222 1.73809 2.57261
0.27819 0.1399 1.03872 1.37601 0.94459 2.59158 2.05298 2.5237 1.76998 2.58383
0.30674 0.1529 1.05763 1.40446 0.96536 2.63139 2.07597 2.5484 1.80885 2.73838
0.3353 0.1713 1.08233 1.43574 0.98219 2.74525 2.09713 2.60582 1.85805 2.78031
0.36708 0.18676 1.11183 1.46855 1.00455 2.76569 2.12764 2.72576 1.91094 2.79763
0.53528 0.20224 1.14441 1.50186 1.02917 2.80207 2.15379 2.89539 1.97606 2.82825
0.76897 0.22585 1.18444 1.57255 1.03825 2.85319 2.19723 2.95831 1.9705 2.86216
0.90982 0.45268 1.32142 1.66821 1.06646 2.90582 2.39584 3.0858 2.19465 2.95879
1.33615 1.25615 1.92039 2.10539 1.54661 3.0725 2.95066 3.28785 2.46614 3.09255
2.90821 3.14402 3.49028 3.27402 2.90274 4.27035 4.18439 4.19359 3.90751 4.15177
4.13556 4.35985 4.64802 4.26985 3.82763 5.16949 4.72997 5.09732 4.97712 5.20817
4.68982 4.91988 5.04053 5.16115 4.62352 5.42495 5.2834 5.5 5.44936 5.5
5.19127 5.4669 5.46085 5.36523 5.114 5.5 5.5 5.5 5.5 5.5
5.22269 5.5 5.5 5.5 5.42084 5.5 5.5 5.5 5.5 5.5
5.5 5.5 5.5 5.5 5.5 5.5 5.5 5.5 5.5 5.5
5.5 5.5 5.5 5.5 5.5 5.5 5.5 5.5 5.5 5.5
5.5 5.5 5.5 5.5 5.5 5.5 5.5 5.5 5.5 5.5
5.5 5.5 5.5 5.5 5.5 5.5 5.5 5.5 5.5 5.5
5.5 5.5 5.5 5.5 5.5 5.5 5.5 5.5 5.5 5.5
