1.44133 1.54533 1.48581 0.4667 1.07401 1.4276 1.9193 1.90753 2.24608 2.08545
1.44836 1.54954 1.49211 0.46983 1.07554 1.43652 1.91417 1.912 2.25588 2.09565
1.4432 1.57342 1.51672 0.47472 1.08201 1.48464 1.94438 1.9485 2.25043 2.10676
1.4761 1.63954 1.5374 0.48494 1.0992 1.29313 1.86875 2.00984 2.2307 2.12821
1.55996 1.63524 1.57328 0.47152 1.16384 1.31655 1.80621 2.14505 2.3075 2.14812
1.71859 1.68728 1.62321 0.49281 1.18476 1.33761 1.83519 2.14869 2.34206 2.18073
1.83524 1.76427 1.68356 0.56202 1.21569 1.37381 1.89915 2.24786 2.33832 2.24523
1.86504 1.88164 1.73227 0.62179 1.24629 1.41975 1.96823 2.36128 2.40935 2.37561
1.98465 1.92762 1.80812 0.67556 1.28791 1.47375 2.5377 2.47553 2.5071 2.79418
2.31509 2.12884 1.98324 0.74533 1.34174 1.57341 3.08324 2.62937 2.69066 2.95379
2.9896 2.65544 2.55523 1.09741 2.0161 1.68423 3.63278 2.90025 3.12056 3.23602
4.3349 4.23389 4.41695 2.5892 3.98941 2.83781 5.00333 4.227 4.35382 4.1754
5.18842 5.10729 5.25445 3.98354 5.16844 4.49731 5.42037 5.5 5.4839 4.79231
5.37795 5.33509 5.43185 4.72254 5.5 5.48697 5.5 5.5 5.5 5.35602
5.5 5.5 5.5 5.04857 5.5 5.5 5.5 5.5 5.5 5.5
5.5 5.5 5.5 5.5 5.5 5.5 5.5 5.5 5.5 5.5
5.5 5.5 5.5 5.5 5.5 5.5 5.5 5.5 5.5 5.5
5.5 5.5 5.5 5.5 5.5 5.5 5.5 5.5 5.5 5.5
5.5 5.5 5.5 5.5 5.5 5.5 5.5 5.5 5.5 5.5
5.5 5.5 5.5 5.5 5.5 5.5 5.5 5.5 5.5 5.5
5.5 5.5 5.5 5.5 5.5 5.5 5.5 5.5 5.5 5.5
