1.22352 0.77887 2.61575 1.34848 2.74504 4.06101 5.5 5.5 3.47477 1.76387
1.23024 0.78451 2.62703 1.3744 2.80577 4.10872 5.5 5.5 3.49583 1.7838
1.23965 0.8879 2.68871 1.46323 2.83523 4.12317 5.5 5.5 3.48094 1.92051
1.27186 0.91737 2.71166 1.45689 2.85901 4.10904 5.5 5.5 3.51184 1.85934
1.27608 0.9434 2.73678 1.50398 2.94299 4.12901 5.5 5.5 3.52598 1.92834
1.30892 0.97449 2.7715 1.55729 3.07269 4.17297 5.5 5.5 3.54342 2.04101
1.36239 1.00756 2.84008 1.62137 3.18736 4.21006 5.5 5.5 3.57001 2.13531
1.45172 1.04758 2.9106 1.7081 3.35047 4.35331 5.5 5.5 3.60727 2.53714
1.54151 1.25213 3.01982 1.87543 3.7058 4.81525 5.5 5.5 3.67067 2.83138
1.73502 1.91996 3.42616 2.49475 4.17714 5.33573 5.5 5.5 3.85126 3.36037
2.96906 3.41218 4.87639 4.93459 5.5 5.5 5.5 5.5 4.60605 5.18586
4.6871 5.5 5.5 5.5 5.5 5.5 5.5 5.5 5.5 5.5
5.5 5.5 5.5 5.5 5.5 5.5 5.5 5.5 5.5 5.5
5.5 5.5 5.5 5.5 5.5 5.5 5.5 5.5 5.5 5.5
5.5 5.5 5.5 5.5 5.5 5.5 5.5 5.5 5.5 5.5
5.5 5.5 5.5 5.5 5.5 5.5 5.5 5.5 5.5 5.5
5.5 5.5 5.5 5.5 5.5 5.5 5.5 5.5 5.5 5.5
5.5 5.5 5.5 5.5 5.5 5.5 5.5 5.5 5.5 5.5
5.5 5.5 5.5 5.5 5.5 5.5 5.5 5.5 5.5 5.5
5.5 5.5 5.5 5.5 5.5 5.5 5.5 5.5 5.5 5.5
5.5 5.5 5.5 5.5 5.5 5.5 5.5 5.5 5.5 5.5
