1.47032 1.12005 0.55582 0.86548 0.42554 3.44134 2.06431 2.32138 0.64107 2.54159
1.47352 1.12332 0.60254 0.87575 0.42704 3.36437 2.0698 2.32898 0.64729 2.52298
1.47949 1.12828 0.75993 0.88639 0.44603 3.46517 2.07603 2.33671 0.65405 2.74098
1.49522 1.13553 0.90407 0.90206 0.45445 3.41932 2.08921 2.28674 0.67432 3.03621
1.5184 1.15801 0.97187 0.88933 0.46197 3.54596 2.10542 2.38 0.69813 3.27245
1.55348 1.2221 0.98265 1.03673 0.47596 3.69196 2.12492 2.40368 0.75547 3.62232
1.65229 1.6836 1.09939 1.2898 0.60703 4.02228 2.51404 2.62183 1.10547 4.49807
2.39 2.87124 1.62319 2.23906 1.18395 4.71242 3.50327 3.6339 2.54755 5.17652
3.31849 3.95677 2.13981 2.9395 1.92005 4.89516 4.38374 4.10026 3.35658 5.28954
4.45191 4.97667 3.24869 3.57107 2.96847 4.96393 4.66814 4.54422 4.08777 5.35081
5.01258 5.30516 4.62423 4.38689 3.89744 5.33341 4.93064 5.16668 4.65144 5.48393
5.37611 5.37655 5.1552 4.90125 4.64276 5.41009 5.5 5.5 5.09118 5.5
5.5 5.5 5.39809 5.33528 5.14664 5.41156 5.5 5.5 5.5 5.5
5.5 5.5 5.5 5.5 5.39917 5.41303 5.5 5.5 5.5 5.5
5.5 5.5 5.5 5.5 5.5 5.4145 5.5 5.5 5.5 5.5
5.5 5.5 5.5 5.5 5.5 5.41597 5.5 5.5 5.5 5.5
5.5 5.5 5.5 5.5 5.5 5.41744 5.5 5.5 5.5 5.5
5.5 5.5 5.5 5.5 5.5 5.41891 5.5 5.5 5.5 5.5
5.5 5.5 5.5 5.5 5.5 5.42038 5.5 5.5 5.5 5.5
5.5 5.5 5.5 5.5 5.5 5.42185 5.5 5.5 5.5 5.5
5.5 5.5 5.5 5.5 5.5 5.42331 5.5 5.5 5.5 5.5
