0.94649 0.6277 2.11517 0.44286 1.20704 2.4319 5.31305 2.36712 3.37715 1.26853
0.97888 0.63322 2.13286 0.44984 1.21981 2.45173 5.4597 2.42867 3.37821 1.2545
0.98621 0.64828 2.15646 0.45295 1.21886 2.4849 5.5 2.36267 3.38303 1.28126
1.02041 0.69031 2.20184 0.52307 1.26655 2.53096 5.5 2.55625 3.39455 1.3165
1.05496 0.72037 2.24928 0.55591 1.33621 2.57853 5.5 2.63361 3.40406 1.36168
1.08977 0.72683 2.35863 0.62901 1.41493 2.64829 5.5 2.92907 3.42622 1.4037
1.12431 0.77541 2.42031 0.72705 1.48841 2.72882 5.5 3.16992 3.45952 1.55719
1.19961 0.82977 2.52476 0.85666 1.54326 2.81216 5.5 3.32367 3.51746 1.64724
1.25302 0.92344 2.67284 1.10669 1.74517 2.99538 5.5 3.54345 3.5908 1.89884
1.30213 1.22698 3.17427 1.54805 2.41991 3.60092 5.5 3.92104 3.67723 2.48697
1.95577 2.68196 4.44866 3.48782 4.07748 4.26141 5.5 5.49784 4.03752 4.18029
3.68779 5.29601 5.5 5.16219 5.41744 5.5 5.5 5.5 5.16395 5.5
4.8312 5.5 5.5 5.5 5.5 5.5 5.5 5.5 5.5 5.5
5.5 5.5 5.5 5.5 5.5 5.5 5.5 5.5 5.5 5.5
5.5 5.5 5.5 5.5 5.5 5.5 5.5 5.5 5.5 5.5
5.5 5.5 5.5 5.5 5.5 5.5 5.5 5.5 5.5 5.5
5.5 5.5 5.5 5.5 5.5 5.5 5.5 5.5 5.5 5.5
5.5 5.5 5.5 5.5 5.5 5.5 5.5 5.5 5.5 5.5
5.5 5.5 5.5 5.5 5.5 5.5 5.5 5.5 5.5 5.5
5.5 5.5 5.5 5.5 5.5 5.5 5.5 5.5 5.5 5.5
5.5 5.5 5.5 5.5 5.5 5.5 5.5 5.5 5.5 5.5
