2.34746 2.3186 0.7843 1.76591 1.00168 2.17077 1.57503 1.85933 3.28606 1.5423
2.35442 2.32185 0.82089 1.77155 1.00482 2.20458 1.57982 1.86807 3.32866 1.57997
2.36685 2.32701 0.82225 1.99849 1.00843 2.3388 1.58552 1.87313 3.28627 1.5581
2.37642 2.39848 0.80499 2.02241 1.01843 2.14555 1.60198 1.90331 3.33517 1.565
2.4032 2.4248 0.81346 2.07969 1.03077 2.37908 1.61889 2.13698 3.38573 1.57476
2.42538 2.45043 0.83012 2.15614 1.05108 2.4404 1.65004 2.36761 3.44278 1.58348
2.48617 2.49333 0.84569 2.22894 1.07374 2.57056 1.69935 2.40106 3.49591 1.59625
2.6936 2.54789 0.86292 2.30932 1.10701 2.73589 1.72685 2.46418 3.56129 1.61812
2.93407 2.64363 0.88504 2.46899 1.19719 2.9179 1.76537 2.53099 3.66061 1.65658
3.23249 2.77652 0.91635 2.63824 1.28232 3.1165 1.80745 2.65908 4.26135 1.71531
3.5 3.49154 1.14532 2.81275 1.81363 3.66151 1.86696 2.89862 4.57477 1.93629
4.69938 4.70506 2.89598 4.5277 3.2602 4.60413 3.03608 4.22601 5.13156 3.1962
5.25644 5.35739 4.07783 5.13299 4.39298 5.08618 4.44156 5.03349 5.31005 4.28781
5.42444 5.5 4.88033 5.37875 5.0421 5.3249 5.00216 5.5 5.5 5.12042
5.5 5.5 5.32047 5.5 5.5 5.33482 5.5 5.5 5.5 5.5
5.5 5.5 5.5 5.5 5.5 5.5 5.5 5.5 5.5 5.5
5.5 5.5 5.5 5.5 5.5 5.5 5.5 5.5 5.5 5.5
5.5 5.5 5.5 5.5 5.5 5.5 5.5 5.5 5.5 5.5
5.5 5.5 5.5 5.5 5.5 5.5 5.5 5.5 5.5 5.5
5.5 5.5 5.5 5.5 5.5 5.5 5.5 5.5 5.5 5.5
5.5 5.5 5.5 5.5 5.5 5.5 5.5 5.5 5.5 5.5
