0.1565 1.75448 0.92149 1.36453 1.83707 4.93347 5.28482 2.81143 2.92836 0.87873
0.16075 1.73797 0.92595 1.23902 1.84578 4.93763 5.34297 2.82209 2.97704 0.89099
0.17139 1.65628 0.93834 1.26626 1.78778 4.88943 5.38626 2.83713 3.03593 1.01576
0.19809 1.70837 0.97406 1.45674 1.80819 4.9578 5.42671 2.86413 3.10835 1.03708
0.21629 1.765 0.99274 1.50321 1.82572 4.9339 5.45792 2.92373 3.15134 1.03711
0.23727 1.89923 1.01734 1.55333 1.81206 4.95351 5.4976 2.94924 3.26849 1.06595
0.27628 2.27767 1.04476 1.60433 1.83538 4.96067 5.5 3.016 3.39948 1.08158
0.32227 2.47458 1.07609 1.68468 1.86278 5.01737 5.5 3.07679 3.67182 1.28491
0.38769 3.10115 1.25337 1.90624 1.98758 5.09185 5.5 3.30047 4.59737 1.56306
0.73213 3.79248 1.70794 2.36502 2.20934 5.5 5.5 3.5 5.5 1.98083
2.29992 4.42209 3.202 4.0834 3.48918 5.5 5.5 4.64561 5.5 2.89089
4.84179 5.22562 4.47287 5.17771 4.864 5.5 5.5 5.5 5.5 5.5
5.5 5.49538 5.33913 5.5 5.5 5.5 5.5 5.5 5.5 5.5
5.5 5.5 5.5 5.5 5.5 5.5 5.5 5.5 5.5 5.5
5.5 5.5 5.5 5.5 5.5 5.5 5.5 5.5 5.5 5.5
5.5 5.5 5.5 5.5 5.5 5.5 5.5 5.5 5.5 5.5
5.5 5.5 5.5 5.5 5.5 5.5 5.5 5.5 5.5 5.5
5.5 5.5 5.5 5.5 5.5 5.5 5.5 5.5 5.5 5.5
5.5 5.5 5.5 5.5 5.5 5.5 5.5 5.5 5.5 5.5
5.5 5.5 5.5 5.5 5.5 5.5 5.5 5.5 5.5 5.5
5.5 5.5 5.5 5.5 5.5 5.5 5.5 5.5 5.5 5.5
