2.48136 1.87309 0.97984 1.03325 0.81241 3.05052 3.37091 4.10351 1.06549 1.99124
2.48624 1.8999 0.9882 1.04987 0.70947 3.09846 3.3773 4.07681 1.06972 2.00028
2.4968 1.84037 0.98243 1.05415 0.79487 3.05697 3.40695 4.08985 1.08514 2.01016
2.52614 1.9542 1.00784 1.08703 0.81142 3.18163 3.43158 4.10967 1.08054 2.02532
2.55135 2.01126 1.01861 1.07778 0.82121 3.24274 3.47241 4.36101 1.107 2.0408
2.64648 2.06024 1.04553 1.09003 0.73219 3.2972 3.51222 4.147 1.13709 1.92546
2.66238 2.12475 1.06775 1.12191 0.86084 3.35447 3.58785 4.3786 1.18238 1.9586
2.76709 2.21875 1.09234 1.16197 0.8857 3.44226 3.58307 4.39213 1.25921 1.97881
2.89303 2.33019 1.16414 1.23824 0.91465 3.59388 3.70519 4.43134 1.35084 1.99557
2.97533 2.49772 1.46866 1.32023 0.96875 3.73407 3.88986 4.4261 1.49868 2.5316
3.28609 3.07292 2.21507 1.99066 1.89643 3.88153 4.26197 4.57897 1.86128 2.82418
4.38887 4.47685 3.67135 3.33074 3.44255 4.42887 5.28216 5.32036 2.91877 3.97984
4.90947 4.97437 4.59499 4.2142 4.4044 5.03932 5.5 5.5 4.24331 5.12583
5.28171 5.12614 5.14128 4.70189 4.78636 5.25966 5.5 5.5 5.16105 5.33849
5.5 5.33043 5.42061 5.26696 5.33465 5.49507 5.5 5.5 5.30848 5.34015
5.5 5.5 5.5 5.47869 5.5 5.49708 5.5 5.5 5.5 5.5
5.5 5.5 5.5 5.5 5.5 5.49909 5.5 5.5 5.5 5.5
5.5 5.5 5.5 5.5 5.5 5.5 5.5 5.5 5.5 5.5
5.5 5.5 5.5 5.5 5.5 5.5 5.5 5.5 5.5 5.5
5.5 5.5 5.5 5.5 5.5 5.5 5.5 5.5 5.5 5.5
5.5 5.5 5.5 5.5 5.5 5.5 5.5 5.5 5.5 5.5
