0.21341 0.217 1.71638 2.6977 0.99623 4.39242 4.45343 4.40752 5.1789 4.36412
0.22189 0.2401 1.72807 2.71864 1.01943 4.40993 4.47702 4.47794 5.19372 4.3885
0.24107 0.31669 1.95703 2.72338 1.05276 4.43243 4.50998 4.69366 5.21497 4.42427
0.28378 0.32382 1.95563 2.76175 1.11572 4.41433 4.69201 5.29919 5.24911 4.48438
0.31963 0.3517 2.07267 2.84799 1.16914 4.44444 4.74987 5.45988 5.28787 4.5791
0.37514 0.32639 2.12477 2.91113 1.19714 4.51685 4.79707 5.498 5.33794 4.92055
0.43944 0.4964 2.18185 3.0717 1.25391 4.39616 4.89531 5.5 5.38411 4.91449
0.50518 0.64365 2.29589 3.23311 1.29632 4.56072 4.99662 5.5 5.42652 5.01164
0.62996 0.93476 2.60136 3.57533 1.43038 4.69823 5.14975 5.5 5.5 5.21396
0.89184 1.58403 2.85962 4.28256 1.97439 4.88836 5.25964 5.5 5.5 5.5
2.10499 3.44867 3.47216 5.32108 3.43336 5.43808 5.5 5.5 5.5 5.5
3.83527 5.01466 4.79388 5.5 4.92811 5.43971 5.5 5.5 5.5 5.5
5.25667 5.5 5.5 5.5 5.5 5.44138 5.5 5.5 5.5 5.5
5.5 5.5 5.5 5.5 5.5 5.44307 5.5 5.5 5.5 5.5
5.5 5.5 5.5 5.5 5.5 5.44476 5.5 5.5 5.5 5.5
5.5 5.5 5.5 5.5 5.5 5.44645 5.5 5.5 5.5 5.5
5.5 5.5 5.5 5.5 5.5 5.44843 5.5 5.5 5.5 5.5
5.5 5.5 5.5 5.5 5.5 5.45013 5.5 5.5 5.5 5.5
5.5 5.5 5.5 5.5 5.5 5.45182 5.5 5.5 5.5 5.5
5.5 5.5 5.5 5.5 5.5 5.45351 5.5 5.5 5.5 5.5
5.5 5.5 5.5 5.5 5.5 5.4552 5.5 5.5 5.5 5.5
