0.38505 0.30574 0.44379 0.42111 0.60352 0.20862 0.58448 0.66303 0.34704 0.96213
0.38717 0.30642 0.44536 0.42463 0.60576 0.21211 0.588 0.66607 0.35774 0.97323
0.38934 0.29159 0.45159 0.42273 0.49274 0.22352 0.59489 0.66956 0.36539 0.99124
0.40578 0.30464 0.47391 0.43117 0.50645 0.23386 0.61151 0.67744 0.39302 1.05158
0.42539 0.32173 0.50027 0.44921 0.5338 0.24866 0.63825 0.69012 0.42144 1.09727
0.43779 0.33566 0.52952 0.46751 0.54763 0.2634 0.66456 0.70707 0.44936 1.07575
0.45437 0.39658 0.56288 0.48702 0.5664 0.28105 0.70239 0.72139 0.48185 1.08837
0.47759 0.42007 0.60669 0.50571 0.59896 0.30289 0.81551 0.73393 0.53406 1.10944
0.67594 0.44811 0.68154 0.52826 0.67221 0.42749 0.9923 0.75749 0.5942 1.13903
0.79951 0.61834 0.80054 0.56502 0.85866 0.74547 1.05715 0.78846 0.67823 1.24957
1.00498 1.50483 1.07063 0.98527 1.59116 1.36331 1.72983 1.5328 1.79374 1.67457
2.64054 2.72198 3.02034 2.38472 2.89831 2.95156 2.82367 3.20044 3.55226 2.99518
3.91077 3.75411 4.22254 3.76771 4.02646 3.7761 4.0619 4.25332 4.55685 4.12768
4.5919 4.56051 4.84973 4.56371 4.68072 4.11926 4.87847 4.74006 5.18511 4.82854
5.28271 5.02002 5.41603 5.10733 5.24376 5.26635 5.31297 5.28479 5.37891 5.32293
5.44784 5.41887 5.4764 5.39945 5.5 5.45982 5.5 5.44798 5.5 5.5
5.5 5.5 5.5 5.5 5.5 5.5 5.5 5.5 5.5 5.5
5.5 5.5 5.5 5.5 5.5 5.5 5.5 5.5 5.5 5.5
5.5 5.5 5.5 5.5 5.5 5.5 5.5 5.5 5.5 5.5
5.5 5.5 5.5 5.5 5.5 5.5 5.5 5.5 5.5 5.5
5.5 5.5 5.5 5.5 5.5 5.5 5.5 5.5 5.5 5.5
