2.0051 2.11996 0.91885 0.96741 0.69214 1.90431 2.87353 2.49435 2.1464 1.552
2.01788 2.13071 0.92379 0.97081 0.695 1.91533 2.88085 2.50829 2.17496 1.54956
2.02885 2.13861 0.924 0.97754 0.69804 2.01115 2.88903 2.54323 2.19447 1.59714
2.04148 2.15626 0.93105 0.99536 0.70463 2.02938 2.9043 2.55555 2.21904 1.61052
2.06893 2.15733 0.94667 1.01884 0.71732 1.93372 2.92552 2.58022 2.23675 1.62762
2.13287 2.23917 0.96174 1.038 0.72835 2.04449 2.94541 2.60541 2.28581 1.64136
2.17607 2.27292 0.97893 1.06835 0.74843 2.17375 2.96048 2.69104 2.32834 1.65372
2.23499 2.34212 0.99619 1.11151 0.77458 2.2495 2.97443 2.79416 2.36093 1.67864
2.29401 2.46408 1.01455 1.16858 0.81173 2.35105 2.99138 2.90642 2.7602 1.73655
2.43361 2.95575 1.04453 1.26591 0.86391 2.65142 3.01196 3.19082 3.12173 1.79316
3.30369 3.53162 1.45536 1.81834 1.3344 3.13278 3.08331 3.47578 3.44459 1.88038
4.51331 4.46579 3.14165 3.89015 2.85115 3.98929 4.33686 4.62431 4.52539 2.77101
5.16442 5.48611 4.34437 4.95468 4.07501 4.67438 5.29412 5.19428 5.13682 4.03847
5.4293 5.5 4.86538 5.20954 5.01357 5.1644 5.5 5.5 5.5 4.94328
5.5 5.5 5.07817 5.5 5.3021 5.5 5.5 5.5 5.5 5.36343
5.5 5.5 5.32664 5.5 5.5 5.5 5.5 5.5 5.5 5.5
5.5 5.5 5.5 5.5 5.5 5.5 5.5 5.5 5.5 5.5
5.5 5.5 5.5 5.5 5.5 5.5 5.5 5.5 5.5 5.5
5.5 5.5 5.5 5.5 5.5 5.5 5.5 5.5 5.5 5.5
5.5 5.5 5.5 5.5 5.5 5.5 5.5 5.5 5.5 5.5
5.5 5.5 5.5 5.5 5.5 5.5 5.5 5.5 5.5 5.5
