0.13955 0.42485 0.64431 0.32206 0.57208 1.30124 1.73574 1.27893 2.1369 1.73576
0.14066 0.42688 0.64675 0.32624 0.57616 1.30659 1.74721 1.2861 2.17693 1.74248
0.15194 0.42903 0.6495 0.3347 0.58044 1.31277 1.77665 1.29563 2.23436 1.75118
0.15381 0.50878 0.65303 0.33261 0.5874 1.31924 1.80459 1.31777 2.26848 1.77205
0.15976 0.51053 0.65849 0.33965 0.59713 1.33116 1.84738 1.3352 2.31628 1.80277
0.17333 0.52341 0.6696 0.4061 0.6338 1.35135 1.91186 1.47893 2.34695 1.86019
0.18966 0.54272 0.67836 0.45559 0.70828 1.37353 1.98727 1.55512 2.38252 1.9904
0.24121 0.60976 0.77658 0.57193 0.85449 1.50628 2.14404 1.64879 2.42502 2.23258
0.44477 0.86292 1.01266 0.93634 1.21093 1.71941 2.59425 1.94289 2.59267 2.4337
0.82665 1.34536 1.48032 1.56359 1.94303 2.08135 3.21281 2.44401 2.91137 3.26122
1.49411 2.07669 2.09953 2.47026 3.20056 2.62276 4.86279 3.39758 3.29741 4.4093
2.49525 2.93181 3.04154 3.49322 4.53907 3.37584 5.5 4.35584 3.90547 5.01493
3.64429 3.88199 4.38763 4.58875 5.28152 4.49752 5.5 4.87694 4.38082 5.5
4.54304 4.72886 5.14899 5.04901 5.5 5.18121 5.5 5.38463 4.88663 5.5
5.39872 5.30274 5.32578 5.5 5.5 5.5 5.5 5.5 5.26268 5.5
5.5 5.5 5.5 5.5 5.5 5.5 5.5 5.5 5.5 5.5
5.5 5.5 5.5 5.5 5.5 5.5 5.5 5.5 5.5 5.5
5.5 5.5 5.5 5.5 5.5 5.5 5.5 5.5 5.5 5.5
5.5 5.5 5.5 5.5 5.5 5.5 5.5 5.5 5.5 5.5
5.5 5.5 5.5 5.5 5.5 5.5 5.5 5.5 5.5 5.5
5.5 5.5 5.5 5.5 5.5 5.5 5.5 5.5 5.5 5.5
