1.66336 2.01784 0.57941 1.92287 0.94138 2.02875 1.77587 1.72157 1.86187 2.92151
1.6708 2.03811 0.5947 1.92795 0.97755 2.03068 1.79356 1.72534 1.87101 2.937
2.23344 2.04274 0.64141 1.93457 1.03422 2.03094 1.78946 1.80173 1.8688 2.95151
1.71422 2.05727 0.64853 1.94346 1.15221 4.15054 1.81934 1.8613 1.92276 2.97046
1.72218 2.0785 0.65987 1.96306 1.30279 2.12109 1.83827 1.89774 1.93675 2.99314
1.80873 2.1551 0.67813 1.98231 1.37206 4.27237 2.01959 1.92752 1.98952 2.99347
2.00834 2.2052 0.69882 2.08989 1.40179 2.24378 2.13892 1.95685 2.02254 3.0844
2.18002 2.34385 0.76742 2.25937 1.48019 2.36988 2.33897 2.04061 2.17824 3.18889
2.54671 2.70044 0.95491 2.54864 1.67586 3.32083 2.62046 2.22164 2.4048 3.35838
3.26607 3.43589 1.3723 3.08241 2.10624 3.8379 3.0823 2.59113 2.95409 3.94887
3.86036 4.26171 2.1662 3.61877 2.73948 4.48808 3.66897 3.18005 3.78209 4.81912
5.15977 4.87481 3.09225 4.43924 3.54877 5.34737 4.40817 3.81135 4.92941 5.49222
5.1607 5.2817 4.14742 5.14316 4.46142 5.31162 4.74383 4.25267 5.36842 5.5
5.4957 5.5 4.78715 5.46874 5.03879 5.47311 5.01015 5.06286 5.5 5.5
5.49561 5.5 5.2221 5.5 5.38106 5.40714 5.35046 5.33917 5.5 5.5
5.5 5.5 5.5 5.5 5.5 5.5 5.5 5.5 5.5 5.5
5.5 5.5 5.5 5.5 5.5 5.5 5.5 5.5 5.5 5.5
5.5 5.5 5.5 5.5 5.5 5.5 5.5 5.5 5.5 5.5
5.5 5.5 5.5 5.5 5.5 5.5 5.5 5.5 5.5 5.5
5.5 5.5 5.5 5.5 5.5 5.5 5.5 5.5 5.5 5.5
5.5 5.5 5.5 5.5 5.5 5.5 5.5 5.5 5.5 5.5
