0.16722 0.06473 0.66262 0.74658 0.28812 0.98632 0.78856 1.36618 0.70699 1.02596
0.16917 0.07149 0.66556 0.74774 0.29019 0.99187 0.79198 1.36765 0.7104 1.0374
0.17318 0.068 0.66994 0.75139 0.29662 0.9999 0.80048 1.36496 0.71428 1.05656
0.18478 0.0777 0.68224 0.76137 0.30769 1.02168 0.81571 1.38045 0.72712 1.09288
0.18113 0.09082 0.69596 0.77703 0.31671 1.03511 0.8418 1.42603 0.74523 1.17736
0.19632 0.10339 0.71004 0.79792 0.33287 1.04474 0.86668 1.56593 0.76667 1.24409
0.21096 0.11996 0.7231 0.83353 0.34638 1.05784 0.88379 1.71565 0.7955 1.30897
0.22801 0.13851 0.73928 0.89268 0.36358 1.07373 0.90109 1.82301 0.82647 1.35503
0.24765 0.15803 0.76197 1.00292 0.38706 1.08865 0.93929 1.91494 0.94376 1.41878
0.56383 0.18551 0.95652 1.23921 0.41241 1.1279 1.15963 2.21494 1.17541 1.57297
1.70483 0.42332 1.54348 1.72678 0.97119 1.55855 2.34132 2.63975 1.91685 2.50154
3.11355 1.88284 3.03439 3.17389 2.44993 3.17598 3.78438 3.68006 3.32254 3.668
3.90325 3.69116 4.18032 4.45023 3.72139 4.33953 4.45993 4.38846 4.23151 4.5244
4.54555 4.71074 4.85725 5.05901 4.45513 4.86773 4.99851 4.87309 4.81866 5.11494
5.23202 5.31459 5.26956 5.42203 5.22885 5.38709 5.41185 5.31243 5.34828 5.39449
5.31858 5.48057 5.5 5.5 5.5 5.48541 5.5 5.5 5.5 5.5
5.5 5.5 5.5 5.5 5.5 5.5 5.5 5.5 5.5 5.5
5.5 5.5 5.5 5.5 5.5 5.5 5.5 5.5 5.5 5.5
5.5 5.5 5.5 5.5 5.5 5.5 5.5 5.5 5.5 5.5
5.5 5.5 5.5 5.5 5.5 5.5 5.5 5.5 5.5 5.5
5.5 5.5 5.5 5.5 5.5 5.5 5.5 5.5 5.5 5.5
