1.48687 1.55652 0.92331 1.26984 1.01235 2.18725 2.20519 1.55716 2.24898 2.64834
1.49999 1.56859 0.9275 1.27559 1.01581 2.19593 2.00302 1.56519 2.25862 2.65805
1.51748 1.59604 0.9315 1.28439 1.02015 2.20366 2.01165 1.57381 2.27702 2.66907
1.53862 1.61706 0.93569 1.30113 1.02475 2.21218 2.02034 1.58892 2.31162 2.68244
1.54162 1.64453 0.93725 1.31907 1.03671 2.23562 2.03433 1.61595 2.35264 2.7017
1.5719 1.68708 0.9521 1.35412 1.05877 2.2656 2.03074 1.65685 2.42234 2.73984
1.61058 1.72886 0.96438 1.40241 1.08869 2.31759 2.11377 1.80005 2.52445 2.78156
1.71632 1.87601 1.01646 1.54459 1.25574 2.67628 2.45465 1.92239 2.70136 2.90714
2.05247 2.231 1.26412 1.83301 1.69355 3.05172 2.7884 2.28775 3.00997 3.24805
2.70263 3.09077 1.73868 2.36146 2.39647 3.88402 3.33444 2.77335 3.50382 4.10487
3.55354 4.05746 2.53241 3.20427 3.21774 4.39395 3.9142 3.43191 4.40292 5.2047
4.64471 4.68109 3.60277 4.19824 4.13169 4.67799 4.51879 4.14116 5.14675 5.5
5.07177 5.0756 4.26656 5.1241 4.86276 5.00513 5.05687 4.66862 5.36577 5.5
5.41346 5.5 4.84857 5.5 5.19417 5.2877 5.5 5.20082 5.5 5.5
5.5 5.5 5.16807 5.5 5.5 5.5 5.5 5.5 5.5 5.5
5.5 5.5 5.36027 5.5 5.5 5.5 5.5 5.5 5.5 5.5
5.5 5.5 5.5 5.5 5.5 5.5 5.5 5.5 5.5 5.5
5.5 5.5 5.5 5.5 5.5 5.5 5.5 5.5 5.5 5.5
5.5 5.5 5.5 5.5 5.5 5.5 5.5 5.5 5.5 5.5
5.5 5.5 5.5 5.5 5.5 5.5 5.5 5.5 5.5 5.5
5.5 5.5 5.5 5.5 5.5 5.5 5.5 5.5 5.5 5.5
