0.58896 2.48369 2.18673 0.68046 1.30021 3.63792 2.97972 3.72119 4.38482 1.05282
0.61506 2.52807 2.19542 0.7824 1.30518 3.6545 3 3.73619 4.36744 1.14548
0.64159 2.61619 2.24292 0.73076 1.25076 3.86665 3.05728 3.73543 4.57535 1.21353
0.66577 2.76353 2.30859 0.77829 1.27417 3.91061 3.11739 3.8205 4.74552 1.17798
0.72452 3.11957 2.34147 0.90159 1.32109 3.94846 3.30967 3.80933 5.05254 1.11848
0.79109 3.3716 2.34817 0.92965 1.35473 4.08596 3.60369 3.86129 5.5 1.14434
0.99574 3.642 2.39579 0.89294 1.40037 4.21418 4.25079 3.72199 5.5 1.18033
1.218 3.72866 2.47985 1.07733 1.50628 4.33641 4.73109 3.86252 5.5 1.22697
1.54265 3.97943 2.84425 1.27706 1.6811 4.33581 5.18644 3.93404 5.5 1.33563
2.09706 4.23278 3.37853 1.85733 2.07333 4.17782 5.39157 4.68283 5.5 2.59553
4.51904 5.01949 4.91727 3.35302 3.65269 5.5 5.5 5.5 5.5 5.1817
5.5 5.5 5.43078 5.02203 5.5 5.5 5.5 5.5 5.5 5.5
5.5 5.5 5.5 5.5 5.5 5.5 5.5 5.5 5.5 5.5
5.5 5.5 5.5 5.5 5.5 5.5 5.5 5.5 5.5 5.5
5.5 5.5 5.5 5.5 5.5 5.5 5.5 5.5 5.5 5.5
5.5 5.5 5.5 5.5 5.5 5.5 5.5 5.5 5.5 5.5
5.5 5.5 5.5 5.5 5.5 5.5 5.5 5.5 5.5 5.5
5.5 5.5 5.5 5.5 5.5 5.5 5.5 5.5 5.5 5.5
5.5 5.5 5.5 5.5 5.5 5.5 5.5 5.5 5.5 5.5
5.5 5.5 5.5 5.5 5.5 5.5 5.5 5.5 5.5 5.5
5.5 5.5 5.5 5.5 5.5 5.5 5.5 5.5 5.5 5.5
