1.72879 1.26048 1.60018 2.55731 2.45844 5.34232 5.5 5.5 3.28502 3.29272
1.73961 1.34854 1.63471 2.56969 2.4807 5.36351 5.5 5.5 3.34232 3.30651
1.75591 1.38354 1.69058 2.58405 2.51072 5.39075 5.5 5.5 3.464 3.32516
1.78603 1.41545 1.7598 2.61213 2.58675 5.43754 5.5 5.5 3.79461 3.35671
1.81459 1.35681 1.80902 2.63455 2.65338 5.47529 5.5 5.5 3.97692 3.38375
1.83954 1.41221 1.94057 2.66137 2.72712 5.5 5.5 5.5 4.08497 3.41797
2.09782 1.53477 2.09186 2.70189 2.86198 5.5 5.5 5.5 4.17179 3.49692
2.39048 1.85967 2.28034 2.80219 3.04425 5.5 5.5 5.5 4.41474 3.6081
2.49053 2.34535 2.73773 2.9544 3.35787 5.5 5.5 5.5 4.75804 3.71636
2.99616 3.09098 3.41526 3.27203 3.64918 5.5 5.5 5.5 5.5 3.83165
4.2051 4.02975 3.93208 4.39406 4.65746 5.5 5.5 5.5 5.5 4.87733
5.2372 4.81841 5.4733 5.5 5.5 5.5 5.5 5.5 5.5 5.5
5.5 5.5 5.5 5.5 5.5 5.5 5.5 5.5 5.5 5.5
5.5 5.5 5.5 5.5 5.5 5.5 5.5 5.5 5.5 5.5
5.5 5.5 5.5 5.5 5.5 5.5 5.5 5.5 5.5 5.5
5.5 5.5 5.5 5.5 5.5 5.5 5.5 5.5 5.5 5.5
5.5 5.5 5.5 5.5 5.5 5.5 5.5 5.5 5.5 5.5
5.5 5.5 5.5 5.5 5.5 5.5 5.5 5.5 5.5 5.5
5.5 5.5 5.5 5.5 5.5 5.5 5.5 5.5 5.5 5.5
5.5 5.5 5.5 5.5 5.5 5.5 5.5 5.5 5.5 5.5
5.5 5.5 5.5 5.5 5.5 5.5 5.5 5.5 5.5 5.5
