0.39804 1.99944 2.24606 1.04069 0.93662 2.51796 3.43639 2.69339 1.84718 1.19606
0.41561 2.01194 2.28077 1.0497 0.98432 2.54209 3.45724 2.71874 1.96749 1.16131
0.48391 2.03675 2.31053 1.05777 0.93273 2.58014 3.4613 2.75536 1.97597 1.16151
0.50913 2.12439 2.40045 1.08923 0.98406 2.59588 3.59263 2.7743 2.35014 1.26768
0.60411 2.2865 2.38324 1.01861 1.00426 2.67369 3.81493 2.89469 2.2127 1.30281
0.71698 2.57541 2.51416 1.03648 1.15089 2.90209 3.93182 2.92935 2.4712 1.36522
0.88329 2.73169 2.56117 1.25256 1.21132 2.97454 4.33322 2.99303 2.70491 1.45945
1.14069 3.15715 2.68435 1.30004 1.27074 3.17636 4.94345 2.96021 2.82932 1.74712
1.5047 3.42704 2.99953 1.47205 1.40781 3.53609 5.22972 3.0658 3.4485 1.83316
1.91766 3.76672 3.39968 1.90566 1.77217 3.82607 5.35058 3.32697 3.81553 2.20095
3.40123 4.50919 4.87609 3.36729 3.0212 4.11918 5.48892 4.35817 4.98823 5.14929
5.499 5.5 5.39943 4.636 5.24122 5.5 5.5 5.5 5.5 5.5
5.5 5.5 5.5 5.12654 5.5 5.5 5.5 5.5 5.5 5.5
5.5 5.5 5.5 5.5 5.5 5.5 5.5 5.5 5.5 5.5
5.5 5.5 5.5 5.5 5.5 5.5 5.5 5.5 5.5 5.5
5.5 5.5 5.5 5.5 5.5 5.5 5.5 5.5 5.5 5.5
5.5 5.5 5.5 5.5 5.5 5.5 5.5 5.5 5.5 5.5
5.5 5.5 5.5 5.5 5.5 5.5 5.5 5.5 5.5 5.5
5.5 5.5 5.5 5.5 5.5 5.5 5.5 5.5 5.5 5.5
5.5 5.5 5.5 5.5 5.5 5.5 5.5 5.5 5.5 5.5
5.5 5.5 5.5 5.5 5.5 5.5 5.5 5.5 5.5 5.5
