0.15012 0.99191 0.37553 0.48423 0.51435 2.31919 1.59029 0.95785 0.82629 1.03947
0.17285 0.9966 0.37644 0.48599 0.51838 2.33323 1.59974 0.96193 0.86063 1.04782
0.1863 1.01621 0.36955 0.48956 0.55239 2.3502 2.14482 0.98061 0.88788 1.03364
0.20971 1.14386 0.37516 0.5074 0.53771 2.40481 2.18784 0.99274 0.9402 1.02579
0.24418 1.3073 0.39148 0.53911 0.54954 2.48049 2.23172 1.05669 0.98348 1.1473
0.29029 1.44387 0.41194 0.61322 0.55823 2.53617 2.37653 1.16671 1.09548 1.27692
0.40737 1.62133 0.56181 1.24333 0.76052 2.9465 3.04466 1.60681 1.333 1.57968
1.30804 2.47808 1.50812 2.42389 1.77111 4.37494 4.284 2.79678 2.6486 2.60782
2.16477 3.48234 2.39326 3.01131 2.45995 4.88304 4.5909 3.63642 3.78469 3.50376
2.91532 4.82561 3.40583 3.6859 3.09925 5.5 4.92763 4.44191 4.74237 5.49196
4.19525 5.17238 4.06463 4.50468 3.76687 5.5 5.32666 5.2336 5.35935 5.5
4.81695 5.5 5.12638 5.10179 4.78026 5.5 5.5 5.5 5.5 5.5
5.3795 5.5 5.44885 5.44348 5.10542 5.5 5.5 5.5 5.5 5.5
5.5 5.5 5.5 5.5 5.45825 5.5 5.5 5.5 5.5 5.5
5.5 5.5 5.5 5.5 5.5 5.5 5.5 5.5 5.5 5.5
5.5 5.5 5.5 5.5 5.5 5.5 5.5 5.5 5.5 5.5
5.5 5.5 5.5 5.5 5.5 5.5 5.5 5.5 5.5 5.5
5.5 5.5 5.5 5.5 5.5 5.5 5.5 5.5 5.5 5.5
5.5 5.5 5.5 5.5 5.5 5.5 5.5 5.5 5.5 5.5
5.5 5.5 5.5 5.5 5.5 5.5 5.5 5.5 5.5 5.5
5.5 5.5 5.5 5.5 5.5 5.5 5.5 5.5 5.5 5.5
