1.46363 1.5041 1.17185 0.96894 1.44985 1.66089 2.87601 2.79501 3.31313 3.03472
1.46798 1.50933 1.16473 0.97253 1.45473 1.67173 2.89094 2.80442 3.31962 3.03654
1.47261 1.51485 1.17056 0.97705 1.45757 1.68392 2.91958 2.81403 3.32428 3.07877
1.47804 1.52042 1.17777 0.98422 1.46185 1.74071 2.95133 2.82422 3.33153 3.1498
1.48851 1.51472 1.18559 1.00418 1.46841 1.79131 2.98133 2.8357 3.34048 3.16689
1.5128 1.52472 1.06191 1.00819 1.48037 1.77698 3.06423 2.8192 3.3171 3.18883
1.56534 1.55481 1.10739 1.02079 1.52096 1.88419 3.06021 2.84409 3.37274 3.21579
1.66617 1.59624 1.2391 1.10992 1.61106 2.04131 3.31443 2.89716 3.563 3.28005
1.99168 1.81992 1.51649 1.33717 1.86385 2.33231 3.45955 3.1017 3.89704 3.44443
2.47145 2.30299 2.09239 1.82658 2.37572 2.84083 3.79746 3.74976 4.13254 3.80927
3.03666 3.03343 2.99523 2.60724 3.09051 3.65206 4.36218 4.86983 4.6842 4.4954
3.61254 3.87343 3.87732 3.38679 3.98878 4.43079 5.014 5.49837 5.31462 4.99785
4.2768 4.72799 4.5783 3.95258 4.65728 5.18034 5.48404 5.5 5.5 5.17033
4.8206 5.21286 5.18514 4.36688 5.14118 5.5 5.5 5.5 5.5 5.36912
5.39664 5.5 5.5 5.02392 5.49815 5.5 5.5 5.5 5.5 5.5
5.5 5.5 5.5 5.5 5.5 5.5 5.5 5.5 5.5 5.5
5.5 5.5 5.5 5.5 5.5 5.5 5.5 5.5 5.5 5.5
5.5 5.5 5.5 5.5 5.5 5.5 5.5 5.5 5.5 5.5
5.5 5.5 5.5 5.5 5.5 5.5 5.5 5.5 5.5 5.5
5.5 5.5 5.5 5.5 5.5 5.5 5.5 5.5 5.5 5.5
5.5 5.5 5.5 5.5 5.5 5.5 5.5 5.5 5.5 5.5
