0.91057 1.60075 1.27044 1.58114 1.98902 3.41438 5.1769 4.04685 2.87036 3.34356
0.89458 1.60655 1.32491 1.58249 1.99514 3.4237 5.18183 4.05579 2.88961 3.35756
0.89812 1.63881 1.28226 1.58256 2.00879 3.43322 5.18738 3.92733 2.91216 3.37341
0.91029 1.63313 1.29357 1.64818 1.9968 3.44395 5.19589 4.08708 2.94865 3.39532
0.95901 1.65683 1.33207 1.6831 2.02327 3.45949 5.20887 4.10272 2.98337 3.43651
0.9545 1.68545 1.32284 1.73621 2.07152 3.47142 5.21952 4.10098 3.02798 3.47979
1.04349 1.80226 1.4089 1.81201 2.11944 3.48068 5.23105 4.06546 3.07281 3.54826
1.06935 1.8513 1.42492 1.8486 2.2072 3.49392 5.23781 4.0954 3.11928 3.63384
1.1004 1.88932 1.46587 1.89732 2.27443 3.51013 5.25259 4.13598 3.17129 3.78949
1.14455 1.99072 1.52184 1.96817 2.41025 3.53288 5.34498 4.22087 3.26299 3.96147
1.51989 2.11709 1.69384 2.03295 2.96529 3.6305 5.39301 4.42787 3.49209 3.87273
2.71642 3.45681 3.06792 3.87953 4.70996 4.29018 5.5 5.13304 4.44947 4.77741
3.84507 4.94765 4.74587 4.77705 5.27933 4.90181 5.5 5.33658 5.04328 5.5
4.81355 5.41013 5.19102 5.27968 5.5 5.26139 5.5 5.5 5.27834 5.5
5.30287 5.5 5.47117 5.5 5.5 5.5 5.5 5.5 5.5 5.5
5.5 5.5 5.5 5.5 5.5 5.5 5.5 5.5 5.5 5.5
5.5 5.5 5.5 5.5 5.5 5.5 5.5 5.5 5.5 5.5
5.5 5.5 5.5 5.5 5.5 5.5 5.5 5.5 5.5 5.5
5.5 5.5 5.5 5.5 5.5 5.5 5.5 5.5 5.5 5.5
5.5 5.5 5.5 5.5 5.5 5.5 5.5 5.5 5.5 5.5
5.5 5.5 5.5 5.5 5.5 5.5 5.5 5.5 5.5 5.5
