0.0643 0.85064 0.52585 0.58827 0.6215 1.13918 1.99221 0.98456 0.84946 1.20927
0.0653 0.85336 0.52729 0.58642 0.63295 1.14583 2.00483 0.99129 0.85788 1.21743
0.07197 0.80696 0.55638 0.60789 0.62154 1.15596 2.00595 0.96247 0.87787 1.21734
0.08584 0.87529 0.58739 0.62177 0.64782 1.18107 2.0193 1.01333 0.91222 1.24319
0.10892 0.89354 0.60742 0.61924 0.66487 1.21645 2.03503 1.03431 0.93135 1.25811
0.12766 0.91526 0.62434 0.63053 0.6792 1.33804 2.04827 1.03724 0.98488 1.32005
0.15534 0.96662 0.63459 0.68446 0.6958 1.40247 2.33495 1.06283 1.03309 1.34181
0.18287 1.22643 0.64556 0.71039 0.71312 1.47401 2.35429 1.1265 1.09724 1.3676
0.21273 1.4194 0.66237 0.75595 0.7375 1.58259 2.40423 1.20926 1.15908 1.42016
0.24961 1.55459 0.70904 0.82716 0.77906 1.76391 2.48332 1.33837 1.24327 1.53878
0.42481 2.33333 0.93417 1.18566 1.13941 1.95647 2.73405 1.61645 1.46592 1.86239
2.04709 3.68334 2.08897 2.36716 2.45299 3.13181 3.67736 2.74769 2.78892 3.14731
3.86583 4.49026 3.23782 3.70658 3.84457 4.63378 4.38056 3.71454 4.55845 5.5
4.54618 5.13093 4.22905 4.36226 4.58556 5.31371 5.13793 4.7328 5.5 5.5
5.09558 5.39493 4.94891 5.21123 5.19819 5.5 5.5 5.5 5.5 5.5
5.5 5.5 5.48837 5.38739 5.49024 5.5 5.5 5.5 5.5 5.5
5.5 5.5 5.5 5.5 5.5 5.5 5.5 5.5 5.5 5.5
5.5 5.5 5.5 5.5 5.5 5.5 5.5 5.5 5.5 5.5
5.5 5.5 5.5 5.5 5.5 5.5 5.5 5.5 5.5 5.5
5.5 5.5 5.5 5.5 5.5 5.5 5.5 5.5 5.5 5.5
5.5 5.5 5.5 5.5 5.5 5.5 5.5 5.5 5.5 5.5
