2.31855 2.74013 3.00727 3.63787 4.29902 4.87135 5.49023 5.32753 4.81741 5.38495
2.35251 2.74142 3.01479 3.70422 4.30659 4.87789 5.49194 5.33137 4.82905 5.38735
2.36853 2.76478 3.03865 3.81705 4.31374 4.88501 5.49366 5.33525 4.83594 5.38983
2.42572 2.80867 3.09532 3.8794 4.31869 4.89228 5.49546 5.33954 4.84332 5.39251
2.45471 2.83436 3.18543 4.0059 4.30165 4.90089 5.49756 5.34504 4.85807 5.3954
2.48959 2.9933 3.29484 4.04434 4.31026 4.91215 5.5 5.35228 4.87783 5.39826
2.52628 3.03254 3.33132 4.09737 4.4308 4.92443 5.5 5.35876 4.90224 5.40134
2.58479 3.10954 3.38122 4.16583 4.45853 4.94969 5.5 5.36816 4.94525 5.41011
3.0228 3.51055 3.83953 4.4792 4.54364 5.19947 5.5 5.44279 5.0638 5.49486
3.6546 4.07707 4.48241 4.9018 4.89508 5.41797 5.5 5.5 5.1313 5.5
4.55169 5.10386 5.09422 5.33525 5.40476 5.5 5.5 5.5 5.25108 5.5
5.18283 5.49725 5.45139 5.5 5.5 5.5 5.5 5.5 5.5 5.5
5.34277 5.5 5.5 5.5 5.5 5.5 5.5 5.5 5.5 5.5
5.5 5.5 5.5 5.5 5.5 5.5 5.5 5.5 5.5 5.5
5.5 5.5 5.5 5.5 5.5 5.5 5.5 5.5 5.5 5.5
5.5 5.5 5.5 5.5 5.5 5.5 5.5 5.5 5.5 5.5
5.5 5.5 5.5 5.5 5.5 5.5 5.5 5.5 5.5 5.5
5.5 5.5 5.5 5.5 5.5 5.5 5.5 5.5 5.5 5.5
5.5 5.5 5.5 5.5 5.5 5.5 5.5 5.5 5.5 5.5
5.5 5.5 5.5 5.5 5.5 5.5 5.5 5.5 5.5 5.5
5.5 5.5 5.5 5.5 5.5 5.5 5.5 5.5 5.5 5.5
