3.7115 3.66678 3.19303 3.44714 3.3697 5.31809 5.48102 5.22936 5.42861 5.34121
3.71876 3.67472 3.20511 3.45014 3.38322 5.3229 5.48403 5.23352 5.43153 5.34654
3.72641 3.68139 3.22377 3.45718 3.40071 5.32809 5.48732 5.2379 5.44235 5.35197
3.693 3.69371 3.24298 3.55178 3.41669 5.3337 5.49083 5.24276 5.45667 5.35691
3.60076 3.7325 3.27414 3.52469 3.50082 5.3398 5.49512 5.24899 5.47381 5.38221
3.62068 3.83022 3.3153 3.57967 3.59109 5.34557 5.49901 5.25753 5.47989 5.41175
3.64942 3.93864 3.35966 3.91157 3.68547 5.35046 5.5 5.26458 5.48267 5.41599
3.72087 4.05645 3.41809 3.97661 3.73261 5.36047 5.5 5.27722 5.48764 5.43622
4.06471 4.38588 3.6938 4.44902 3.92132 5.45174 5.5 5.40107 5.5 5.49885
4.63178 4.61064 4.18464 4.89467 4.32441 5.5 5.5 5.5 5.5 5.5
5.04078 5.01279 4.85353 5.25458 4.98374 5.5 5.5 5.5 5.5 5.5
5.5 5.47152 5.35279 5.4328 5.5 5.5 5.5 5.5 5.5 5.5
5.5 5.5 5.47993 5.5 5.5 5.5 5.5 5.5 5.5 5.5
5.5 5.5 5.5 5.5 5.5 5.5 5.5 5.5 5.5 5.5
5.5 5.5 5.5 5.5 5.5 5.5 5.5 5.5 5.5 5.5
5.5 5.5 5.5 5.5 5.5 5.5 5.5 5.5 5.5 5.5
5.5 5.5 5.5 5.5 5.5 5.5 5.5 5.5 5.5 5.5
5.5 5.5 5.5 5.5 5.5 5.5 5.5 5.5 5.5 5.5
5.5 5.5 5.5 5.5 5.5 5.5 5.5 5.5 5.5 5.5
5.5 5.5 5.5 5.5 5.5 5.5 5.5 5.5 5.5 5.5
5.5 5.5 5.5 5.5 5.5 5.5 5.5 5.5 5.5 5.5
