1.20496 1.28027 0.34663 1.19713 0.85997 0.63301 0.37859 0.65785 0.83288 0.62364
1.21189 1.2803 0.35151 1.20023 0.86015 0.63257 0.33751 0.66579 0.83301 0.64747
1.22336 1.2824 0.35165 1.21659 0.88032 0.63393 0.33913 0.67477 0.83391 0.64881
1.2316 1.308 0.35188 1.2117 0.91507 0.63464 0.34596 0.78799 0.82887 0.69413
1.23942 1.21474 0.34752 1.21419 0.949 0.63796 0.35085 0.83753 0.83023 0.70081
1.24864 1.24515 0.43979 1.18954 0.98169 0.6407 0.36256 0.9018 0.83314 0.70242
1.26355 1.25208 0.36277 1.16714 1.01143 0.685 0.37413 0.97972 0.84027 0.73497
1.25682 1.36292 0.46866 1.20528 1.04859 0.69841 0.41124 1.04103 0.85473 0.73743
1.33834 1.44143 0.5223 1.23085 1.13384 0.74339 0.48306 1.07311 0.91671 0.76324
1.49478 1.60731 0.65851 1.3447 1.23841 0.89236 0.60282 1.16502 1.0007 0.79919
2.11478 2.25058 1.13093 1.90013 1.55014 1.38049 1.15634 1.55068 1.37841 1.11319
3.63643 3.58218 2.48245 3.24755 2.56506 2.55801 2.569 2.78865 2.55766 2.38006
4.90958 4.8163 3.94525 4.38356 3.80674 3.91721 3.84997 4.01616 3.73598 3.63453
5.14763 5.35548 4.71007 4.94271 4.64954 4.60245 4.58967 4.70206 4.60451 4.49592
5.45894 5.5 5.34578 5.46991 5.32587 5.10816 5.24121 5.06201 5.38852 5.20268
5.5 5.5 5.48834 5.5 5.49562 5.39354 5.49705 5.36584 5.5 5.5
5.5 5.5 5.5 5.5 5.5 5.5 5.5 5.5 5.5 5.5
5.5 5.5 5.5 5.5 5.5 5.5 5.5 5.5 5.5 5.5
5.5 5.5 5.5 5.5 5.5 5.5 5.5 5.5 5.5 5.5
5.5 5.5 5.5 5.5 5.5 5.5 5.5 5.5 5.5 5.5
5.5 5.5 5.5 5.5 5.5 5.5 5.5 5.5 5.5 5.5
