1.85893 1.1703 1.04566 1.1727 0.64328 1.5004 1.59418 1.34812 0.57123 0.89806
1.82422 1.17299 1.03116 1.18226 0.64246 1.542 1.55986 1.36967 0.61216 0.90446
1.83684 1.17565 1.05062 1.19625 0.64759 1.56863 1.5657 1.42143 0.6027 0.91274
1.9009 1.19418 1.09585 1.2217 0.64631 1.634 1.49678 1.37867 0.61574 0.89304
1.88392 1.21464 1.12408 1.24454 0.67643 1.68792 1.50612 1.38234 0.63281 1.00799
1.91851 1.23349 1.13574 1.26626 0.69971 1.74134 1.51973 1.43284 0.6505 1.04318
2.03457 1.26791 1.0971 1.30172 0.72634 1.80664 1.62333 1.51916 0.62632 1.0846
2.14681 1.30671 1.11848 1.34005 0.75229 1.95392 1.67906 1.59255 0.68513 1.16594
2.25152 1.54026 1.15238 1.40791 0.78368 2.08179 1.83598 1.64477 0.86561 1.28244
2.35483 1.77955 1.22569 1.60798 0.84505 2.31367 2.14531 1.80892 0.95151 1.36594
3.22429 2.23404 1.77513 2.64381 1.3618 3.06204 2.95511 2.29102 1.44222 2.74058
4.42459 3.65238 3.10148 3.94063 2.82509 4.17435 4.12559 3.66521 2.6143 4.39841
5.01801 4.85894 4.2981 4.5102 4.04102 4.90503 4.86875 4.45659 3.83013 5.07184
5.35202 5.21229 4.89623 4.98769 4.68391 5.28858 5.28885 4.82143 4.51919 5.27851
5.5 5.46998 5.45551 5.40794 5.34901 5.39807 5.5 5.23247 5.19382 5.36475
5.5 5.5 5.5 5.5 5.5 5.39912 5.5 5.29333 5.41514 5.43338
5.5 5.5 5.5 5.5 5.5 5.40018 5.5 5.29742 5.5 5.5
5.5 5.5 5.5 5.5 5.5 5.40124 5.5 5.30047 5.5 5.5
5.5 5.5 5.5 5.5 5.5 5.4023 5.5 5.30353 5.5 5.5
5.5 5.5 5.5 5.5 5.5 5.40337 5.5 5.30659 5.5 5.5
5.5 5.5 5.5 5.5 5.5 5.40444 5.5 5.30965 5.5 5.5
