0.86231 1.13525 0.49363 0.79089 0.84536 0.56441 3.14522 2.83568 1.8764 1.94732
0.86468 1.14095 0.49737 0.79676 0.84956 0.45621 3.1526 3.13606 1.88553 1.95273
0.87097 1.15199 0.64557 0.80815 0.85438 0.46117 3.15854 3.15295 1.89673 1.96138
0.88646 1.17885 0.67892 0.82482 0.86582 0.60886 3.18171 3.2751 1.93923 1.9746
0.90785 1.19891 0.59463 0.7882 0.87833 0.6406 3.19964 3.33791 2.00645 2.32372
0.92163 1.21492 0.6385 0.86355 0.914 0.72073 3.22842 3.36794 2.10896 2.00538
0.93142 1.23464 0.70107 0.88716 0.92728 0.82128 3.24671 3.45377 2.17585 2.02284
0.94897 1.25547 0.75606 0.90991 0.95051 0.87972 3.29331 3.48964 2.33754 2.07914
0.98194 1.39217 1.04547 0.97337 1.01523 0.93126 3.38646 3.53371 2.731 2.18381
1.07906 1.66304 0.90776 1.19749 1.24747 0.93443 3.5094 3.65385 3.02018 2.26103
1.56513 2.32974 1.76798 1.73491 1.6983 1.04298 3.89092 3.79307 3.63163 2.37017
3.15451 3.9604 3.53079 2.99562 2.85821 2.33518 5.00919 4.92566 4.9796 3.21715
4.276 4.65676 4.45508 4.20412 4.05016 3.51857 5.5 5.5 5.5 4.24
4.80595 4.99449 5.12535 4.59196 4.68906 4.98944 5.5 5.5 5.5 4.75833
5.11155 5.5 5.45348 5.09212 5.15412 5.5 5.5 5.5 5.5 5.36352
5.4047 5.5 5.5 5.5 5.48918 5.5 5.5 5.5 5.5 5.5
5.5 5.5 5.5 5.5 5.5 5.5 5.5 5.5 5.5 5.5
5.5 5.5 5.5 5.5 5.5 5.5 5.5 5.5 5.5 5.5
5.5 5.5 5.5 5.5 5.5 5.5 5.5 5.5 5.5 5.5
5.5 5.5 5.5 5.5 5.5 5.5 5.5 5.5 5.5 5.5
5.5 5.5 5.5 5.5 5.5 5.5 5.5 5.5 5.5 5.5
