3.35332 3.59245 3.9088 3.21472 3.74428 5.36915 5.5 5.5 5.43473 5.32694
3.36884 3.60674 3.92132 3.22713 3.76094 5.37352 5.5 5.5 5.43705 5.32933
3.38957 3.62443 3.9394 3.31621 3.77685 5.37809 5.5 5.5 5.43858 5.3319
3.41608 3.64518 3.95745 3.36075 3.78977 5.38265 5.5 5.5 5.44024 5.33443
3.44316 3.65814 3.97911 3.44551 3.97175 5.38655 5.5 5.5 5.44231 5.33733
3.47274 3.67524 3.99697 3.53769 4.02896 5.39116 5.5 5.5 5.44544 5.34038
3.51088 3.69708 4.02152 3.65771 4.08845 5.39561 5.5 5.5 5.44798 5.34337
3.61159 3.78822 4.08072 3.86196 4.13613 5.40847 5.5 5.5 5.46371 5.3518
3.85163 4.00315 4.32931 4.17335 4.30759 5.44591 5.5 5.5 5.4901 5.4035
4.27358 4.49502 4.7053 4.6462 4.7215 5.5 5.5 5.5 5.5 5.5
4.83609 5.19147 5.20736 5.21031 5.26925 5.5 5.5 5.5 5.5 5.5
5.32436 5.48573 5.43941 5.39775 5.5 5.5 5.5 5.5 5.5 5.5
5.45798 5.5 5.5 5.5 5.5 5.5 5.5 5.5 5.5 5.5
5.5 5.5 5.5 5.5 5.5 5.5 5.5 5.5 5.5 5.5
5.5 5.5 5.5 5.5 5.5 5.5 5.5 5.5 5.5 5.5
5.5 5.5 5.5 5.5 5.5 5.5 5.5 5.5 5.5 5.5
5.5 5.5 5.5 5.5 5.5 5.5 5.5 5.5 5.5 5.5
5.5 5.5 5.5 5.5 5.5 5.5 5.5 5.5 5.5 5.5
5.5 5.5 5.5 5.5 5.5 5.5 5.5 5.5 5.5 5.5
5.5 5.5 5.5 5.5 5.5 5.5 5.5 5.5 5.5 5.5
5.5 5.5 5.5 5.5 5.5 5.5 5.5 5.5 5.5 5.5
