1.78856 1.51778 0.92199 1.33675 0.76025 3.33427 3.52459 3.26375 1.04457 1.87232
1.80178 1.52268 0.92516 1.33973 0.74966 3.35536 3.53286 3.26946 1.049 1.88534
1.82368 1.53911 0.99277 1.3692 0.75332 3.38261 3.55007 3.27504 1.05423 1.89774
1.85571 1.55905 0.99855 1.39744 0.76518 3.44603 3.57048 3.28094 1.06252 1.92049
1.92249 1.58643 1.00403 1.40243 0.76029 3.52746 3.60931 3.28805 1.07494 1.94832
2.08653 1.62592 1.01813 1.41115 0.79995 3.60599 3.63062 3.2985 1.09603 2.00405
2.15106 1.69477 1.03613 1.42664 0.87911 3.75287 3.67156 3.31271 1.1335 2.04558
2.29211 1.82653 1.09395 1.49078 1.02773 3.91664 3.78711 3.35971 1.20767 2.20681
2.54723 2.10054 1.30962 1.70677 1.35254 4.23641 4.02263 3.49773 1.42285 2.7398
3.19909 2.72893 1.72812 2.15959 1.89272 4.55483 4.21756 3.69028 1.79742 3.84917
4.00381 3.4805 2.42026 2.78975 2.64404 5.00621 4.52455 3.95048 2.42124 4.2954
4.67247 4.22502 3.40721 3.41475 3.60778 5.30573 5.3116 4.54377 3.1936 4.77702
5.18238 4.83242 4.15714 4.04099 4.55909 5.45922 5.5 5.32402 4.08196 5.08893
5.5 5.20108 4.79953 4.72731 5.00382 5.5 5.5 5.5 4.64212 5.5
5.5 5.37238 5.3883 5.21866 5.5 5.5 5.5 5.5 5.5 5.5
5.5 5.5 5.5 5.5 5.5 5.5 5.5 5.5 5.5 5.5
5.5 5.5 5.5 5.5 5.5 5.5 5.5 5.5 5.5 5.5
5.5 5.5 5.5 5.5 5.5 5.5 5.5 5.5 5.5 5.5
5.5 5.5 5.5 5.5 5.5 5.5 5.5 5.5 5.5 5.5
5.5 5.5 5.5 5.5 5.5 5.5 5.5 5.5 5.5 5.5
5.5 5.5 5.5 5.5 5.5 5.5 5.5 5.5 5.5 5.5
