2.45502 1.22684 1.55025 1.43809 1.43226 4.07492 2.94131 3.33491 1.62646 2.96943
2.4745 1.23307 1.56029 1.44983 1.45862 4.08032 2.9564 3.36202 1.62892 3.00174
2.51843 1.35816 1.47668 1.45932 1.44394 4.08804 2.97851 3.40473 1.70555 3.02421
2.52556 1.37922 1.5861 1.52031 1.46207 4.07834 2.94972 3.43169 1.71642 3.07706
2.55308 1.40261 1.65484 1.52626 1.47377 4.08733 2.97739 3.46977 1.70953 3.11293
2.51005 1.44113 1.78212 1.49381 1.48543 4.12744 3.0026 3.5257 1.76234 3.13846
2.70496 1.49608 1.89928 1.50785 1.50593 4.14076 3.11619 3.56412 1.9015 3.15918
2.81331 1.56234 1.98067 1.5373 1.54253 4.17717 3.15749 3.60809 2.01269 3.31264
2.98841 1.67755 2.05037 1.59145 1.59502 4.1888 3.20854 3.67335 2.13595 3.46766
3.14585 2.01976 2.27209 1.72791 1.68269 4.18148 3.29828 3.74385 2.30965 3.75949
3.63209 2.91203 2.92424 2.27505 2.19873 4.32288 3.58519 3.90728 2.80167 3.86935
4.49926 4.27698 4.23343 3.50445 3.85304 4.74475 5.01174 4.86074 3.75098 4.61826
5.09311 5.08984 5.14683 4.19634 5.07209 5.07845 5.5 5.5 4.53673 5.10188
5.35065 5.29145 5.5 4.70119 5.40089 5.41627 5.5 5.5 5.14146 5.47562
5.5 5.5 5.5 5.38955 5.5 5.5 5.5 5.5 5.5 5.5
5.5 5.5 5.5 5.5 5.5 5.5 5.5 5.5 5.5 5.5
5.5 5.5 5.5 5.5 5.5 5.5 5.5 5.5 5.5 5.5
5.5 5.5 5.5 5.5 5.5 5.5 5.5 5.5 5.5 5.5
5.5 5.5 5.5 5.5 5.5 5.5 5.5 5.5 5.5 5.5
5.5 5.5 5.5 5.5 5.5 5.5 5.5 5.5 5.5 5.5
5.5 5.5 5.5 5.5 5.5 5.5 5.5 5.5 5.5 5.5
