0.68237 0.62868 2.23554 3.60003 1.6389 5.5 5.38372 5.5 5.39136 4.96657
0.69882 0.65373 2.24827 3.63285 1.64993 5.5 5.38892 5.5 5.39654 4.98462
0.7076 0.68072 2.2381 3.68356 1.71866 5.5 5.39652 5.5 5.40386 5.01835
0.6997 0.76973 2.20638 3.75701 1.7239 5.5 5.40884 5.5 5.41426 5.06831
0.79628 0.81783 2.24104 3.84195 1.83347 5.5 5.41844 5.5 5.42274 5.11299
0.8427 0.81935 2.24738 3.96067 1.90885 5.5 5.42787 5.5 5.4519 5.20721
0.89777 0.91786 2.43901 4.10303 2.01139 5.5 5.46317 5.5 5.5 5.33372
0.98219 1.0399 2.54493 4.31324 2.14192 5.5 5.5 5.5 5.5 5.5
1.28069 1.32959 2.71579 4.69176 2.31838 5.5 5.5 5.5 5.5 5.5
1.95908 2.5869 3.00632 5.48588 2.75044 5.5 5.5 5.5 5.5 5.5
3.96047 4.25614 3.99152 5.5 4.13231 5.5 5.5 5.5 5.5 5.5
5.30851 5.48696 5.16246 5.5 5.40716 5.5 5.5 5.5 5.5 5.5
5.5 5.5 5.5 5.5 5.5 5.5 5.5 5.5 5.5 5.5
5.5 5.5 5.5 5.5 5.5 5.5 5.5 5.5 5.5 5.5
5.5 5.5 5.5 5.5 5.5 5.5 5.5 5.5 5.5 5.5
5.5 5.5 5.5 5.5 5.5 5.5 5.5 5.5 5.5 5.5
5.5 5.5 5.5 5.5 5.5 5.5 5.5 5.5 5.5 5.5
5.5 5.5 5.5 5.5 5.5 5.5 5.5 5.5 5.5 5.5
5.5 5.5 5.5 5.5 5.5 5.5 5.5 5.5 5.5 5.5
5.5 5.5 5.5 5.5 5.5 5.5 5.5 5.5 5.5 5.5
5.5 5.5 5.5 5.5 5.5 5.5 5.5 5.5 5.5 5.5
