1.42048 1.67063 0.79738 1.27958 0.66425 1.70364 1.41239 1.86497 1.68435 1.55241
1.43899 1.66418 0.79856 1.29301 0.6654 1.71552 1.41958 1.8612 1.69179 1.56848
1.49136 1.70053 0.80351 1.2822 0.66969 1.73642 1.44507 1.87693 1.68222 1.55187
1.46635 1.6642 0.72566 1.34264 0.68724 1.64538 1.4464 1.88851 1.6989 1.5759
1.48037 1.64792 0.83544 1.37306 0.70207 1.7217 1.46585 1.91396 1.72105 1.59684
1.50785 1.67265 0.85047 1.4011 0.7174 1.78029 1.53713 1.94647 1.73856 1.61387
1.5798 1.72684 0.86647 1.19551 0.73011 1.85558 1.64334 1.98409 1.75542 1.6302
1.71435 1.83368 0.88875 1.23157 0.75079 1.96029 1.69247 2.02448 1.78748 1.65263
1.78273 1.9044 0.92249 1.27499 0.80132 2.0586 1.73831 2.1027 1.85742 1.68605
1.97394 2.09769 0.96444 1.35373 0.86403 2.39373 1.61985 2.2225 1.93469 1.73332
2.70059 2.55395 1.15859 1.63502 1.41445 2.78662 1.78118 2.42617 2.26865 1.81699
3.9459 4.06957 3.09837 3.35189 2.74502 4.38667 2.97243 3.24786 3.69091 2.93257
4.81336 5.18164 4.35647 4.41474 4.08732 5.42218 3.67973 4.10526 5.05679 4.09346
5.42763 5.40968 4.82724 5.06029 4.8827 5.5 4.46216 4.69778 5.43481 5.02201
5.5 5.5 5.34712 5.49921 5.4179 5.5 5.24841 5.5 5.5 5.5
5.5 5.5 5.5 5.5 5.5 5.5 5.5 5.5 5.5 5.5
5.5 5.5 5.5 5.5 5.5 5.5 5.5 5.5 5.5 5.5
5.5 5.5 5.5 5.5 5.5 5.5 5.5 5.5 5.5 5.5
5.5 5.5 5.5 5.5 5.5 5.5 5.5 5.5 5.5 5.5
5.5 5.5 5.5 5.5 5.5 5.5 5.5 5.5 5.5 5.5
5.5 5.5 5.5 5.5 5.5 5.5 5.5 5.5 5.5 5.5
