0.23052 0.72583 0.67507 0.82581 0.50067 0.79046 2.0815 0.76055 1.32479 1.75985
0.23168 0.73322 0.67764 0.85474 0.50419 0.81788 2.09644 0.84335 1.33265 1.78119
0.34655 0.73376 0.68017 0.85766 0.507 0.82235 2.11491 0.94157 1.34143 1.8045
0.23644 0.81195 0.68137 0.85349 0.5142 1.93116 2.22834 0.95606 1.35127 1.82965
0.24401 0.8285 0.68719 0.8551 0.51894 0.81109 2.34611 1.15136 1.36579 1.93941
0.26195 0.86424 0.71161 0.92328 0.5246 1.99627 2.2716 1.17693 1.41811 2.01128
0.28835 0.91324 0.73058 0.95321 0.58588 0.88692 2.3921 1.21422 1.46828 2.06381
0.40103 1.06519 0.85966 0.98664 0.75049 1.03804 2.5668 1.35621 1.58312 2.29869
0.64921 1.45238 1.09645 1.10685 1.10096 1.38002 2.94464 1.57498 1.80825 2.65206
1.17688 2.15714 1.51187 1.33825 1.61723 1.65861 3.59709 2.20858 2.28288 3.26165
1.9369 3.12439 2.43748 1.82431 2.3382 2.09592 4.44353 3.10543 3.11347 4.05424
3.12625 3.93366 3.57817 2.48832 3.24676 4.23995 5.01468 4.05815 3.6767 5.03968
3.71637 4.45197 4.57397 3.53312 4.22237 3.77369 5.5 4.80845 4.21751 5.5
4.71342 4.91266 4.81347 4.93352 4.84011 5.38512 5.5 5.48426 4.79032 5.5
5.04197 5.27002 5.29192 5.38869 5.5 5.20299 5.5 5.5 5.24687 5.5
5.49831 5.5 5.5 5.5 5.5 5.41865 5.5 5.5 5.5 5.5
5.5 5.5 5.5 5.5 5.5 5.5 5.5 5.5 5.5 5.5
5.5 5.5 5.5 5.5 5.5 5.5 5.5 5.5 5.5 5.5
5.5 5.5 5.5 5.5 5.5 5.5 5.5 5.5 5.5 5.5
5.5 5.5 5.5 5.5 5.5 5.5 5.5 5.5 5.5 5.5
5.5 5.5 5.5 5.5 5.5 5.5 5.5 5.5 5.5 5.5
