0.31604 0.9782 0.70151 0.68443 0.8751 1.92487 2.59582 1.47557 1.34515 1.11879
0.32397 0.98321 0.70755 0.68636 0.877 1.93399 2.63458 1.48024 1.35157 1.08457
0.31142 1.01126 0.72923 0.69654 0.87959 1.93265 2.64304 1.49557 1.35006 1.13671
0.35279 1.10194 0.72636 0.70755 0.88853 2.11122 2.61182 1.53052 1.37735 1.13776
0.38288 1.27103 0.73908 0.72087 0.89843 2.16439 2.62545 1.53505 1.3949 1.16103
0.4115 1.40199 0.74913 0.73196 0.90761 2.23723 2.76951 1.57277 1.43312 1.17316
0.4417 1.47567 0.76376 0.74354 0.9192 2.32952 3.12047 1.63406 1.47753 1.18537
0.49255 1.52564 0.77772 0.77702 0.92807 2.45365 3.1551 1.70826 1.53328 1.19573
0.56509 1.58604 0.83417 0.82028 0.94845 2.61327 3.21931 1.74049 1.60615 1.20044
0.65869 1.63969 1.05923 0.89289 0.98611 2.78549 3.27751 1.78126 1.7093 1.23291
1.50587 2.02431 1.69549 1.50735 1.29274 2.75316 3.48023 1.88331 1.92332 1.3237
3.12524 3.46971 3.023 3.35095 2.77044 4.09275 4.50182 2.96211 3.60813 2.30416
4.38242 4.78986 4.16544 4.38585 4.03014 5.00984 4.96564 3.88601 4.84922 3.71452
4.85029 5.38091 4.76158 4.95053 4.67389 5.39873 5.47669 5.02027 5.5 5.21163
5.34151 5.5 5.28302 5.35339 5.2326 5.5 5.5 5.5 5.5 5.5
5.5 5.5 5.5 5.5 5.5 5.5 5.5 5.5 5.5 5.5
5.5 5.5 5.5 5.5 5.5 5.5 5.5 5.5 5.5 5.5
5.5 5.5 5.5 5.5 5.5 5.5 5.5 5.5 5.5 5.5
5.5 5.5 5.5 5.5 5.5 5.5 5.5 5.5 5.5 5.5
5.5 5.5 5.5 5.5 5.5 5.5 5.5 5.5 5.5 5.5
5.5 5.5 5.5 5.5 5.5 5.5 5.5 5.5 5.5 5.5
