1.92807 2.65618 1.4373 1.91021 1.97661 5.45021 4.41258 4.9191 2.58639 3.46651
1.94985 2.68015 1.44975 1.99815 1.98202 5.46218 4.41751 4.93409 2.6259 3.47487
1.91467 2.7127 1.47238 2.03202 2.06102 5.47761 4.42509 4.97513 2.80892 3.64601
1.91922 2.78667 1.55348 2.09443 2.03389 5.49786 4.44004 5.08231 2.89725 3.67876
1.94747 2.86153 1.59082 2.15653 2.11488 5.5 4.45267 5.14072 2.99597 3.71438
2.10978 2.99157 1.6596 2.37521 2.24149 5.5 4.46305 5.23321 3.00926 3.74697
2.3357 3.07521 1.75735 2.41198 2.33685 5.5 4.47414 5.35606 3.10425 3.78721
2.69911 3.20231 1.89712 2.51584 2.42321 5.5 4.50921 5.38474 3.23099 3.88175
3.15856 3.57285 2.19633 2.6026 2.70498 5.5 4.61454 5.42477 3.52072 4.10807
3.90107 4.36724 3.2332 2.97928 3.16826 5.5 4.92578 5.5 3.75688 4.39604
5.02429 4.87999 4.05952 4.20778 3.9007 5.5 5.5 5.5 4.74224 4.77708
5.5 5.37646 5.00521 5.1704 5.46567 5.5 5.5 5.5 5.5 5.21148
5.5 5.48734 5.5 5.5 5.5 5.5 5.5 5.5 5.5 5.5
5.5 5.5 5.5 5.5 5.5 5.5 5.5 5.5 5.5 5.5
5.5 5.5 5.5 5.5 5.5 5.5 5.5 5.5 5.5 5.5
5.5 5.5 5.5 5.5 5.5 5.5 5.5 5.5 5.5 5.5
5.5 5.5 5.5 5.5 5.5 5.5 5.5 5.5 5.5 5.5
5.5 5.5 5.5 5.5 5.5 5.5 5.5 5.5 5.5 5.5
5.5 5.5 5.5 5.5 5.5 5.5 5.5 5.5 5.5 5.5
5.5 5.5 5.5 5.5 5.5 5.5 5.5 5.5 5.5 5.5
5.5 5.5 5.5 5.5 5.5 5.5 5.5 5.5 5.5 5.5
