0.81566 0.34137 0.55981 0.51275 0.80305 0.20916 0.62896 0.97314 0.38686 0.81872
0.82333 0.34263 0.56048 0.51595 0.81389 0.20982 0.62901 0.98096 0.38806 0.84336
0.82381 0.34449 0.56182 0.51872 0.82042 0.21296 0.62917 0.98751 0.3905 0.8491
0.82498 0.39633 0.56591 0.51954 0.78882 0.21706 0.62966 0.99149 0.39331 0.85679
0.84708 0.41161 0.57011 0.56665 0.87815 0.21407 0.63257 1.01149 0.39802 0.872
0.85484 0.42289 0.58517 0.57327 0.89094 0.21637 0.64744 1.01607 0.40132 0.90603
0.85764 0.41484 0.61783 0.5752 0.90256 0.22989 0.72286 1.02851 0.40996 0.95122
0.8645 0.45729 0.67507 0.57115 0.94764 0.23936 0.82709 1.03951 0.42925 1.08034
0.87485 0.47422 0.76426 0.603 0.99651 0.284 0.9761 1.0546 0.47105 1.27355
0.98739 0.54978 0.90955 0.67174 1.09271 0.4199 1.22759 1.09939 0.53928 1.43998
1.40785 0.88523 1.28021 0.99183 1.54344 0.90358 1.69483 1.57761 1.0515 1.83402
2.72047 2.28283 2.53643 2.27962 2.79505 2.35673 2.70339 2.99512 2.44366 3.07096
3.88727 3.94475 3.86087 3.58669 4.01546 3.63863 3.70356 4.06043 3.84636 4.13634
4.59442 4.53531 4.90043 4.22078 4.68441 4.29753 4.5793 4.76281 4.7679 4.78772
5.25312 5.35505 5.42681 4.92444 5.11929 5.28679 5.40401 5.31784 5.1651 5.31725
5.46652 5.5 5.5 5.4035 5.38544 5.47851 5.5 5.5 5.5 5.5
5.5 5.5 5.5 5.5 5.5 5.5 5.5 5.5 5.5 5.5
5.5 5.5 5.5 5.5 5.5 5.5 5.5 5.5 5.5 5.5
5.5 5.5 5.5 5.5 5.5 5.5 5.5 5.5 5.5 5.5
5.5 5.5 5.5 5.5 5.5 5.5 5.5 5.5 5.5 5.5
5.5 5.5 5.5 5.5 5.5 5.5 5.5 5.5 5.5 5.5
