0.50368 0.37218 0.43374 0.46383 0.74519 0.95991 2.69535 1.26038 1.35487 1.94952
0.50915 0.37389 0.43602 0.46773 0.74806 0.97189 2.74402 1.26385 1.38331 1.96355
0.5185 0.34156 0.42125 0.47755 0.74553 0.97869 2.78756 1.26835 1.47034 1.97775
0.52325 0.33731 0.47673 0.48824 0.75702 1.01864 2.84175 1.2852 1.57494 1.99504
0.53454 0.3692 0.50382 0.50582 0.77113 1.01098 2.91898 1.30232 1.67415 2.01547
0.54547 0.36522 0.53224 0.53523 0.78402 1.02401 3.01459 1.31384 1.84866 2.03819
0.55605 0.37969 0.5634 0.57626 0.79522 1.07059 3.08343 1.33293 1.91432 2.06082
0.57344 0.39686 0.60396 0.61765 0.81137 1.09742 3.12288 1.35156 1.96492 2.11244
0.67917 0.42341 0.69414 0.65479 0.84318 1.15947 3.16761 1.37786 2.04145 2.17786
0.91151 0.472 0.88938 0.6988 0.93109 1.24418 3.21804 1.40917 2.17839 2.22495
1.5948 0.75353 1.219 0.83661 1.16684 1.53012 3.34595 1.48807 2.39343 2.37469
2.71625 2.41239 2.5357 2.10082 2.63617 2.94978 4.20834 2.40858 3.63177 3.30511
3.48291 3.9744 3.93299 3.66459 3.81941 4.76092 5.06238 3.80024 4.68037 4.20587
4.24105 4.64755 4.69522 4.61027 4.42124 5.39542 5.5 4.90038 5.17118 4.67094
5.03963 5.309 5.2445 4.99577 5.03909 5.5 5.5 5.5 5.5 5.11328
5.334 5.49927 5.5 5.4375 5.48558 5.5 5.5 5.5 5.5 5.5
5.5 5.5 5.5 5.5 5.5 5.5 5.5 5.5 5.5 5.5
5.5 5.5 5.5 5.5 5.5 5.5 5.5 5.5 5.5 5.5
5.5 5.5 5.5 5.5 5.5 5.5 5.5 5.5 5.5 5.5
5.5 5.5 5.5 5.5 5.5 5.5 5.5 5.5 5.5 5.5
5.5 5.5 5.5 5.5 5.5 5.5 5.5 5.5 5.5 5.5
