0.96688 0.76138 0.88693 0.05638 0.49591 0.89714 1.39097 0.33097 0.98674 1.32279
0.91028 0.76247 0.89137 0.05804 0.49998 0.90308 1.39614 0.33422 0.98915 1.33707
0.98543 0.77353 0.89699 0.0607 0.55818 0.89759 1.34517 0.33375 0.99354 1.35062
1.05383 0.76092 0.97192 0.07622 0.57752 0.92372 1.35692 0.36515 0.99354 1.38004
1.07182 0.8092 0.92443 0.09241 0.58422 0.95782 1.3753 0.32601 1.0065 1.40954
1.08676 0.82916 0.94547 0.10996 0.60362 0.99757 1.38773 0.34397 1.02231 1.43351
1.12517 0.84782 0.97465 0.13281 0.63795 1.04091 1.40339 0.36002 1.03484 1.45758
1.19267 0.87547 1.05112 0.15865 0.67293 1.09199 1.42102 0.40821 0.97418 1.57124
1.50598 1.26791 1.21199 0.18716 0.71327 1.16661 1.44631 0.5159 0.99274 1.99041
1.55626 1.42761 1.39924 0.22769 0.76564 1.2082 1.49207 0.73108 1.11793 2.04524
2.02619 1.80921 2.06817 0.65413 1.4451 1.29895 1.66179 1.05607 1.45791 2.16853
3.11249 3.58033 3.68969 2.17554 2.83121 2.41675 3.1386 2.3357 2.87168 3.15606
4.33928 4.64073 4.40318 3.54145 3.9866 3.81301 4.54041 3.72354 4.10182 3.96637
5.06973 5.06756 5.07009 4.65162 4.59725 4.6552 5.5 4.61764 5.10186 4.51362
5.42288 5.35045 5.5 5.08827 5.26455 5.28625 5.5 5.12014 5.5 4.79668
5.5 5.5 5.5 5.47615 5.40986 5.5 5.5 5.5 5.5 5.08761
5.5 5.5 5.5 5.5 5.5 5.5 5.5 5.5 5.5 5.5
5.5 5.5 5.5 5.5 5.5 5.5 5.5 5.5 5.5 5.5
5.5 5.5 5.5 5.5 5.5 5.5 5.5 5.5 5.5 5.5
5.5 5.5 5.5 5.5 5.5 5.5 5.5 5.5 5.5 5.5
5.5 5.5 5.5 5.5 5.5 5.5 5.5 5.5 5.5 5.5
