0.50303 0.45091 0.78868 0.49807 0.7468 0.57575 1.54095 1.45388 1.61943 1.7845
0.50612 0.4538 0.79308 0.50015 0.75015 0.58637 1.54548 1.4601 1.6217 1.78956
0.51196 0.45892 0.82124 0.50337 0.76463 0.59961 1.55678 1.56015 1.73639 1.79647
0.49539 0.47172 0.99223 0.5135 0.77512 0.62747 1.58314 1.57476 1.74582 1.80923
0.53694 0.51315 1.02456 0.4971 0.7859 0.64159 1.56699 1.59245 1.877 1.8433
0.54943 0.50155 1.05777 0.5117 0.80241 0.67278 1.46962 1.59991 2.03311 1.89246
0.56478 0.51644 1.0826 0.56436 0.81869 0.65874 1.64361 1.61742 2.08596 2.03116
0.58928 0.53497 1.11976 0.58227 0.84911 0.70761 1.66086 1.62571 2.21736 2.11044
0.69053 0.57034 1.16935 0.60775 0.89017 0.78126 1.6928 1.6403 2.40324 2.23243
0.87091 0.651 1.24295 0.79356 1.19797 0.91468 1.79345 1.66249 2.51518 2.29689
1.45308 0.93611 1.64187 1.09173 2.01444 1.14799 2.34814 1.75308 2.98715 2.55854
2.71085 2.54738 3.52731 2.21777 3.4758 2.14449 3.97504 2.7554 4.15018 3.62667
3.78872 4.22661 4.8014 3.51984 4.2701 3.40412 4.87079 4.28607 4.96506 4.5425
4.37526 5.02453 5.11837 4.32 4.83375 4.73723 5.33467 5.1528 5.31798 4.87773
4.92015 5.48909 5.42607 4.83938 5.26917 5.5 5.5 5.5 5.5 5.28084
5.27528 5.5 5.5 5.40981 5.5 5.5 5.5 5.5 5.5 5.5
5.5 5.5 5.5 5.5 5.5 5.5 5.5 5.5 5.5 5.5
5.5 5.5 5.5 5.5 5.5 5.5 5.5 5.5 5.5 5.5
5.5 5.5 5.5 5.5 5.5 5.5 5.5 5.5 5.5 5.5
5.5 5.5 5.5 5.5 5.5 5.5 5.5 5.5 5.5 5.5
5.5 5.5 5.5 5.5 5.5 5.5 5.5 5.5 5.5 5.5
