0.61624 0.32246 1.04414 1.13208 0.68388 2.85251 2.07023 3.93581 3.72172 2.7891
0.61343 0.35547 1.04643 1.14632 0.67478 2.86305 2.08045 3.95042 3.71532 2.79468
0.62006 0.37945 1.05174 1.18169 0.69095 2.86685 2.13049 3.9928 3.7287 2.80164
0.64197 0.32449 1.06026 1.2932 0.70603 2.87817 2.09025 4.02204 3.76407 2.80717
0.65486 0.36296 1.072 1.34437 0.6763 2.80056 2.11812 4.06183 3.78449 2.81094
0.69387 0.44956 1.0832 1.46118 0.69434 2.91657 2.16437 4.20857 3.80262 2.82895
0.71787 0.4749 1.1074 1.54746 0.77247 2.95574 2.23688 4.2796 3.82838 2.84652
0.93104 0.47789 1.13032 1.63484 0.81697 2.99122 2.3168 4.33452 3.85609 2.88238
1.03611 0.51386 1.16209 1.90327 0.86663 3.06878 2.41546 4.35946 3.90203 2.90298
1.09903 0.55836 1.22716 2.06441 0.95255 3.27141 2.73374 4.42512 3.94353 2.95439
1.84453 0.92241 1.45437 2.59979 1.35002 3.47366 3.31673 4.63501 4.1997 3.1962
3.40355 2.51943 2.93469 3.77223 3.06062 4.06925 4.30269 5.39855 4.88438 4.50446
4.51779 4.24683 4.30411 4.81785 4.35699 5.03038 5.04347 5.5 5.48995 5.30309
4.8979 5.01112 5.00873 5.43347 5.02399 5.23945 5.43139 5.5 5.5 5.5
5.32109 5.43813 5.39861 5.5 5.40936 5.5 5.5 5.5 5.5 5.5
5.5 5.5 5.5 5.5 5.5 5.5 5.5 5.5 5.5 5.5
5.5 5.5 5.5 5.5 5.5 5.5 5.5 5.5 5.5 5.5
5.5 5.5 5.5 5.5 5.5 5.5 5.5 5.5 5.5 5.5
5.5 5.5 5.5 5.5 5.5 5.5 5.5 5.5 5.5 5.5
5.5 5.5 5.5 5.5 5.5 5.5 5.5 5.5 5.5 5.5
5.5 5.5 5.5 5.5 5.5 5.5 5.5 5.5 5.5 5.5
