0.37298 0.83967 0.55791 0.60224 0.57475 1.48291 1.86062 1.3337 1.5216 0.55576
0.38395 0.84437 0.64377 0.60471 0.55049 1.49037 1.87031 1.35852 1.52387 0.53294
0.38908 0.68601 0.554 0.60895 0.5739 1.49962 2.02657 1.22455 1.52035 0.73467
0.40166 0.69572 0.56707 0.62035 0.60395 1.51574 2.08381 1.2946 1.53246 0.8884
0.42509 0.70409 0.58583 0.64085 0.62279 1.53774 1.98451 1.30847 1.55465 0.96816
0.44179 0.71782 0.60423 0.66245 0.64223 1.55951 2.09905 1.37315 1.57012 1.01676
0.45785 0.73174 0.62443 0.6875 0.63278 1.58474 2.51027 1.40807 1.59718 1.08728
0.47581 0.75003 0.64533 0.73798 0.66596 1.61165 2.55701 1.63485 1.63175 1.12791
0.49972 0.94937 0.67361 0.79288 0.69221 1.64355 2.74376 1.81293 1.68729 1.1754
0.54726 0.9965 0.71567 0.85294 0.74627 1.80918 2.90821 1.92846 1.76826 1.25414
1.06434 1.19531 1.52163 1.41584 0.95341 2.12302 3.34974 2.06763 1.99129 1.34966
2.63162 2.71101 3.15045 3.04708 2.58187 3.53304 4.81097 2.98533 3.41081 2.91332
3.53467 4.14328 4.20805 4.20036 4.30917 4.66958 5.5 4.28556 4.1755 4.1927
4.31524 4.86457 4.84695 4.82147 5.15593 5.05177 5.5 5.08193 4.81322 5.12793
5.13723 5.19855 5.39717 5.31668 5.5 5.26652 5.5 5.26628 5.25546 5.41858
5.43167 5.5 5.5 5.5 5.5 5.5 5.5 5.5 5.49522 5.5
5.5 5.5 5.5 5.5 5.5 5.5 5.5 5.5 5.5 5.5
5.5 5.5 5.5 5.5 5.5 5.5 5.5 5.5 5.5 5.5
5.5 5.5 5.5 5.5 5.5 5.5 5.5 5.5 5.5 5.5
5.5 5.5 5.5 5.5 5.5 5.5 5.5 5.5 5.5 5.5
5.5 5.5 5.5 5.5 5.5 5.5 5.5 5.5 5.5 5.5
