0.10561 0.3403 0.47356 0.11783 0.12532 0.76529 1.02199 0.44621 1.30489 0.21795
0.10643 0.34133 0.4765 0.1224 0.1468 0.76933 1.09347 0.45287 1.30857 0.2206
0.10854 0.34508 0.48261 0.11271 0.13342 0.7299 0.99342 0.47602 1.30865 0.2251
0.11964 0.39865 0.49324 0.1361 0.14784 0.65359 1.37093 0.47938 1.33193 0.23698
0.1335 0.37202 0.50423 0.15978 0.16641 0.67321 1.42545 0.50355 1.35877 0.24995
0.14602 0.38374 0.51862 0.17895 0.18289 0.77532 1.50249 0.53192 1.385 0.25934
0.16018 0.39569 0.5349 0.20041 0.20336 0.79427 1.51213 0.56121 1.41347 0.26856
0.17391 0.40772 0.55805 0.22458 0.21904 0.73275 1.55583 0.58481 1.46964 0.29525
0.19471 0.42518 0.58567 0.25342 0.2561 0.77444 1.68487 0.61505 1.66527 0.3271
0.21658 0.49239 0.65367 0.28826 0.28299 0.83627 1.86467 0.65221 1.69666 0.37925
0.37552 0.6012 1.51122 1.18066 0.53562 0.9347 2.16001 0.74026 1.86977 0.44918
1.62335 1.78156 3.31048 2.69454 1.96219 2.56747 3.25582 2.65449 3.23272 1.51123
2.9321 2.87862 4.10111 3.79497 3.58669 4.1356 4.80913 4.09045 4.07062 2.37262
4.00159 4.11415 4.63088 4.34317 4.67964 5.26707 5.5 4.81266 4.72296 3.92427
4.6772 4.90298 5.25384 5.08818 5.38335 5.47791 5.5 5.5 5.10006 4.93855
5.35304 5.37055 5.43631 5.39444 5.5 5.5 5.5 5.5 5.32807 5.5
5.5 5.5 5.5 5.5 5.5 5.5 5.5 5.5 5.5 5.5
5.5 5.5 5.5 5.5 5.5 5.5 5.5 5.5 5.5 5.5
5.5 5.5 5.5 5.5 5.5 5.5 5.5 5.5 5.5 5.5
5.5 5.5 5.5 5.5 5.5 5.5 5.5 5.5 5.5 5.5
5.5 5.5 5.5 5.5 5.5 5.5 5.5 5.5 5.5 5.5
