1.3347 1.14082 0.7267 0.84146 0.49438 2.1265 1.82353 3.59569 0.79385 1.00016
1.33812 1.14413 0.73966 0.83935 0.52726 2.15508 1.76738 3.60091 0.79354 1.01039
1.34353 1.14996 0.77355 0.84434 0.48625 2.1724 1.77692 3.63959 0.80557 0.96842
1.35541 1.16929 0.75172 0.85739 0.49846 2.19979 1.79722 3.61955 0.82062 0.98961
1.44475 1.1804 0.81417 0.8644 0.51376 2.22127 1.81982 3.63558 0.83958 1.04011
1.44991 1.20483 0.8433 0.87705 0.52976 2.28561 1.84162 3.64788 0.7913 1.08842
1.4736 1.2346 0.87506 0.9017 0.54304 2.37496 1.86305 3.6616 0.80502 1.18023
1.75234 1.26441 0.91637 0.93059 0.55776 2.46124 1.87751 3.6732 0.82221 1.22995
1.81618 1.32107 1.17296 1.02015 0.57664 2.57391 1.90069 3.68597 0.99224 1.3346
1.95853 1.47536 1.69295 1.10485 0.61044 2.73531 1.92736 3.69576 0.97413 1.52214
2.75994 2.19121 2.07077 1.40768 0.79618 2.94847 2.13661 3.71647 1.13714 1.79002
4.13644 3.46542 3.22384 2.7257 2.47582 4.00368 3.9642 4.56953 2.47084 3.61166
4.81498 4.65404 4.49556 3.84541 3.98969 4.96841 5.13364 5.45659 3.50549 4.77996
5.212 5.17394 5.06562 4.54925 4.75273 5.40368 5.32963 5.5 4.37705 5.43008
5.5 5.49526 5.20957 5.09743 5.16702 5.5 5.37292 5.5 4.84191 5.5
5.5 5.5 5.5 5.43856 5.45327 5.5 5.5 5.5 5.5 5.5
5.5 5.5 5.5 5.5 5.5 5.5 5.5 5.5 5.5 5.5
5.5 5.5 5.5 5.5 5.5 5.5 5.5 5.5 5.5 5.5
5.5 5.5 5.5 5.5 5.5 5.5 5.5 5.5 5.5 5.5
5.5 5.5 5.5 5.5 5.5 5.5 5.5 5.5 5.5 5.5
5.5 5.5 5.5 5.5 5.5 5.5 5.5 5.5 5.5 5.5
