2.06521 2.85233 2.73292 0.22313 2.15423 2.79785 3.76127 2.56827 5.5 3.07685
2.08651 2.8966 2.91017 0.22737 2.15887 2.8154 3.77506 2.57916 5.5 3.15867
2.11201 2.9439 2.79577 0.22621 2.17444 2.95028 3.78897 2.58647 5.5 3.20946
2.12768 2.98854 2.86443 0.28149 2.23101 2.94273 3.70527 2.72354 5.5 3.28571
2.13364 3.02929 2.95974 0.30262 2.2656 3.25844 3.84779 2.75511 5.5 3.34082
2.0664 3.06207 3.04265 0.32614 2.29249 3.56733 3.76792 2.93471 5.5 3.45541
2.10294 3.11461 3.32835 0.36822 2.33311 3.69067 3.90014 3.43719 5.5 3.52045
2.4265 3.28353 3.51908 0.44912 2.40388 4.15047 4.58809 3.66436 5.5 3.71738
2.66491 3.45375 3.78557 0.57095 2.55818 4.17423 5.37718 3.84605 5.5 3.85955
2.91328 3.71136 4.23596 1.01323 3.04668 4.82099 5.5 4.44419 5.5 4.10606
4.69939 4.61123 5.00178 2.77646 4.61113 5.34419 5.5 5.5 5.5 4.58694
5.35623 5.5 5.4917 4.12699 5.5 5.5 5.5 5.5 5.5 5.5
5.5 5.5 5.5 5.5 5.5 5.5 5.5 5.5 5.5 5.5
5.5 5.5 5.5 5.5 5.5 5.5 5.5 5.5 5.5 5.5
5.5 5.5 5.5 5.5 5.5 5.5 5.5 5.5 5.5 5.5
5.5 5.5 5.5 5.5 5.5 5.5 5.5 5.5 5.5 5.5
5.5 5.5 5.5 5.5 5.5 5.5 5.5 5.5 5.5 5.5
5.5 5.5 5.5 5.5 5.5 5.5 5.5 5.5 5.5 5.5
5.5 5.5 5.5 5.5 5.5 5.5 5.5 5.5 5.5 5.5
5.5 5.5 5.5 5.5 5.5 5.5 5.5 5.5 5.5 5.5
5.5 5.5 5.5 5.5 5.5 5.5 5.5 5.5 5.5 5.5
