0.27253 0.13342 0.80596 1.21189 0.62799 2.75741 3.96805 2.30586 2.36435 2.98654
0.28561 0.13499 0.81091 1.24202 0.62959 2.77763 3.97414 2.31157 2.39471 2.99531
0.32657 0.15515 0.81836 1.29918 0.63237 2.79426 3.98185 2.32421 2.4672 3.00519
0.3827 0.14009 0.82809 1.34036 0.63454 2.81364 3.99197 2.38611 2.5065 3.01694
0.4291 0.14795 0.84009 1.37064 0.64417 2.84152 4.00371 2.44237 2.58074 2.93536
0.46049 0.16417 0.85685 1.43739 0.65725 2.87267 4.02584 2.48928 2.70663 2.99558
0.523 0.18743 0.87513 1.49809 0.67016 2.91722 4.07923 2.50207 2.86252 3.10118
0.61733 0.27215 0.94599 1.70457 0.76188 3.03505 4.19991 2.60832 2.9967 3.12002
0.95556 0.63792 1.0789 2.09356 1.0345 3.35726 4.53787 2.9311 3.30903 3.52195
1.51125 1.27422 1.48065 2.70881 1.60872 3.90934 5.01837 3.47112 4.17855 4.42195
2.21769 2.15619 2.03661 3.55893 2.44413 4.42286 5.37942 4.37753 4.83621 5.14717
3.03116 3.22686 2.76702 4.5361 3.24672 4.8438 5.5 5.49808 5.2896 5.4108
3.8848 4.19114 3.76965 4.95598 4.09205 5.29306 5.5 5.5 5.5 5.5
4.54485 4.72481 4.31218 5.26865 4.84634 5.44027 5.5 5.5 5.5 5.5
4.99346 5.25365 4.92597 5.5 5.48534 5.44161 5.5 5.5 5.5 5.5
5.47329 5.5 5.35432 5.5 5.5 5.44296 5.5 5.5 5.5 5.5
5.5 5.5 5.5 5.5 5.5 5.44431 5.5 5.5 5.5 5.5
5.5 5.5 5.5 5.5 5.5 5.44567 5.5 5.5 5.5 5.5
5.5 5.5 5.5 5.5 5.5 5.44702 5.5 5.5 5.5 5.5
5.5 5.5 5.5 5.5 5.5 5.44837 5.5 5.5 5.5 5.5
5.5 5.5 5.5 5.5 5.5 5.44972 5.5 5.5 5.5 5.5
