0.8411 1.93335 0.90226 1.22094 1.64145 3.66076 3.29038 2.83293 2.36116 1.57166
0.84768 1.93825 0.90473 1.22998 1.64366 3.67112 3.29496 2.84137 2.37024 1.57663
0.85447 1.95337 0.91062 1.2406 1.6478 4.07608 3.31382 2.86129 2.38231 1.5818
0.86307 2.028 0.91559 1.25442 1.65438 4.17424 3.33912 2.90819 2.40618 1.58774
0.87552 2.02104 0.9243 1.29704 1.71688 4.23691 3.3805 2.91912 2.55081 1.56834
0.89527 2.13942 0.93993 1.29946 1.73932 4.27278 3.51622 2.9507 2.5996 1.58242
0.93339 2.18888 0.96855 1.33165 1.7539 4.32973 3.71276 2.97397 2.86825 1.61861
1.07008 2.42943 1.18136 1.4343 1.826 4.42588 3.84737 3.0308 2.75552 1.67674
1.37027 2.70822 1.44186 1.7233 2.0527 4.54962 4.01462 3.12638 3.23811 2.22242
1.93436 3.28506 2.01797 2.28652 2.54141 4.98767 4.36999 3.34559 3.91628 2.54283
2.7589 3.91998 2.86292 3.23779 3.37549 5.26959 4.64306 3.87864 4.71726 3.34721
3.84707 4.57759 3.76958 4.22323 4.07865 5.45268 5.00744 4.7949 5.46635 4.27997
4.71037 5.15907 4.66204 4.97972 4.79638 5.5 5.47028 5.2401 5.5 5.30321
5.23275 5.5 5.05062 5.22164 5.39186 5.5 5.5 5.5 5.5 5.5
5.5 5.5 5.46169 5.49152 5.5 5.5 5.5 5.5 5.5 5.5
5.5 5.5 5.5 5.5 5.5 5.5 5.5 5.5 5.5 5.5
5.5 5.5 5.5 5.5 5.5 5.5 5.5 5.5 5.5 5.5
5.5 5.5 5.5 5.5 5.5 5.5 5.5 5.5 5.5 5.5
5.5 5.5 5.5 5.5 5.5 5.5 5.5 5.5 5.5 5.5
5.5 5.5 5.5 5.5 5.5 5.5 5.5 5.5 5.5 5.5
5.5 5.5 5.5 5.5 5.5 5.5 5.5 5.5 5.5 5.5
