1.31023 1.32073 1.26825 0.58874 1.18163 1.05078 1.59724 1.67254 1.92162 2.11888
1.36852 1.33269 1.27152 0.59095 1.18472 1.07672 1.60783 1.67283 1.92602 2.22928
1.38696 1.34456 1.28188 0.59741 1.19582 1.08126 1.63119 1.59403 1.92936 2.35125
1.41536 1.3666 1.28881 0.54618 1.20608 1.17005 1.70623 1.59132 1.94399 2.46038
1.43864 1.3927 1.30718 0.56259 1.22757 1.22573 1.71667 1.8318 2.0517 2.51271
1.4652 1.40599 1.32768 0.57551 1.24346 1.29799 1.74092 1.85472 2.07334 2.60034
1.50354 1.44301 1.36023 0.66393 1.26078 1.43796 1.78565 1.87168 2.09975 2.66769
1.74188 1.46749 1.41315 0.71635 1.28169 1.57558 1.83605 1.95044 2.13339 2.72125
1.87301 1.55115 1.50883 0.81236 1.3142 1.65665 1.94177 2.06779 2.21206 2.79327
2.18249 1.79523 1.80851 0.87132 1.3653 1.74702 2.06987 2.47108 2.29455 2.85788
2.62518 2.06194 2.54717 1.36069 1.67783 1.91467 2.8489 3.13392 2.67391 2.94849
3.86455 3.66992 4.28105 2.672 3.76276 2.80104 4.60404 4.6425 3.8857 4.17085
5.0325 4.68086 5.03814 3.85042 4.98911 4.36698 5.4933 5.09573 5.30275 5.33937
5.48132 5.3006 5.4166 4.4962 5.1767 5.15734 5.5 5.5 5.5 5.44917
5.5 5.5 5.5 5.11703 5.5 5.5 5.5 5.5 5.5 5.5
5.5 5.5 5.5 5.48245 5.5 5.5 5.5 5.5 5.5 5.5
5.5 5.5 5.5 5.5 5.5 5.5 5.5 5.5 5.5 5.5
5.5 5.5 5.5 5.5 5.5 5.5 5.5 5.5 5.5 5.5
5.5 5.5 5.5 5.5 5.5 5.5 5.5 5.5 5.5 5.5
5.5 5.5 5.5 5.5 5.5 5.5 5.5 5.5 5.5 5.5
5.5 5.5 5.5 5.5 5.5 5.5 5.5 5.5 5.5 5.5
