0.36891 0.98295 1.1837 1.34169 1.26478 3.86051 5.5 2.96173 3.14352 1.0334
0.37422 0.99206 1.18929 1.05319 1.27977 3.88624 5.5 2.99712 3.15215 1.03095
0.38892 0.96671 1.20067 1.09211 1.31629 3.90014 5.5 3.08352 3.18499 1.19177
0.41302 0.97816 1.22501 1.13717 1.46076 3.92392 5.5 3.14492 3.2102 1.08289
0.43377 0.99759 1.2411 1.20379 1.48758 3.94392 5.5 3.21544 3.23479 1.11508
0.46009 1.01897 1.26001 1.28182 1.5816 3.96742 5.5 3.30628 3.27653 1.3696
0.48689 1.04393 1.28099 1.35898 1.53938 3.99291 5.5 3.75278 3.32213 1.43622
0.53459 1.0815 1.30691 1.4673 1.70009 4.02301 5.5 3.97349 3.37116 1.51073
0.74397 1.14712 1.35684 1.5829 1.84982 4.07905 5.5 4.45179 3.44101 1.65722
1.3356 1.65332 1.57815 2.07225 2.59093 4.19808 5.5 5.24625 3.53142 1.96681
2.65442 3.79568 3.14617 3.78594 4.80618 4.61483 5.5 5.5 3.93491 3.2084
4.05093 5.00622 4.29715 5.5 5.5 5.5 5.5 5.5 5.20781 5.45825
5.1638 5.5 5.19642 5.5 5.5 5.5 5.5 5.5 5.5 5.5
5.5 5.5 5.5 5.5 5.5 5.5 5.5 5.5 5.5 5.5
5.5 5.5 5.5 5.5 5.5 5.5 5.5 5.5 5.5 5.5
5.5 5.5 5.5 5.5 5.5 5.5 5.5 5.5 5.5 5.5
5.5 5.5 5.5 5.5 5.5 5.5 5.5 5.5 5.5 5.5
5.5 5.5 5.5 5.5 5.5 5.5 5.5 5.5 5.5 5.5
5.5 5.5 5.5 5.5 5.5 5.5 5.5 5.5 5.5 5.5
5.5 5.5 5.5 5.5 5.5 5.5 5.5 5.5 5.5 5.5
5.5 5.5 5.5 5.5 5.5 5.5 5.5 5.5 5.5 5.5
