1.67222 1.63146 1.71835 1.06983 1.50938 3.34137 3.97857 4.65234 4.63534 3.35803
1.67712 1.63573 1.72853 1.07393 1.52847 3.35532 3.9926 4.66367 4.68342 3.36432
1.71542 1.64774 1.71974 1.08156 1.56112 3.4211 4.01141 4.67972 4.65584 3.36938
1.68862 1.65496 1.71465 1.09571 1.59047 3.44666 3.97862 4.69674 4.66788 3.37994
1.70078 1.65741 1.72903 1.09614 1.56849 3.35611 4.03789 4.71232 4.67853 3.39412
1.70849 1.66771 1.77508 1.11318 1.59353 3.40279 4.05409 4.72379 4.81056 3.40741
1.71928 1.68657 1.80398 1.13042 1.62049 3.57563 4.05036 4.75033 4.86294 3.42364
1.73041 1.6982 1.84843 1.15366 1.6749 3.624 4.07809 4.80203 4.92848 3.4331
1.74609 1.72394 1.89607 1.18519 1.79653 3.79764 4.09251 5.11556 5.02773 3.44927
1.80198 1.77651 2.04351 1.2455 2.16816 3.87 4.26509 4.96806 5.18161 3.54058
2.12484 1.95222 2.3571 1.61145 2.43918 4.13156 4.48185 5.1826 5.33682 3.56731
3.0825 3.32276 3.46251 3.28566 3.86595 4.88056 5.44557 5.47926 5.5 4.57214
4.04959 4.36614 4.82109 4.29343 4.62371 5.5 5.5 5.5 5.5 5.13378
4.99231 5.13988 5.23558 4.95084 4.98356 5.5 5.5 5.5 5.5 5.36464
5.5 5.5 5.5 5.30783 5.43755 5.5 5.5 5.5 5.5 5.5
5.5 5.5 5.5 5.5 5.5 5.5 5.5 5.5 5.5 5.5
5.5 5.5 5.5 5.5 5.5 5.5 5.5 5.5 5.5 5.5
5.5 5.5 5.5 5.5 5.5 5.5 5.5 5.5 5.5 5.5
5.5 5.5 5.5 5.5 5.5 5.5 5.5 5.5 5.5 5.5
5.5 5.5 5.5 5.5 5.5 5.5 5.5 5.5 5.5 5.5
5.5 5.5 5.5 5.5 5.5 5.5 5.5 5.5 5.5 5.5
