2.99817 3.17683 3.07639 3.01851 3.33966 3.82597 3.76771 3.60727 3.31729 4.37993
3.00635 3.1859 3.08591 3.02625 3.34881 3.83695 3.78239 3.62036 3.33041 4.39001
3.01638 3.19562 3.09639 3.03436 3.35815 3.8484 3.79722 3.6355 3.34376 4.40063
3.31807 3.20571 3.10342 3.04759 3.36815 3.86064 3.81296 3.65406 3.35804 4.41187
3.48391 3.21746 3.12822 3.06705 3.38049 3.87561 3.82895 3.67222 3.3757 4.4233
3.49882 3.2347 3.1441 3.08981 3.39199 3.89394 3.84463 3.69129 3.3945 4.43439
3.51379 3.24914 3.16044 3.11345 3.40737 3.91223 3.86051 3.71221 3.41247 4.44926
3.53979 3.26348 3.18184 3.13996 3.43175 3.92979 3.87904 3.73614 3.4334 4.4649
3.58218 3.28247 3.19197 3.16825 3.46207 3.95056 3.90461 3.76634 3.45523 4.48887
3.63616 3.43619 3.22887 3.20466 3.49877 3.97944 3.94215 3.80701 3.48611 4.52456
3.74911 3.96269 3.4218 3.59943 3.79614 4.07737 4.07178 3.87111 3.56081 4.57843
4.45081 5.60765 4.73958 5.27066 5.12398 5.56827 5.12684 4.80834 4.27824 5.31362
5.70336 7.32118 5.98299 6.83258 6.70753 7.15058 7.10052 6.03263 5.30254 6.49459
7.23118 8.60896 7.35064 8.29192 8.06796 8.50832 8.60203 7.71978 6.57495 7.52694
8.55444 9.66445 8.598 9.44256 9.52577 9.67915 9.9404 9.20049 8.05374 8.88204
9.84119 10.48572 9.71855 10.38127 10.73423 10.30794 11.10054 10.47699 9.53977 9.97424
10.62581 11.40476 10.76137 11.03729 11.25928 11.01691 11.57967 11.2782 11.06159 11.29141
11.10191 11.61966 11.63993 11.54121 11.76 11.44392 11.76 11.68552 11.73434 11.76
11.71878 11.76 11.74132 11.76 11.76 11.4468 11.76 11.70459 11.76 11.76
11.76 11.76 11.75001 11.76 11.76 11.4497 11.76 11.71442 11.76 11.76
11.76 11.76 11.75234 11.76 11.76 11.45263 11.76 11.72432 11.76 11.76
