3.83267 3.6989 3.7306 3.51229 3.55352 4.16582 4.12665 3.44666 3.50142 4.24717
3.84159 3.70921 3.74095 3.52462 3.57174 4.17378 4.15453 3.45691 3.51042 4.25722
3.8536 3.72217 3.75182 3.54137 3.58198 4.18188 4.17816 3.46725 3.52008 4.26784
3.86777 3.73671 3.76344 3.5605 3.59309 4.19351 4.17803 3.4785 3.53337 4.28036
3.88564 3.75277 3.77733 3.58157 3.61436 4.20875 4.1943 3.48994 3.54647 4.29508
3.90808 3.76724 3.79535 3.60333 3.6324 4.22369 4.21095 3.50102 3.55922 4.31478
3.93301 3.78158 3.81712 3.62283 3.65052 4.24026 4.21563 3.51237 3.57141 4.33461
3.96027 3.80113 3.84121 3.64458 3.66953 4.2608 4.27006 3.52763 3.58764 4.35663
3.99687 3.82963 3.87119 3.67143 3.69623 4.28414 4.26765 3.54347 3.61001 4.37132
4.04195 3.86752 3.90873 3.70625 3.72926 4.39388 4.31461 3.56335 3.63813 4.40522
4.4559 4.02895 4.24959 3.94954 4.03288 4.91901 4.33812 3.58868 3.75746 4.44846
5.75088 5.30825 5.71209 5.19651 5.49321 6.37322 4.6988 4.27089 4.58869 4.84795
7.64313 6.95341 7.25173 7.06811 6.94756 7.80153 5.3974 5.60837 5.6167 5.56343
9.1399 8.41633 8.78086 8.11918 8.04877 9.10888 6.37676 6.8831 6.96812 6.57412
10.65447 9.85759 10.25706 9.20083 9.24177 10.02348 7.8051 8.39572 8.50498 8.11628
11.34378 10.80346 11.05619 10.22625 10.22265 11.16906 10.40332 9.77837 9.81972 9.44532
11.64105 11.26455 11.51134 11.61052 11.33027 11.44982 11.3163 10.80286 10.8063 11.57266
11.7539 11.53557 11.71647 11.69759 11.61278 11.55461 11.61723 11.13303 11.22123 11.74954
11.76 11.70443 11.76 11.76 11.63324 11.56137 11.69184 11.15066 11.24526 11.75638
11.76 11.70696 11.76 11.76 11.63788 11.56688 11.6937 11.16505 11.26786 11.76
11.76 11.70953 11.76 11.76 11.64257 11.57246 11.69557 11.17958 11.29061 11.76
