3.21266 3.33863 3.57902 3.5069 3.43798 3.90015 4.1575 4.07897 4.10745 4.19366
3.22511 3.34896 3.58809 3.51799 3.4486 3.91252 4.17129 4.09153 4.12388 4.20891
3.2355 3.3942 3.59931 3.52864 3.46025 3.92523 4.18513 4.10828 4.13746 4.22304
3.24218 3.40996 3.6115 3.5468 3.47525 3.93848 4.20587 4.12535 4.15221 4.23811
3.25322 3.42238 3.6247 3.5673 3.48996 3.95322 4.22525 4.14286 4.16395 4.25383
3.28114 3.44149 3.6379 3.5964 3.50396 3.96987 4.24431 4.13396 4.18291 4.26855
3.29669 3.47657 3.6502 3.63226 3.51908 3.98639 4.26354 4.15291 4.20685 4.28282
3.31224 3.50075 3.6644 3.66587 3.53837 4.00573 4.28249 4.17477 4.23656 4.29702
3.34565 3.54133 3.68828 3.72697 3.56335 4.02774 4.30416 4.23231 4.26243 4.31819
3.371 3.57599 3.72737 3.78341 3.59679 4.05404 4.33277 4.2713 4.29435 4.34938
3.61559 3.9265 3.94487 4.06 3.75376 4.16259 4.41014 4.40588 4.34059 4.39375
4.88057 4.78836 4.68174 5.59233 4.71333 5.64066 5.58799 5.83546 5.34504 5.89302
6.4236 5.7257 5.76473 7.17543 5.9312 7.60246 6.54185 8.12201 7.70299 7.55527
8.13648 7.24439 7.34739 8.87415 7.91049 9.0503 7.60402 9.18314 9.27051 8.64311
9.72546 9.52169 9.09308 10.23237 9.65883 10.05522 9.0515 10.09181 10.41284 9.5582
10.84163 10.85459 10.73652 11.05017 10.86016 10.57632 11.04964 10.78726 11.09871 10.54784
11.43297 11.4546 11.3188 11.50177 11.28698 11.12205 11.60065 11.40838 11.10643 11.48027
11.56858 11.71796 11.58385 11.76 11.70733 11.76 11.76 11.57686 11.49079 11.6524
11.76 11.76 11.76 11.76 11.72186 11.76 11.76 11.76 11.76 11.76
11.76 11.76 11.76 11.76 11.7307 11.76 11.76 11.76 11.76 11.76
11.76 11.76 11.76 11.76 11.73958 11.76 11.76 11.76 11.76 11.76
