3.45142 3.62185 3.29051 3.57717 3.72772 4.28796 4.12154 4.16476 3.80587 4.32653
3.45857 3.63009 3.2989 3.58814 3.73607 4.29811 4.13021 4.17308 3.81574 4.33713
3.4686 3.63979 3.31037 3.60749 3.74494 4.31143 4.14225 4.18179 3.8301 4.35448
3.48375 3.65421 3.32966 3.63106 3.75822 4.33568 4.15962 4.1937 3.84869 4.37709
3.50487 3.67494 3.34838 3.6564 3.77705 4.3538 4.18148 4.21166 3.87348 4.40469
3.53265 3.70779 3.37802 3.727 3.8037 4.37368 4.22519 4.23581 3.90368 4.53807
3.77191 3.91973 3.59121 4.26498 3.8741 4.42847 4.37702 4.36911 3.97608 4.99854
5.5071 5.24977 4.46198 5.18657 4.10776 4.90095 5.14405 5.05048 4.54329 6.28888
7.03651 6.41762 5.38272 6.22159 4.32982 5.31068 6.13521 5.7217 4.83835 7.14008
8.18469 7.73923 6.57736 7.24538 4.61097 5.75849 7.43814 6.39201 5.62883 7.4818
8.957 8.97208 7.81268 8.48207 5.47158 6.81378 8.152 7.64255 7.16766 7.79029
9.8959 9.74866 8.55001 9.685 6.52795 7.98639 9.10609 9.48149 8.55529 8.47009
10.48439 10.43762 9.41269 10.43046 8.28904 9.38236 9.97323 10.44027 9.69564 9.78654
10.93342 11.0003 10.08516 11.11221 9.33927 10.07329 10.64961 11.59512 10.90685 10.95463
11.34985 11.48852 11.1342 11.53289 10.55637 11.71942 11.55515 11.70379 11.48538 11.46177
11.70652 11.66201 11.51208 11.73262 11.76 11.76 11.56028 11.70868 11.49315 11.47557
11.713 11.67743 11.54452 11.73618 11.76 11.76 11.56537 11.71353 11.50237 11.48487
11.71747 11.67974 11.55472 11.74015 11.76 11.76 11.57046 11.71849 11.5116 11.49389
11.72189 11.68205 11.56484 11.74421 11.76 11.76 11.57552 11.72342 11.5207 11.50285
11.72626 11.68433 11.57489 11.74824 11.76 11.76 11.58055 11.72832 11.52976 11.51177
11.72841 11.68664 11.58365 11.75058 11.76 11.76 11.58562 11.73326 11.53893 11.52076
