3.69769 4.09944 3.50327 3.76648 4.74926 3.47087 3.81983 3.89664 3.84513 3.77178
3.70798 4.10953 3.5115 3.77676 4.76095 3.4794 3.83428 3.90526 3.85801 3.78864
3.72035 4.13804 3.52172 3.78944 4.77548 3.49006 3.85264 3.91768 3.87339 3.79935
3.73608 4.15203 3.5345 3.80403 4.7942 3.50238 3.87358 3.93473 3.89035 3.81196
3.75349 4.16874 3.55389 3.82415 4.81705 3.51785 3.89842 3.95535 3.90791 3.82652
3.77566 4.19326 3.57714 3.84793 4.86721 3.53836 3.92637 3.98079 3.92883 3.84502
3.80137 4.22998 3.60608 3.87362 4.95342 3.56463 3.9592 4.00842 3.96991 3.87038
3.86371 4.31458 3.6476 3.93175 5.21583 3.62687 4.00707 4.06962 4.0306 3.92805
4.03202 4.53622 3.88024 4.09011 5.48298 3.7557 4.08128 4.19827 4.22008 4.07314
4.47693 5.03089 4.51858 4.42549 6.05107 4.1947 4.27493 4.48021 4.63588 4.46004
5.26566 6.00812 5.74726 5.23636 7.27367 5.15782 4.68742 5.13257 5.65939 5.29071
6.57969 7.07424 7.62481 6.338 8.01534 6.47178 5.56145 6.09044 6.89023 6.1888
7.8795 7.63179 8.70822 7.96279 8.95493 7.68117 6.71747 7.26002 8.01487 6.96899
8.99573 8.70205 9.505 9.52086 9.57091 8.77467 7.85908 8.70396 9.02069 8.08881
9.86414 10.28945 10.2154 10.34601 10.52158 9.95916 8.99877 10.43877 10.03362 9.8512
11.0152 10.7863 10.86258 11.16762 11.16818 10.64397 10.42143 11.33017 11.04033 10.71226
11.55233 11.57592 11.43726 11.50699 11.59917 11.25952 11.18272 11.62612 11.68406 11.27294
11.73509 11.63882 11.65245 11.60208 11.7237 11.56622 11.44662 11.76 11.76 11.58571
11.76 11.65361 11.66003 11.75321 11.76 11.61184 11.488 11.76 11.76 11.64531
11.76 11.6557 11.66181 11.75559 11.76 11.61865 11.49813 11.76 11.76 11.66092
11.76 11.65779 11.66358 11.75798 11.76 11.62459 11.50796 11.76 11.76 11.66725
