3.81087 3.74082 3.66427 3.63158 3.61269 3.62027 3.47105 3.06766 3.14557 3.72533
3.82043 3.74931 3.67278 3.63908 3.6206 3.62644 3.48017 3.07713 3.15174 3.73559
3.83251 3.76189 3.68297 3.64671 3.6291 3.63361 3.49147 3.08682 3.16336 3.74856
3.84503 3.77717 3.69658 3.65585 3.63866 3.64519 3.50384 3.0968 3.17702 3.76309
3.87531 3.79253 3.71416 3.66879 3.65166 3.66265 3.51817 3.10757 3.19277 3.77952
3.94999 3.81013 3.73428 3.68797 3.67086 3.6878 3.53465 3.12005 3.21081 3.79752
4.06263 3.83424 3.7566 3.71252 3.7593 3.72556 3.55332 3.13493 3.23169 3.81787
4.32354 3.90199 3.7966 3.7577 3.90216 3.85409 3.59192 3.18279 3.30197 3.86254
4.71539 4.07323 3.9374 3.85903 4.23047 4.16649 3.72426 3.31668 3.53612 3.99544
5.21051 4.5412 4.3318 4.2676 4.94808 4.67512 4.11487 3.74327 4.05369 4.3574
6.0715 5.4607 5.04905 5.16973 5.78145 5.65691 4.84533 4.53804 4.97103 5.08411
7.29581 7.20994 6.49543 6.54504 6.81179 6.91376 5.93055 5.57996 6.14797 6.46569
8.40022 8.52861 7.75937 8.59616 7.94893 8.19844 7.49766 6.91132 7.4579 8.01111
9.38242 9.59224 9.13265 9.92197 9.27415 9.35146 8.98369 8.06015 8.66971 9.53202
10.43397 10.41507 10.3001 10.74098 10.05605 10.38638 10.25789 9.33269 9.65523 10.59773
11.3615 10.98487 11.12808 11.46044 10.65507 11.26291 11.16713 10.37878 10.63675 11.15968
11.60787 11.47814 11.49861 11.76 11.21268 11.68924 11.59745 11.09197 11.30894 11.56354
11.74167 11.65581 11.64981 11.76 11.58603 11.75919 11.72227 11.35668 11.70564 11.76
11.76 11.69984 11.72613 11.76 11.66123 11.76 11.76 11.48879 11.76 11.76
11.76 11.70254 11.73759 11.76 11.66529 11.76 11.76 11.51786 11.76 11.76
11.76 11.7047 11.7403 11.76 11.66928 11.76 11.76 11.52682 11.76 11.76
