3.55379 3.88939 3.83308 3.92317 3.91929 4.31583 4.60907 4.38688 4.89061 4.33405
3.57318 3.9013 3.85337 3.93268 3.93115 4.3281 4.6244 4.39854 4.90103 4.34633
3.59853 3.91522 3.86249 3.94777 3.94464 4.34073 4.64216 4.41307 4.91466 4.3592
3.6148 3.93179 3.86179 3.96681 3.95944 4.35424 4.82947 4.43353 4.9294 4.37758
3.62796 3.95589 3.88589 3.98911 3.97675 4.37062 5.00839 4.45549 4.94639 4.39846
3.63948 3.97374 3.90053 4.01735 3.99661 4.38396 5.04363 4.48376 4.96535 4.4196
3.65084 4.02709 3.91937 4.0493 4.02046 4.40039 5.07911 4.51399 4.98198 4.44194
3.66321 4.14327 3.94457 4.08893 4.04443 4.4173 5.11393 4.54324 5.00175 4.51175
3.6839 4.41449 3.9668 4.13998 4.07262 4.44279 5.15218 4.58474 5.02432 4.89624
3.72104 4.5543 4.03528 4.19958 4.12214 4.47724 5.20345 4.64054 5.05263 4.93129
4.07885 4.73913 4.29176 4.8065 4.5257 4.55901 5.2736 4.70742 5.09365 4.96264
5.73828 6.05007 5.26064 7.59896 6.73757 5.45674 6.72847 6.19027 5.6505 6.1445
7.24751 7.17489 6.33233 9.18035 8.31759 6.96598 7.9257 7.48397 6.9046 7.31944
8.80091 8.34192 7.83762 9.98078 9.427 7.827 9.73558 8.20922 7.7576 8.71786
10.12904 9.71243 9.58637 10.94305 10.55892 9.29199 10.71526 9.42695 8.97324 10.27517
11.2225 11.08271 11.11988 11.58639 11.13741 10.68302 11.22581 10.3781 10.4313 11.3852
11.47248 11.52226 11.55505 11.74916 11.44177 11.52986 11.73237 11.29078 10.91304 11.66107
11.64132 11.76 11.58526 11.76 11.7339 11.76 11.73892 11.69027 11.64394 11.66711
11.76 11.76 11.74673 11.76 11.74044 11.76 11.74548 11.73355 11.76 11.67315
11.76 11.76 11.74933 11.76 11.74423 11.76 11.75165 11.73746 11.76 11.67921
11.76 11.76 11.75194 11.76 11.74663 11.76 11.75438 11.74106 11.76 11.6853
