3.21804 3.56326 3.36338 3.3534 3.64812 4.40465 4.11503 4.16746 3.5643 4.6632
3.22694 3.56899 3.37248 3.36161 3.65712 4.41878 4.12981 4.17979 3.57937 4.67325
3.23916 3.58616 3.38438 3.37208 3.66624 4.43333 4.14498 4.19277 3.59515 4.68395
3.2577 3.59779 3.39803 3.39134 3.66196 4.44857 4.16096 4.20687 3.61163 4.69532
3.27663 3.61018 3.41102 3.40926 3.69736 4.46405 4.17717 4.22158 3.628 4.70655
3.29866 3.62669 3.42583 3.43146 3.7113 4.47993 4.19311 4.23868 3.64398 4.71775
3.33959 3.97937 3.44221 3.45636 3.72619 4.49664 4.21078 4.26536 3.66221 4.73031
3.36632 4.03507 3.46642 3.48126 3.75091 4.51655 4.48019 4.28893 3.6852 4.75018
3.39781 4.05503 3.49672 3.51785 3.78513 4.55648 4.72419 4.31644 3.71436 4.78221
3.705 4.13753 3.55562 3.59657 3.85233 4.59184 4.77472 4.35992 3.75149 4.89629
4.32924 4.65009 3.87448 3.96826 4.13745 4.83125 4.85743 4.43611 3.97952 5.36599
6.17794 5.77595 5.11534 5.22205 5.46356 6.57942 6.08815 5.28482 5.46237 7.10844
7.54526 7.04286 6.45033 6.89989 6.79965 7.86502 7.66345 6.37867 7.3404 8.23501
8.64653 8.3059 7.73811 8.51803 8.18042 9.05874 8.91328 7.31021 8.81125 8.92522
9.67292 9.84242 9.32205 9.57879 9.44946 9.96043 9.69738 8.43716 9.74192 9.62699
10.54039 10.97012 10.76392 10.42824 10.74163 11.17784 10.47056 9.9327 10.788 10.8984
11.04296 11.41287 11.47243 11.21923 11.60586 11.64029 11.51733 11.25594 11.49026 11.76
11.61502 11.7168 11.75324 11.59691 11.76 11.76 11.76 11.76 11.50653 11.76
11.75522 11.75859 11.76 11.76 11.76 11.76 11.76 11.76 11.5193 11.76
11.75828 11.76 11.76 11.76 11.76 11.76 11.76 11.76 11.53213 11.76
11.76 11.76 11.76 11.76 11.76 11.76 11.76 11.76 11.54504 11.76
