4.77954 5.08809 4.45856 4.53473 5.02502 5.14683 5.22442 4.63626 4.93422 5.27743
4.79637 5.10235 4.47367 4.54512 5.03873 5.15395 5.23768 4.64853 4.94535 5.28955
4.82129 5.12108 4.49717 4.562 5.05416 5.1613 5.25154 4.66508 4.95657 5.30526
4.85418 5.15957 4.52508 4.58031 5.07118 5.17132 5.27037 4.68845 4.97371 5.3222
4.89048 5.55264 4.55661 4.60166 5.09492 5.18262 5.28828 4.71124 4.99254 5.34223
4.93162 5.58404 4.58857 4.62527 5.11709 5.19498 5.30741 4.72795 5.01015 5.36349
5.04586 5.63326 4.62458 4.65016 5.25512 5.21682 5.32284 4.7462 5.02925 5.38664
5.51894 5.69568 4.67412 4.69196 5.31239 5.23201 5.34269 4.76641 5.05204 5.41069
5.58659 6.22169 4.75484 4.75879 5.74865 5.26602 5.37061 4.79866 5.20533 5.43265
5.86325 6.70971 5.38773 5.51217 6.61393 5.87026 5.6108 5.16873 5.51265 5.59155
7.07884 7.78397 7.04555 7.20316 8.00457 7.32585 7.07312 6.55072 6.69332 7.16634
8.58264 9.13454 8.9007 9.08105 8.89142 9.16804 8.78778 8.48123 8.00852 9.27826
10.14223 10.46118 10.37466 10.54429 9.87524 10.85534 10.52747 10.12914 9.50972 10.96753
11.54606 11.09023 11.31702 11.1903 11.14239 11.55897 11.76 11.24581 11.37397 11.71362
11.76 11.62043 11.71445 11.76 11.71896 11.76 11.76 11.76 11.76 11.76
11.76 11.7343 11.76 11.76 11.76 11.76 11.76 11.76 11.76 11.76
11.76 11.74085 11.76 11.76 11.76 11.76 11.76 11.76 11.76 11.76
11.76 11.74406 11.76 11.76 11.76 11.76 11.76 11.76 11.76 11.76
11.76 11.74699 11.76 11.76 11.76 11.76 11.76 11.76 11.76 11.76
11.76 11.75019 11.76 11.76 11.76 11.76 11.76 11.76 11.76 11.76
11.76 11.75338 11.76 11.76 11.76 11.76 11.76 11.76 11.76 11.76
