3.63544 3.4853 3.50025 3.20708 3.41836 3.53476 3.87857 3.23682 3.41897 4.1935
3.64362 3.49594 3.50795 3.21612 3.43836 3.54443 3.89326 3.25392 3.45745 4.20335
3.65285 3.50802 3.51594 3.22626 3.45329 3.55432 3.90954 3.26938 3.47769 4.2134
3.66402 3.51973 3.52458 3.24053 3.46807 3.56704 3.92674 3.28201 3.49339 4.22507
3.67863 3.53411 3.53343 3.25667 3.49254 3.5806 3.95076 3.29595 3.50735 4.23933
3.69278 3.54888 3.54451 3.2747 3.51379 3.59769 3.97392 3.30868 3.52097 4.25577
3.71168 3.56559 3.55583 3.29805 3.5336 3.61462 3.99601 3.32074 3.53482 4.27235
3.73527 3.58389 3.58142 3.32182 3.55572 3.80961 4.02051 3.33278 3.54892 4.29033
3.75437 3.61455 3.61134 3.349 3.61424 4.07102 4.04973 3.34588 3.57258 4.31568
3.80233 3.66248 3.65863 3.47252 3.65635 4.16867 4.10164 3.36527 3.60564 4.34068
3.98136 4.29139 4.02286 4.36199 3.96618 4.24774 4.16014 3.52755 3.67466 4.38529
5.62597 6.33471 5.29178 6.16397 4.96851 5.29118 5.01111 4.48872 4.45698 5.51167
7.58143 7.91194 6.79518 7.64839 6.18774 6.87272 6.75563 6.05582 5.65915 6.93147
9.17669 8.97251 7.98778 8.9452 7.74042 8.40366 8.00487 7.57825 7.23329 7.94158
10.33544 10.12776 9.20108 9.8976 9.64032 9.30901 9.00937 8.97658 8.80288 8.80043
11.19112 10.76359 10.31743 10.65409 10.86394 10.15719 10.15822 10.08037 10.03921 9.76955
11.65639 11.40839 11.17639 11.32953 11.26941 10.99276 11.10354 11.02097 11.14627 10.70493
11.76 11.70352 11.65204 11.56715 11.60054 11.74776 11.73147 11.51733 11.44384 11.64395
11.76 11.76 11.76 11.75157 11.65396 11.7498 11.7339 11.58074 11.71879 11.75611
11.76 11.76 11.76 11.75375 11.6595 11.75185 11.73634 11.5946 11.72725 11.76
11.76 11.76 11.76 11.75595 11.66506 11.75393 11.73878 11.60832 11.73029 11.76
