3.74329 4.31119 3.56895 3.49219 3.51921 4.34191 4.26013 3.74914 3.91218 3.99801
3.75171 4.3234 3.58134 3.50052 3.53174 4.3507 4.27093 3.76312 3.92179 4.00776
3.76448 4.33737 3.59387 3.50895 3.54758 4.36227 4.28237 3.77571 3.93145 4.01807
3.78056 4.35282 3.60779 3.51871 3.56572 4.37354 4.29548 3.78811 3.94145 4.03016
3.80001 4.37051 3.62339 3.53033 3.58552 4.38578 4.3097 3.80201 3.95352 4.04257
3.82327 4.39356 3.66091 3.54539 3.60766 4.39996 4.32664 3.81695 3.97031 4.05627
3.85106 4.42282 3.72706 3.56242 3.63016 4.43109 4.34528 3.83381 3.99096 4.07122
3.93111 4.50399 3.83281 3.59425 3.68546 4.52998 4.40366 3.90173 4.02156 4.10397
4.17533 4.68786 4.01405 3.69602 3.81362 4.78174 4.60325 4.04569 4.07009 4.19576
4.7823 5.13506 4.45631 3.99018 4.17628 5.3276 5.08993 4.36838 4.20933 4.47698
5.84143 6.09559 5.12746 4.56772 4.78258 6.11481 6.07508 4.93419 4.59413 5.17152
7.45603 7.24011 6.10131 5.52172 5.98974 7.24244 7.6287 5.89849 5.23666 6.09702
8.60195 8.34035 7.39552 6.77149 7.08535 8.38321 9.41694 7.25965 6.34454 7.56652
9.62088 9.46441 8.6387 8.24774 8.06464 9.50288 10.3318 8.62413 7.86583 8.61014
10.4818 10.76841 9.82832 10.00211 9.36188 10.41511 10.88155 9.83666 9.31897 9.18924
11.27696 11.41945 11.11448 10.85592 10.58023 11.28341 11.31678 10.7761 10.73838 10.33832
11.72952 11.70242 11.60216 11.37333 11.4917 11.56816 11.76 11.4811 11.68513 11.46814
11.76 11.76 11.76 11.65724 11.64684 11.73473 11.76 11.70293 11.69266 11.67012
11.76 11.76 11.76 11.76 11.76 11.76 11.76 11.70603 11.69434 11.67307
11.76 11.76 11.76 11.76 11.76 11.76 11.76 11.70913 11.69603 11.67603
11.76 11.76 11.76 11.76 11.76 11.76 11.76 11.71224 11.69772 11.679
