4.19781 4.00701 3.95427 3.90731 4.05534 4.68509 4.32532 3.89859 4.01925 4.97538
4.20807 4.01813 3.96655 3.91717 4.0669 4.69323 4.33951 3.89845 4.02756 4.98698
4.2208 4.03172 3.97786 3.92159 4.07199 4.70539 4.35418 3.90738 4.0408 5.00059
4.2371 4.04745 3.98982 3.93522 4.09593 4.72051 4.37049 3.91872 4.0561 5.01675
4.26058 4.0637 4.00401 3.95158 4.11498 4.73868 4.39158 3.93042 4.07266 5.03429
4.28951 4.08368 4.02206 3.97218 4.14988 4.76125 4.41385 3.94324 4.09223 5.05999
4.32334 4.11094 4.04102 4.00087 4.23314 4.78901 4.43976 3.95761 4.11277 5.08062
4.39898 4.2234 4.11812 4.0467 4.33564 4.88447 4.48186 4.01748 4.13927 5.11157
4.61232 4.5365 4.2687 4.30176 4.64916 5.11944 4.65982 4.12424 4.20402 5.21049
5.06253 5.27261 4.75041 4.77382 5.25108 5.39113 5.19356 4.44667 4.47101 5.57091
5.78678 6.23766 5.4942 5.442 5.8694 5.75687 6.28947 4.99534 5.05475 6.28612
6.95746 7.09773 6.55627 6.54538 6.57929 6.21466 7.30643 5.80581 5.85015 7.30881
7.96332 7.90239 7.51635 7.64048 7.51187 6.86459 8.29582 6.89156 6.81484 8.12491
9.05232 8.75149 8.42703 8.49672 8.71595 7.65446 9.22508 8.04736 7.78713 9.15134
10.27188 9.96661 9.45897 9.50837 9.66809 8.7728 10.621 9.20868 8.79644 10.21638
11.54554 11.23412 10.56108 10.74978 11.03559 10.06574 11.66129 10.6716 9.99586 11.15767
11.76 11.63329 11.31462 11.76 11.50572 11.33284 11.72944 11.66198 10.98813 11.43507
11.76 11.74374 11.74766 11.76 11.69785 11.72951 11.73266 11.76 11.63267 11.66294
11.76 11.759 11.76 11.76 11.76 11.76 11.73588 11.76 11.76 11.76
11.76 11.76 11.76 11.76 11.76 11.76 11.73911 11.76 11.76 11.76
11.76 11.76 11.76 11.76 11.76 11.76 11.74233 11.76 11.76 11.76
