3.82538 4.22707 4.07158 4.58921 4.6486 4.1112 5.37047 4.73335 4.89966 5.55603
3.8406 4.24813 4.07419 4.60665 4.66983 4.12803 5.3913 4.74978 4.91306 5.5807
3.88658 4.27359 4.1036 4.63193 4.69552 4.12389 5.4118 4.76739 4.92876 5.60673
3.87619 4.30476 4.12354 4.66185 4.72199 4.17022 5.45816 4.79153 4.94785 5.63582
3.89603 4.36124 4.1656 4.69114 4.74732 4.19278 5.494 4.81508 4.96323 5.66346
3.94545 4.4434 4.18456 4.72671 4.78038 4.23388 5.52883 4.8389 4.99403 5.69343
3.97218 4.51151 4.21218 4.76245 4.81777 4.25981 5.56625 4.86628 4.9942 5.7253
4.00604 4.64577 4.13379 4.8058 4.86324 4.28975 5.6417 4.90052 5.04901 5.77435
4.0488 4.96226 4.30069 4.87299 4.93839 4.33744 5.75647 4.94513 5.08275 5.76669
4.23621 5.38228 4.37316 5.11625 5.09917 4.43833 6.51118 5.0081 5.1321 6.24913
5.71201 6.53423 5.52911 6.39891 6.34545 5.0444 7.7117 6.15319 6.13585 6.96755
8.17667 7.84455 7.3129 8.3475 9.0456 7.825 10.09131 8.46638 8.00086 8.62031
10.16442 9.66184 9.53191 10.38443 10.59819 9.72295 11.04899 10.48265 10.46102 10.24132
11.20949 11.36555 11.14444 11.63029 11.47761 11.03739 11.72575 11.46354 11.21848 11.76
11.51894 11.76 11.5056 11.76 11.73489 11.67186 11.76 11.76 11.66076 11.76
11.76 11.76 11.75437 11.76 11.76 11.67658 11.76 11.76 11.76 11.76
11.76 11.76 11.62594 11.76 11.76 11.68148 11.76 11.76 11.76 11.76
11.76 11.76 11.75965 11.76 11.76 11.68638 11.76 11.76 11.76 11.76
11.76 11.76 11.63803 11.76 11.76 11.69128 11.76 11.76 11.76 11.76
11.76 11.76 11.76 11.76 11.76 11.69618 11.76 11.76 11.76 11.76
11.76 11.76 11.76 11.76 11.76 11.70108 11.76 11.76 11.76 11.76
