3.44534 3.70705 3.46649 3.64561 3.72614 3.91706 4.30882 4.13544 4.02017 4.08857
3.45782 3.71743 3.48892 3.65679 3.73777 3.92838 4.3213 4.14941 4.03277 4.10143
3.4697 3.7306 3.4971 3.66929 3.75133 3.9405 4.33636 4.16358 4.05507 4.11602
3.48344 3.75128 3.50864 3.68451 3.76588 3.95363 4.35405 4.17882 4.07169 4.13274
3.4984 3.76951 3.5323 3.7046 3.78281 3.96789 4.37518 4.19662 4.09614 4.15141
3.51574 3.79055 3.54996 3.73259 3.802 3.9838 4.40052 4.22031 4.1187 4.17414
3.53801 3.81478 3.56873 3.76369 3.82272 4.00107 4.42668 4.25024 4.13708 4.20002
3.57544 3.86142 3.62542 3.83273 3.93749 4.0475 4.46644 4.28955 4.22203 4.27489
3.74156 3.99433 3.78413 4.03605 4.23306 4.20327 4.5804 4.38337 4.46704 4.48285
4.14511 4.29048 4.26482 4.51867 4.61251 4.63018 4.94799 4.55661 5.03646 5.13209
4.75906 4.92591 5.24205 5.24019 5.15568 5.4183 5.72209 4.90286 5.93948 6.24812
5.83057 5.84817 6.48253 6.35147 5.92792 6.32174 6.88304 5.49284 7.02671 7.40816
6.62041 7.12524 7.91423 7.52839 7.04699 7.82668 8.14833 6.14875 8.03521 8.73709
8.10198 8.52654 9.1925 8.47699 8.71135 9.356 9.90581 7.20147 9.07079 9.69914
9.6003 9.50917 10.45168 9.62246 10.12355 10.25092 10.98401 8.34914 10.29174 10.40462
10.87482 10.68064 11.11334 11.25151 11.18935 10.86263 11.57227 10.06888 11.07368 11.43204
11.46887 11.45016 11.40759 11.6327 11.47874 11.46511 11.76 11.35201 11.38568 11.51087
11.74396 11.75303 11.59996 11.76 11.72444 11.76 11.76 11.71514 11.72712 11.52643
11.76 11.76 11.60767 11.76 11.76 11.76 11.76 11.71844 11.76 11.54198
11.76 11.76 11.61538 11.76 11.76 11.76 11.76 11.72174 11.76 11.55755
11.76 11.76 11.62311 11.76 11.76 11.76 11.76 11.72387 11.76 11.57309
