3.79429 3.93367 3.61186 3.69934 4.18458 4.1404 4.05585 4.29846 4.3805 4.21733
3.80176 3.94534 3.62188 3.71241 4.17783 4.15248 4.06664 4.3082 4.3925 4.22978
3.81202 3.95816 3.63972 3.72792 4.18772 4.1669 4.07783 4.32049 4.40384 4.24232
3.82355 3.97355 3.65779 3.74428 4.20095 4.18101 4.08995 4.33474 4.41483 4.2552
3.83803 4.00253 3.67562 3.76268 4.21727 4.19464 4.10561 4.35105 4.42965 4.2694
3.85465 4.02241 3.77022 3.78515 4.24636 4.21047 4.12525 4.37404 4.44873 4.28862
3.92752 4.05613 3.79447 3.82972 4.28293 4.22885 4.15077 4.39942 4.47214 4.31089
4.03927 4.12189 3.84542 4.00647 4.32899 4.25988 4.26186 4.43135 4.51921 4.37392
4.23647 4.25101 3.98271 4.39209 4.46404 4.38601 4.45918 4.55369 4.69038 4.61007
4.65769 4.58954 4.40979 5.1939 4.78856 4.76095 4.82017 4.99922 5.11507 5.15124
5.45524 5.28394 5.27682 6.23005 5.35309 5.48359 5.57658 5.88676 5.7658 6.53155
6.75323 6.43164 6.45461 7.33981 6.38838 6.74214 6.22145 7.02026 7.02443 8.04426
8.37512 7.66026 7.79564 8.03225 7.34318 8.24419 7.00103 8.15292 7.99159 9.28587
9.6217 9.03908 8.97493 8.89111 8.71103 9.51762 8.45161 9.7198 8.89568 9.77855
10.734 10.17036 10.08014 9.84472 10.17675 10.60432 9.61133 10.55936 10.09944 10.20294
11.53456 11.22598 11.02705 11.15275 11.49521 10.91532 11.00718 11.36791 11.20238 11.28903
11.76 11.64327 11.47332 11.68557 11.73159 11.73908 11.61388 11.72739 11.71609 11.50544
11.76 11.71139 11.61116 11.76 11.76 11.76 11.67208 11.76 11.76 11.5177
11.76 11.71898 11.61332 11.76 11.76 11.76 11.67801 11.76 11.76 11.52967
11.76 11.72139 11.61548 11.76 11.76 11.76 11.68394 11.76 11.76 11.54163
11.76 11.7238 11.61765 11.76 11.76 11.76 11.68988 11.76 11.76 11.55359
