3.95328 4.71435 4.37763 5.2172 5.10411 4.84289 5.5003 4.68453 5.62207 5.79125
3.96206 4.70024 4.38929 5.22568 5.1174 4.85312 5.50857 4.69468 5.62873 5.80087
3.97091 4.71053 4.40148 5.23426 5.13239 4.86456 5.51691 4.70499 5.63542 5.8105
3.98013 4.72112 4.41563 5.24392 5.1506 4.88125 5.52578 4.71557 5.64229 5.82029
3.9904 4.73392 4.43192 5.25592 5.18754 4.90012 5.53602 4.72739 5.65004 5.83047
4.00345 4.91845 4.45352 5.27485 5.22148 4.92184 5.54957 4.74124 5.66 5.84218
4.02059 4.9402 4.47989 5.29884 5.29742 4.94679 5.56678 4.7788 5.67378 5.85669
4.06997 5.01187 4.53928 5.3357 5.75786 5.00255 5.61441 4.85804 5.69608 5.88245
4.21951 5.19626 4.79455 5.45607 6.28047 5.11411 5.7476 5.00847 5.73016 5.93816
4.64648 5.87277 5.37745 5.78399 7.03428 5.43509 6.12094 5.26228 5.79499 6.02721
5.25785 6.72145 6.6587 6.44214 7.3728 6.0373 7.05819 5.88042 5.98956 6.19005
6.02628 7.80002 7.58744 7.65316 7.66013 6.68304 7.95165 6.82161 6.50525 6.55042
6.90285 8.76422 8.13178 8.839 7.98762 7.50921 8.20901 7.46196 6.98463 7.01947
8.26552 9.53909 8.79636 9.452 8.62696 8.82279 8.58325 7.7848 7.63495 7.84836
9.53724 10.38777 10.02558 9.90803 9.32092 9.92102 9.26574 8.44065 8.50645 8.95385
10.71894 11.32505 11.26309 10.58085 10.21094 10.76267 9.79611 9.22533 10.23527 9.79902
11.33463 11.71799 11.57676 11.29397 10.81658 11.27823 10.7934 10.89797 11.00327 10.30465
11.51659 11.76 11.73766 11.67097 10.91332 11.75386 11.33135 11.76 11.76 11.32603
11.69537 11.76 11.7394 11.75765 11.76 11.76 11.76 11.76 11.76 11.76
11.69986 11.76 11.74101 11.75967 11.76 11.76 11.76 11.76 11.76 11.76
11.70434 11.76 11.74263 11.76 11.76 11.76 11.76 11.76 11.76 11.76
