3.83479 4.70644 3.9718 3.69509 4.28189 4.84215 4.75699 4.3815 4.70465 4.31239
3.84355 4.70721 3.98199 3.70495 4.29423 4.85177 4.77056 4.39184 4.71351 4.32447
3.85253 4.73836 3.9932 3.71913 4.30907 4.86146 4.78738 4.40255 4.72281 4.33724
3.8633 4.75922 4.00587 3.73773 4.32633 4.87351 4.80772 4.41478 4.73361 4.35229
3.87983 4.78835 4.02037 3.75874 4.34732 4.88868 4.83497 4.4289 4.74843 4.37004
3.90085 4.82314 4.03727 3.78143 4.37257 4.90596 4.8651 4.44646 4.76912 4.38873
3.91205 4.85988 4.0595 3.80734 4.40295 4.92468 4.8981 4.46586 4.7912 4.4108
3.94688 4.89757 4.08716 3.85115 4.44334 4.9534 4.94275 4.49743 4.82046 4.43969
4.45044 5.17836 4.20521 4.11236 4.60941 5.15291 5.42919 4.96179 5.11899 4.63472
5.33597 5.79013 4.62959 4.59542 5.04368 5.53043 6.52237 5.86065 5.6192 4.95902
6.5845 6.52435 5.36519 5.53312 6.09441 6.04694 7.81124 6.99269 6.55825 5.56012
7.73672 7.12395 6.70198 6.31657 7.34656 6.84496 8.58903 8.28787 8.02468 6.11098
8.46543 7.81691 8.02034 7.18967 8.29208 7.97324 9.08164 9.05847 9.66926 7.21577
9.33569 8.82052 9.5023 8.10101 9.29508 9.59244 9.65992 9.75865 10.99209 9.05719
10.69778 10.33093 10.72612 9.64648 10.17335 11.35709 11.1669 10.58398 11.54718 10.50201
11.37425 11.64273 11.76 11.13988 11.35022 11.75911 11.60772 11.61776 11.76 11.30732
11.62736 11.76 11.76 11.49773 11.73227 11.76 11.61094 11.62755 11.76 11.35792
11.64885 11.76 11.76 11.72022 11.73504 11.76 11.6136 11.63071 11.76 11.37065
11.65355 11.76 11.76 11.72478 11.73758 11.76 11.61629 11.63386 11.76 11.38334
11.65826 11.76 11.76 11.72933 11.74035 11.76 11.61897 11.63702 11.76 11.39605
11.66298 11.76 11.76 11.73389 11.74311 11.76 11.62166 11.64018 11.76 11.40875
