3.20797 3.37283 3.20503 3.06789 3.46108 4.07116 3.74494 3.8351 3.39777 4.13202
3.21736 3.38139 3.21751 3.06915 3.47138 4.08111 3.75555 3.84691 3.40896 4.1418
3.23011 3.39038 3.23353 3.08337 3.48203 4.09394 3.76678 3.86169 3.4227 4.15211
3.24782 3.39985 3.2511 3.09347 3.49332 4.10902 3.77892 3.87726 3.43921 4.16348
3.26557 3.41028 3.26937 3.1036 3.5074 4.12636 3.79096 3.89254 3.45589 4.17664
3.2818 3.45875 3.28795 3.11685 3.52955 4.14242 3.80425 3.91203 3.47308 4.19037
3.29821 3.60494 3.30815 3.1329 3.5508 4.15937 3.82193 3.93433 3.53225 4.29921
3.3146 3.85667 3.33091 3.15741 3.59132 4.18056 3.84046 3.95653 3.66623 4.60655
3.53967 3.8384 3.36135 3.19017 3.6265 4.20519 3.863 3.99999 3.78851 4.64942
3.82715 3.88246 3.41616 3.23463 3.66955 4.23386 3.89771 4.04571 3.88873 4.6758
4.29114 4.13884 3.75976 3.32582 4.29292 4.44019 4.04528 4.18866 4.37437 4.73718
5.70753 5.38719 4.99399 4.39887 5.52036 5.9534 5.77729 5.60654 5.54431 5.77525
7.01378 6.65475 6.62373 5.88381 7.34042 8.08972 7.78887 7.01196 7.0856 7.36136
7.92899 8.04583 8.04318 7.33585 8.73427 9.58107 9.08182 8.03126 8.21547 8.75809
9.00619 9.20867 9.60292 8.74079 9.82099 10.61626 10.22094 9.04395 9.09319 10.19263
10.03187 10.01197 10.63271 9.9332 10.89468 11.11336 11.09326 10.19215 10.09815 10.99898
10.92905 11.02727 11.2355 10.81164 11.44071 11.51009 11.49765 11.13841 11.06148 11.23203
11.24974 11.30832 11.55713 11.41549 11.76 11.76 11.72127 11.75459 11.73963 11.50018
11.62125 11.70532 11.67171 11.617 11.76 11.76 11.72426 11.76 11.74923 11.51113
11.76 11.71787 11.6784 11.62324 11.76 11.76 11.72727 11.76 11.75222 11.52174
11.76 11.72058 11.68317 11.62937 11.76 11.76 11.73031 11.76 11.75523 11.53246
