3.95741 4.51946 4.33118 4.66189 4.46453 4.4483 4.87986 4.94655 5.39597 4.94229
3.97135 4.53289 4.3426 4.67414 4.4751 4.46155 4.87122 4.96192 5.40915 4.95565
3.98882 4.54977 4.35519 4.68927 4.48587 4.47508 4.91424 4.97943 5.42373 4.96938
4.00714 4.57079 4.3698 4.71179 4.49872 4.48972 5.04152 4.99707 5.43882 4.98511
4.02672 4.5989 4.38718 4.73671 4.51628 4.50844 5.29095 5.0166 5.45465 5.00254
4.04794 4.63428 4.40946 4.76184 4.54283 4.53489 5.31901 5.03711 5.47353 5.02445
4.07198 4.68667 4.43602 4.79201 4.60876 4.56973 5.35086 5.05944 5.49739 5.05169
4.13202 4.91617 4.47697 4.90874 4.97325 4.60898 5.36706 5.08972 5.56013 5.11042
4.52873 5.19769 4.72482 5.64779 5.33834 5.0325 5.6054 5.21659 5.77277 5.41038
5.33183 5.65653 5.28901 7.01363 6.22455 6.25314 6.28322 5.61504 6.37227 6.16031
6.5492 6.58018 5.8722 8.24228 6.68466 6.95897 7.33508 6.64182 6.98044 6.6422
7.19968 8.28874 7.03439 9.15735 7.32604 7.96392 7.97529 7.39369 7.58609 7.12011
8.20671 8.88885 8.35229 10.21291 8.35145 8.75644 8.79919 7.83962 8.10487 7.62716
9.32195 9.42798 9.07814 10.80592 9.00522 9.9096 10.17817 8.45065 9.06762 8.64591
10.7105 10.19728 9.92002 11.08413 10.42335 10.4315 10.87952 10.10341 11.06856 10.52637
11.56308 11.4744 11.28773 11.6294 11.46127 11.62085 11.57835 11.4666 11.69854 11.74248
11.76 11.75792 11.6098 11.7382 11.75357 11.62749 11.58816 11.4842 11.76 11.7453
11.76 11.76 11.6307 11.75997 11.75954 11.63412 11.598 11.49914 11.76 11.74789
11.76 11.76 11.6378 11.76 11.76 11.64074 11.60781 11.51247 11.76 11.75048
11.76 11.76 11.64473 11.76 11.76 11.64737 11.61763 11.5258 11.76 11.75307
11.76 11.76 11.65161 11.76 11.76 11.654 11.62745 11.53914 11.76 11.75566
