3.82983 5.05845 4.12125 4.27143 4.30457 5.08641 4.89062 4.61622 5.07014 4.3758
3.83865 5.0702 4.13088 4.27936 4.31962 5.09697 4.90026 4.62905 5.08213 4.38829
3.85004 5.08397 4.14055 4.28921 4.33525 5.11054 4.91152 4.64338 5.0951 4.40095
3.89732 5.10059 4.15048 4.30051 4.34994 5.12754 4.92523 4.65968 5.11188 4.41553
4.08766 5.12012 4.16434 4.318 4.36869 5.14886 4.94016 4.67787 5.13185 4.43425
4.17065 5.14376 4.18041 4.33961 4.39244 5.17347 4.95751 4.69844 5.15487 4.47633
4.20007 5.17725 4.1994 4.36585 4.44839 5.19633 4.97643 4.72253 5.17984 4.64496
4.23875 5.21061 4.2712 4.48444 4.5908 5.22301 5.00409 4.75796 5.21136 4.83497
4.37628 5.60011 4.45005 5.07219 4.83796 5.58226 5.2599 5.00704 5.39214 5.24481
4.72582 6.35962 4.97348 6.23902 5.02972 6.46341 5.96121 5.54083 5.81358 6.13401
5.36568 7.37193 5.57188 7.44464 5.3916 8.16005 6.84532 6.35218 6.59174 7.25844
6.11605 8.19158 6.51846 8.5104 6.09712 9.30082 7.61788 7.63768 7.5309 7.98912
7.26328 8.69259 7.89165 9.58277 7.36277 9.85466 8.32035 8.5573 8.45938 8.93029
8.80509 9.26666 9.73243 10.37837 8.33006 10.84936 9.44404 9.79869 9.43872 10.24891
10.25247 10.06864 11.0563 11.01357 9.87161 11.63743 10.16513 10.84639 11.08638 10.90827
11.20189 11.16572 11.76 11.32508 10.97486 11.76 11.62011 11.64276 11.76 11.29843
11.57776 11.76 11.76 11.47339 11.57732 11.76 11.62481 11.6519 11.76 11.32977
11.59393 11.76 11.76 11.71555 11.74723 11.76 11.62824 11.65526 11.76 11.34291
11.59889 11.76 11.76 11.71751 11.74979 11.76 11.63162 11.65861 11.76 11.356
11.60387 11.76 11.76 11.71946 11.75236 11.76 11.63501 11.66197 11.76 11.3691
11.60885 11.76 11.76 11.72143 11.75493 11.76 11.6384 11.66533 11.76 11.38218
