3.98935 4.18613 4.01752 4.07156 3.91543 5.13198 4.10964 4.47622 4.76038 4.5545
3.99862 4.19772 4.02718 4.08209 3.92505 5.14317 4.12675 4.48628 4.77319 4.56588
4.00789 4.21789 4.03781 4.09337 3.93488 5.1598 4.14865 4.49972 4.78757 4.57736
4.02001 4.23698 4.05001 4.10632 3.94498 5.1776 4.17244 4.51757 4.79003 4.58903
4.04 4.25537 4.06382 4.12245 3.9561 5.19538 4.19824 4.53425 4.80523 4.60073
4.06562 4.27618 4.08053 4.14989 3.97215 5.21355 4.22644 4.55036 4.82472 4.61614
4.09333 4.30583 4.09923 4.18274 3.98807 5.23365 4.25799 4.56677 4.84896 4.63666
4.19203 4.42445 4.13575 4.26035 4.06089 5.2634 4.30169 4.63305 4.89847 4.66828
4.47346 4.68399 4.26533 4.44509 4.20705 5.39047 4.37706 4.84917 4.95291 4.77395
5.04563 5.53833 4.73581 4.82038 4.68681 5.91803 4.64105 5.35774 5.05556 5.13842
6.10495 6.55133 5.47621 5.60097 5.76762 7.35935 5.14186 6.36684 5.40772 5.68153
7.5421 7.61708 6.95901 6.57358 6.84645 8.80657 5.77721 7.34667 6.02454 6.3399
8.92657 8.81468 7.68085 7.67328 7.51338 9.41804 7.19368 8.32349 7.14933 6.87198
9.76692 9.68412 8.57421 8.56463 8.34565 9.85178 8.39603 9.45244 8.10792 7.82709
10.6484 10.55577 9.79706 9.8439 9.32367 10.39734 10.16234 10.18024 8.65946 8.60317
11.23553 11.32718 11.08108 11.29834 10.48951 10.89992 11.61114 10.93124 9.19278 9.00967
11.65213 11.69758 11.62337 11.54864 11.60095 11.52864 11.64305 11.61257 10.46235 9.93854
11.76 11.76 11.67541 11.67562 11.76 11.76 11.65496 11.71844 11.52131 11.29968
11.76 11.76 11.76 11.76 11.76 11.76 11.66687 11.72023 11.76 11.76
11.76 11.76 11.76 11.76 11.76 11.76 11.67613 11.72201 11.76 11.76
11.76 11.76 11.76 11.76 11.76 11.76 11.684 11.72379 11.76 11.76
