3.40219 3.58757 3.59542 3.8496 3.92861 3.9355 4.0232 4.05905 4.43684 4.46345
3.41396 3.59771 3.60469 3.86171 3.94227 3.94808 4.03521 4.07181 4.44776 4.4767
3.42416 3.76836 3.61428 3.87531 3.96792 3.96055 4.04885 4.08497 4.45899 4.49014
3.43618 3.90278 3.62502 3.8935 3.98514 3.9857 4.06473 4.09903 4.47431 4.50793
3.45022 3.92236 3.63624 3.92093 4.00266 3.99889 4.08062 4.11294 4.4922 4.52835
3.46979 3.94239 3.65147 3.94871 4.02135 4.00247 4.0971 4.12875 4.51099 4.54687
3.48261 3.9646 3.67019 3.97748 4.04425 4.01887 4.11578 4.15698 4.53066 4.56677
3.49614 3.99176 3.69212 4.02662 4.0697 4.04888 4.13738 4.18728 4.56431 4.59352
3.517 4.00549 3.72172 4.086 4.33042 4.07324 4.16237 4.21941 4.60027 4.62453
3.55075 4.06102 3.78276 4.16095 4.38584 4.10067 4.29083 4.26013 4.63153 4.65835
3.8385 4.58512 4.17353 4.28581 4.58455 4.22348 4.61137 4.32393 4.67564 4.72118
5.41498 6.0825 6.24505 5.017 5.52483 5.56601 5.67291 6.08808 5.32414 5.38608
7.11068 8.20184 7.72718 6.37356 6.73058 7.0984 7.23626 7.77216 6.38878 6.87595
8.6763 9.08819 9.06174 7.60525 7.82896 8.4251 8.19009 8.71038 6.92184 8.14111
9.99078 10.12345 10.34378 9.08609 9.089 9.51927 9.5712 9.82673 7.62045 9.39961
10.92614 10.77323 11.07313 11.27768 10.18579 10.70595 10.3942 10.87812 8.30302 11.19878
11.49382 11.31194 11.43723 11.66859 11.26595 11.34676 11.23808 11.39618 9.72967 11.72056
11.63314 11.64918 11.61268 11.76 11.65819 11.69988 11.51493 11.59494 10.26588 11.76
11.76 11.76 11.76 11.76 11.76 11.76 11.53011 11.74489 11.62748 11.76
11.76 11.76 11.76 11.76 11.76 11.76 11.5453 11.74861 11.76 11.76
11.76 11.76 11.76 11.76 11.76 11.76 11.55947 11.75236 11.76 11.76
