4.36047 5.4054 4.14852 4.74559 4.59179 4.6338 4.78282 5.28177 5.16768 5.57583
4.36168 5.40669 4.15081 4.74659 4.59361 4.63487 4.78435 5.28261 5.16718 5.57743
4.44038 5.41038 4.15375 4.74855 4.59644 4.63718 4.78693 5.28404 5.16958 5.58062
4.45624 5.41476 4.15698 4.75071 4.6061 4.63942 4.79327 5.28574 5.17115 5.58544
4.52886 5.4199 4.16139 4.75353 4.94585 4.64269 4.80138 5.28849 5.17145 5.59083
4.68582 5.42629 4.16651 4.7566 4.95368 4.66523 4.84403 5.29235 5.18624 5.59806
4.83155 5.43901 4.1733 4.75966 4.97708 4.69205 5.01797 5.29815 5.21906 5.6055
4.83743 5.4562 4.18409 4.76469 4.9919 4.70732 5.10488 5.31052 5.22666 5.63899
4.8476 5.47555 4.20176 4.79268 5.02619 4.72453 5.12055 5.3192 5.24118 5.66147
4.88004 5.50794 4.22985 4.81318 5.16861 4.73175 5.14661 5.41595 5.25374 5.67321
5.09144 5.66662 4.33042 5.00264 5.58858 4.76357 5.20598 5.75527 5.38327 5.66309
6.04868 7.03154 5.2895 6.34701 6.58265 5.15668 5.46098 5.95789 6.14035 5.99481
8.03871 8.10361 7.28373 8.13574 7.88704 6.18804 6.43059 6.73613 7.86181 7.93213
9.48229 9.26655 8.73368 9.80584 9.11575 7.94909 8.47738 8.38729 9.72913 9.2714
10.66137 10.49302 9.70135 10.78581 10.22574 9.62227 9.6531 10.37444 10.52477 10.27835
11.45522 11.27157 10.72991 11.35547 10.8238 10.4562 10.22808 11.30363 11.3544 11.21659
11.68565 11.55201 11.28831 11.66614 11.40012 11.31469 10.91391 11.62529 11.62478 11.53417
11.75975 11.64619 11.63148 11.76 11.66041 11.32981 11.05664 11.6615 11.63426 11.65877
11.76 11.66638 11.76 11.76 11.76 11.32975 11.05654 11.66147 11.63424 11.75849
11.76 11.66742 11.76 11.76 11.76 11.33527 11.06476 11.66676 11.63742 11.76
11.76 11.66904 11.76 11.76 11.76 11.34376 11.07745 11.67489 11.64232 11.76
