3.66669 3.91528 3.83985 4.46074 4.41421 4.31031 4.86335 4.51203 5.14244 5.15655
3.67537 3.92406 3.85147 4.4749 4.42664 4.32299 4.87973 4.52313 5.15093 5.16788
3.6843 3.93329 3.86346 4.49483 4.44078 4.33763 4.89803 4.53435 5.16005 5.17934
3.69357 3.94394 3.87683 4.51557 4.45458 4.35803 4.92011 4.5472 5.17206 5.19113
3.70583 3.95887 3.91033 4.53988 4.47609 4.37534 4.94418 4.564 5.18536 5.20538
3.72154 3.97587 3.93518 4.56706 4.5061 4.39877 4.97159 4.58323 5.20269 5.22291
3.74063 4.00079 3.95435 4.59906 4.54256 4.42238 5.0026 4.6048 5.22072 5.30922
3.78001 4.05694 3.99162 4.64124 4.59027 4.44856 5.04207 4.6347 5.24396 5.61856
4.06556 4.35933 4.3105 5.05358 4.7348 4.63315 5.42389 4.9041 5.54686 5.81313
4.57566 5.01348 4.8634 5.97826 4.99122 5.24837 6.08645 5.47075 6.29181 6.22496
5.8516 5.98746 5.96717 7.06945 5.51591 6.5147 7.19275 6.38265 7.23969 6.80826
6.89069 6.78744 7.08872 8.12198 6.20365 7.91787 7.63937 7.68631 7.89079 7.04681
8.27209 7.90941 8.5002 9.36015 7.7278 9.18524 8.0247 8.34531 8.63123 7.43839
9.56224 9.34625 9.32043 10.3958 8.87148 10.38463 8.80472 9.23219 9.68406 8.75602
10.30186 10.41436 10.25988 11.00533 9.90991 11.07429 9.96503 10.18818 10.80256 9.61438
10.88644 11.35209 11.03789 11.25363 11.17399 11.48964 11.15269 11.29326 11.67423 10.59969
11.27402 11.64911 11.43555 11.54899 11.53187 11.6196 11.63829 11.76 11.74029 11.689
11.60468 11.76 11.63146 11.61124 11.76 11.63059 11.64888 11.76 11.74248 11.69182
11.60926 11.76 11.63618 11.61734 11.76 11.63686 11.65948 11.76 11.74466 11.69465
11.61385 11.76 11.64091 11.62159 11.76 11.64315 11.67009 11.76 11.74684 11.69749
11.61844 11.76 11.64564 11.62772 11.76 11.64944 11.67974 11.76 11.74901 11.70032
