3.42209 3.6876 3.638 3.7796 3.97461 4.04266 4.2873 3.72449 4.58227 4.5681
3.42977 3.69531 3.64616 3.7911 3.99046 4.05187 4.30218 3.73334 4.59044 4.57831
3.43793 3.7046 3.66087 3.80917 4.00996 4.11172 4.3188 3.74257 4.60149 4.59043
3.4504 3.71887 3.67927 3.83363 4.0297 4.16887 4.33896 3.75281 4.61432 4.60629
3.46539 3.73504 3.69816 3.86024 4.054 4.21304 4.36237 3.76357 4.63378 4.62355
3.48793 3.76034 3.72891 3.89622 4.49612 4.31505 4.39698 3.7777 4.661 4.71771
4.1724 3.97575 3.93429 4.15865 4.6508 4.5821 4.47848 4.02203 4.95094 5.72951
5.37907 5.35513 5.57141 5.32567 5.42722 5.29154 4.92899 5.27367 6.14255 6.66305
6.26002 6.41155 6.39746 6.58056 6.14934 6.15756 5.67119 6.33237 7.73036 7.48168
7.26534 6.85644 7.11446 7.77986 7.00858 6.75467 7.15308 7.09095 8.66159 8.6616
8.46504 7.50614 7.88077 8.79868 8.20328 8.15412 7.8866 7.79702 9.2838 9.39837
9.28714 8.86023 9.17855 9.79055 9.17798 9.77566 8.74572 8.75867 9.6096 9.85415
10.04405 10.25818 9.95412 10.79224 9.94274 10.68154 10.0819 9.80409 11.01182 10.98151
10.66769 10.90786 10.43353 11.12549 10.41507 11.35983 10.496 10.46765 11.44284 11.42938
11.16981 11.40073 10.88899 11.24273 11.37876 11.59727 11.65937 11.08056 11.75574 11.65999
11.38792 11.72041 11.54805 11.4887 11.69813 11.6046 11.66567 11.29846 11.75769 11.66211
11.58669 11.73762 11.56302 11.49537 11.70036 11.61048 11.6712 11.31359 11.75962 11.66423
11.59367 11.73996 11.56739 11.50112 11.7026 11.6165 11.67675 11.32954 11.76 11.66635
11.60061 11.74229 11.5716 11.50684 11.70482 11.6225 11.68227 11.34538 11.76 11.66846
11.60748 11.7446 11.57597 11.51253 11.70703 11.62847 11.68775 11.36117 11.76 11.67056
11.61443 11.74693 11.58037 11.51827 11.70926 11.63447 11.69328 11.37707 11.76 11.67267
