3.45532 3.80776 3.29731 3.35105 4.4328 3.27643 3.57721 3.56054 3.65809 3.52938
3.46319 3.8168 3.30617 3.36094 4.45839 3.28643 3.58396 3.57441 3.66756 3.54177
3.47118 3.82667 3.31682 3.37458 4.48751 3.2984 3.60401 3.59239 3.68447 3.55661
3.4807 3.8386 3.332 3.38901 4.50664 3.31204 3.76766 3.61329 3.70412 3.57009
3.49351 3.85257 3.34987 3.41422 4.53298 3.32829 3.78558 3.63703 3.72506 3.58492
3.50847 3.86916 3.37029 3.43693 4.57536 3.34723 3.80696 3.66587 3.75044 3.6028
3.52689 3.89131 3.39623 3.45984 4.62847 3.36928 3.83512 3.69717 3.78189 3.62698
3.56787 3.92771 3.51447 3.50106 4.73212 3.41326 3.91323 3.76753 3.88746 3.69576
3.74374 4.08654 3.76637 3.61356 4.95084 3.56856 4.13088 3.94079 4.18481 3.93925
4.20025 4.47113 4.38167 3.94746 5.20756 4.0256 4.52159 4.27553 4.9799 4.50496
4.9961 5.18507 5.21767 4.65858 5.5238 4.98015 5.41575 5.0482 5.98788 5.67727
6.33484 6.06996 5.87488 5.72483 6.05319 6.6198 6.4935 5.87226 6.9648 6.65292
7.12368 7.14738 6.77795 6.99555 6.92148 8.00926 7.34522 6.99384 7.86222 7.38703
8.16571 8.63535 7.93635 8.18478 8.14193 8.82417 8.26447 8.2059 9.09857 8.18464
9.27429 10.22839 9.44016 9.62158 9.52284 9.48332 8.93962 9.79109 10.06177 9.3453
10.64126 11.02469 10.53037 10.54357 10.23924 10.21398 9.7584 10.81942 10.85609 10.25733
11.3091 11.47683 11.17446 11.25589 10.91211 10.87347 10.67871 11.35775 11.40891 10.86449
11.71578 11.61142 11.6105 11.5633 11.73961 11.36429 11.2638 11.65169 11.73288 11.45213
11.75103 11.62591 11.6566 11.69782 11.76 11.58228 11.30631 11.72023 11.75403 11.56942
11.75458 11.62812 11.65849 11.70025 11.76 11.59051 11.31803 11.72426 11.75642 11.58123
11.75686 11.63032 11.66039 11.70269 11.76 11.59649 11.32969 11.72647 11.75882 11.58759
