3.26518 3.55709 3.46105 3.72572 3.8776 3.37425 3.63586 3.23972 3.80197 3.92946
3.27277 3.56505 3.47099 3.73377 3.88933 3.38506 3.64399 3.25012 3.81228 3.94283
3.28045 3.57494 3.48322 3.74512 3.90279 3.39758 3.65417 3.26057 3.83336 3.95888
3.29143 3.58626 3.50943 3.76186 3.91745 3.41109 3.66736 3.27198 3.85739 3.9755
3.30456 3.5983 3.5289 3.78118 3.93461 3.42589 3.68486 3.2846 3.88464 3.99282
3.31879 3.61214 3.55967 3.80653 3.95961 3.46216 3.70741 3.302 3.91461 4.01322
3.33551 3.62823 3.59223 3.83464 4.02073 3.48134 3.73155 3.32125 3.94824 4.07123
3.40233 3.68666 3.63139 3.8919 4.1765 3.5126 3.80867 3.36071 4.01002 4.23504
3.64615 3.86711 3.73055 4.06745 4.66201 3.71906 4.04373 3.54199 4.19976 4.66889
4.19324 4.31718 4.02798 4.47847 5.00959 4.11928 4.66805 4.01276 4.68634 5.04813
5.19898 5.03268 4.68717 5.22889 5.77771 4.79246 5.7298 4.75452 5.66518 5.93371
6.47931 6.40191 5.60598 6.55129 6.59294 5.86052 7.06031 5.88357 7.17631 6.66561
7.65068 7.78302 7.0053 8.229 7.80453 7.07227 8.24237 7.13512 8.89612 7.74268
8.77952 9.10495 8.82431 9.88975 8.87554 8.51462 9.22418 8.33994 10.07817 9.17147
9.59387 10.29184 9.96871 10.75663 9.7057 10.15398 10.10209 9.63593 10.84211 10.28829
10.52457 11.18339 10.77801 11.07706 10.40318 11.11116 11.03583 10.48854 11.52135 11.10819
11.10273 11.53357 11.3841 11.23065 11.28955 11.56147 11.63643 11.17952 11.74916 11.58313
11.40488 11.73521 11.58984 11.5228 11.66845 11.69999 11.74688 11.48131 11.76 11.68271
11.63822 11.76 11.63608 11.56429 11.73664 11.74745 11.76 11.61473 11.76 11.73962
11.6456 11.76 11.64262 11.57047 11.73938 11.75649 11.76 11.63097 11.76 11.74435
11.65015 11.76 11.64691 11.57648 11.74168 11.75931 11.76 11.63769 11.76 11.74655
