3.78532 3.55128 3.41806 3.40048 3.62102 3.86753 4.04142 3.44244 3.47827 4.14349
3.79537 3.56103 3.42539 3.4086 3.62503 3.8789 4.05351 3.45251 3.48782 4.15592
3.80545 3.57227 3.4349 3.41744 3.63902 3.89208 4.07042 3.46409 3.49741 4.16874
3.81642 3.58594 3.4456 3.42708 3.64368 3.9529 4.08826 3.47634 3.50762 4.18235
3.83037 3.60193 3.45761 3.43977 3.65463 4.02631 4.10926 3.4891 3.52121 4.19892
3.85042 3.62379 3.47184 3.45478 3.67379 4.09507 4.12945 3.50283 3.53741 4.2188
3.87553 3.65029 3.48796 3.47397 3.69079 4.22043 4.15032 3.51935 3.55622 4.24068
3.91805 3.74032 3.53349 3.52291 3.71537 4.37877 4.2033 3.56378 3.58532 4.27594
4.0491 3.92108 3.67991 3.66165 3.76702 4.72904 4.38657 3.68085 3.67884 4.33369
4.32887 4.42537 4.13284 4.03885 4.00843 5.22605 4.82038 3.94475 4.03308 4.68792
4.7933 5.22053 4.84406 4.78203 4.4936 5.86882 5.49456 4.42119 4.8203 5.29043
5.46082 6.55686 5.81802 5.93755 5.49521 6.65422 6.4891 5.15205 5.95111 6.26613
6.48599 8.03409 7.07032 7.00167 6.53233 7.89314 7.56195 6.33977 7.41605 7.39766
7.86589 9.43913 8.38026 8.26687 7.75894 9.13109 8.87982 7.70536 8.78827 9.02199
9.49289 10.28865 9.85132 9.52379 9.69245 10.22037 9.74115 9.26718 9.65203 10.54766
11.23196 10.93274 11.13893 10.82672 10.77623 11.39846 10.74504 10.80834 10.41759 11.39638
11.69264 11.51547 11.62887 11.42347 11.33952 11.58962 11.32088 11.4043 11.31336 11.75446
11.76 11.7436 11.72408 11.72938 11.6237 11.7519 11.76 11.50277 11.68456 11.75821
11.76 11.76 11.72712 11.7316 11.73814 11.75404 11.76 11.51685 11.6906 11.76
11.76 11.76 11.72977 11.73363 11.74313 11.75618 11.76 11.52762 11.69597 11.76
11.76 11.76 11.73242 11.73566 11.74813 11.75833 11.76 11.5384 11.70134 11.76
