3.27871 3.72505 3.49809 3.47938 3.74175 3.79282 4.22929 3.92131 4.1378 4.04123
3.27749 3.7353 3.50676 3.48842 3.75107 3.80654 4.24237 3.93347 4.15096 4.0532
3.28665 3.74784 3.5156 3.49768 3.76066 3.82068 4.25589 3.94589 4.17215 4.06705
3.30282 3.76508 3.52526 3.50788 3.77113 3.83429 4.27222 3.95957 4.19578 4.08309
3.31896 3.78076 3.53492 3.52443 3.78255 3.85055 4.29025 3.97331 4.22196 4.09846
3.33286 3.79756 3.54672 3.54208 3.79913 3.86488 4.31364 3.98897 4.24782 4.11291
3.34563 3.81516 3.56329 3.56541 3.8184 3.88207 4.3376 4.01254 4.27395 4.12761
3.36422 3.83523 3.58495 3.59131 3.83836 3.89966 4.36731 4.05873 4.30141 4.14371
3.39197 3.85669 3.61109 3.62958 3.86491 3.92164 4.40713 4.09338 4.34219 4.16718
3.41381 3.89398 3.66423 3.68505 3.91292 3.95631 4.4493 4.13893 4.37362 4.19641
3.48079 4.04732 4.32146 3.91617 4.06185 4.30657 4.51995 4.2578 4.43179 4.56093
4.2105 5.65707 5.51916 5.18319 5.80982 5.6522 5.70558 5.88774 5.14143 5.81252
5.72965 7.12519 6.72767 6.82957 7.88458 6.9032 6.82134 6.91389 6.50811 6.9203
7.31448 8.26491 8.15742 7.93945 8.73428 8.25611 8.57594 7.67629 7.56523 7.72203
8.73285 9.43794 9.69817 9.3294 9.97664 9.75347 10.20793 8.74995 9.34985 9.55674
10.3913 10.23794 10.75592 10.52266 10.89322 10.89122 11.19887 10.16377 10.30411 10.87336
11.24367 10.92733 11.40768 11.21144 11.40232 11.44937 11.62356 11.28858 10.99788 11.08726
11.56773 11.38966 11.64739 11.60435 11.61786 11.74211 11.76 11.5289 11.62382 11.54044
11.76 11.73316 11.72909 11.76 11.76 11.76 11.76 11.71448 11.76 11.55279
11.76 11.76 11.73408 11.76 11.76 11.76 11.76 11.71818 11.76 11.56479
11.76 11.76 11.73909 11.76 11.76 11.76 11.76 11.72191 11.76 11.57561
