3.47775 3.89626 3.59144 3.8775 3.89439 3.88772 4.34437 4.03645 4.37322 4.49662
3.48737 3.90714 3.59966 3.89286 3.90405 3.89818 4.3564 4.04857 4.38747 4.50782
3.49674 3.95901 3.60804 3.91455 3.91417 3.90895 4.36967 4.06276 4.40449 4.52056
3.50647 3.97707 3.61703 3.94045 3.92499 3.92035 4.38401 4.08042 4.42054 4.53566
3.51664 4.00762 3.62823 3.96466 3.93789 3.93403 4.40075 4.09874 4.43947 4.55329
3.52735 4.03273 3.64236 3.99331 3.95697 3.95133 4.42042 4.12047 4.46072 4.57482
3.55072 4.06904 3.66093 4.02588 3.9814 3.97314 4.44275 4.14488 4.48845 4.59862
3.59458 4.13222 3.6898 4.07339 4.02295 4.02652 4.51363 4.20849 4.53644 4.64905
3.83866 4.34169 3.79153 4.18964 4.14035 4.17308 4.66586 4.46695 4.69149 4.84734
4.34071 4.78495 4.01026 4.49138 4.5027 4.54512 4.92707 5.04206 5.1316 5.2618
5.4865 5.8885 4.64506 5.03511 5.24147 5.24039 5.5186 5.97756 5.83889 6.1383
6.74412 6.86457 5.35034 5.97558 6.14405 5.90741 6.0517 6.86021 6.9433 6.96358
7.83239 7.87391 6.47921 7.02495 7.00992 6.86824 7.02333 7.47929 7.67619 7.55281
8.91139 8.59427 7.30309 8.40196 8.52736 7.99122 7.94199 8.08483 8.58629 7.97988
10.02023 9.92642 8.20662 10.14542 9.92463 9.08085 9.25344 8.8403 9.29361 8.77564
11.06086 10.96092 9.79956 11.40737 10.78238 10.1459 11.00742 9.869 9.94568 10.20707
11.52877 11.3943 11.16712 11.64039 11.57113 11.17986 11.71138 11.32481 11.31926 11.67135
11.73473 11.76 11.49828 11.76 11.76 11.76 11.76 11.70355 11.73143 11.76
11.76 11.76 11.71457 11.76 11.76 11.76 11.76 11.70671 11.76 11.76
11.76 11.76 11.71906 11.76 11.76 11.76 11.76 11.70988 11.76 11.76
11.76 11.76 11.72356 11.76 11.76 11.76 11.76 11.71257 11.76 11.76
