4.33758 4.46858 4.40509 4.32595 4.37549 4.96454 4.83604 4.42623 5.14595 5.28898
4.34135 4.47046 4.40508 4.32596 4.37717 4.96601 4.83609 4.42637 5.14601 5.28893
4.35448 4.47333 4.40512 4.32597 4.37994 4.96911 4.83697 4.42646 5.14599 5.28913
4.3417 4.47826 4.40528 4.33241 4.3855 4.97233 4.84055 4.42691 5.14644 5.29082
4.36224 4.48471 4.40555 4.33276 4.38526 4.97696 4.845 4.42778 5.14847 5.30735
4.3752 4.49117 4.40601 4.33776 4.38807 4.98046 4.85025 4.42834 5.15085 5.37141
4.38963 4.49906 4.40749 4.35122 4.39199 4.98656 4.85632 4.42935 5.15598 5.71599
4.39905 4.51033 4.42642 4.35993 4.39704 5.20339 4.86454 4.43177 5.18129 5.7225
4.39349 4.52344 4.62203 4.38278 4.42036 5.46527 4.88678 4.43591 5.19144 5.76867
4.4493 4.5547 4.77306 4.4164 4.47296 5.47705 4.94414 4.44328 5.1907 5.80615
4.60035 4.63265 4.93834 4.60697 5.1023 5.49472 5.0519 4.45985 5.30042 6.06771
5.50667 5.57067 6.08373 5.68266 5.79908 5.82432 5.46958 4.62873 6.05569 6.37837
7.55947 7.3094 8.08325 7.59302 7.48216 6.82138 6.64137 5.54214 7.06227 7.65231
9.30409 8.40178 9.54503 9.48086 8.75248 8.91411 7.89935 7.34929 8.80786 8.80357
10.59404 9.96352 10.47237 10.73531 9.91235 10.52312 8.77219 9.39711 10.24513 9.79712
11.06356 10.7741 11.12297 11.29512 10.58409 11.07691 10.24687 10.22299 11.26332 10.51186
11.42044 11.33359 11.51721 11.48511 11.31824 11.53094 10.94689 11.03189 11.69649 11.21685
11.72908 11.54311 11.6409 11.65866 11.73724 11.55455 11.47436 11.19466 11.76 11.44072
11.76 11.65503 11.76 11.76 11.76 11.5545 11.5118 11.19457 11.76 11.75476
11.76 11.66009 11.76 11.76 11.76 11.56049 11.51986 11.20339 11.76 11.75661
11.76 11.66395 11.76 11.76 11.76 11.56969 11.53229 11.21696 11.76 11.75899
