3.28043 3.45493 3.25779 3.47653 3.54529 3.61954 3.61489 3.53394 3.23529 3.63043
3.28912 3.46338 3.26728 3.48408 3.55408 3.63058 3.62414 3.54552 3.24232 3.63763
3.29999 3.47236 3.27923 3.49551 3.56321 3.64371 3.63626 3.56033 3.25173 3.64624
3.31187 3.48341 3.29484 3.5094 3.57302 3.65853 3.65127 3.57699 3.26495 3.65709
3.32824 3.49861 3.31122 3.52689 3.58449 3.67436 3.67154 3.59769 3.28169 3.67197
3.34796 3.51745 3.32875 3.55051 3.60175 3.69221 3.69548 3.67158 3.30332 3.69215
3.37887 3.54006 3.3482 3.57718 3.65128 3.71315 3.72692 3.77277 3.33099 3.75555
3.44768 3.59102 3.38064 3.61548 3.78114 3.74502 3.80194 3.88508 3.37152 3.88543
3.63263 3.78368 3.51155 3.72547 4.12435 3.86309 4.11766 4.26128 3.53369 4.20579
4.00897 4.25917 3.87949 4.06768 4.8282 4.31339 4.89964 4.8903 4.03024 4.95564
4.75316 4.98706 4.64256 4.69927 6.0092 5.15501 6.26616 5.76799 5.00416 6.02014
5.94419 5.89234 5.79931 5.83258 7.14975 6.30439 7.559 6.906 6.16227 7.5095
7.50945 7.24494 7.35445 7.33511 8.26929 7.66787 9.01648 8.16595 7.59718 8.6265
8.61439 8.54593 9.05307 8.68383 9.13554 9.11516 10.0297 9.37064 8.82726 9.45893
9.83924 9.90305 9.99367 10.06884 9.89726 10.46551 10.75985 10.44997 9.91529 10.4902
10.70513 10.6291 10.69025 11.00662 10.60037 11.35167 11.27256 11.2628 10.97124 11.08808
11.20504 11.43447 11.18637 11.52205 11.56618 11.7413 11.58089 11.7324 11.47275 11.40548
11.49192 11.68372 11.5153 11.68848 11.76 11.76 11.66813 11.76 11.71646 11.57132
11.74825 11.72365 11.65369 11.75564 11.76 11.76 11.68551 11.76 11.76 11.66197
11.75114 11.72838 11.65827 11.76 11.76 11.76 11.68761 11.76 11.76 11.67407
11.75338 11.7309 11.66011 11.76 11.76 11.76 11.68971 11.76 11.76 11.67821
