4.05875 5.19885 4.03594 4.58707 5.09062 4.62707 4.97522 5.15338 5.09403 5.11608
4.0682 5.20886 4.04834 4.59936 5.10426 4.64441 4.97677 5.16341 5.10572 5.12841
4.07771 5.22298 4.06592 4.61339 5.15041 4.66574 4.99322 5.17358 5.11797 5.14069
4.0877 5.24105 4.08807 4.62999 5.25127 4.69163 5.01023 5.18378 5.13208 5.15323
4.0998 5.26905 4.11331 4.65127 5.50676 4.71779 5.14712 5.19708 5.15058 5.16775
4.13122 5.29928 4.14156 4.67741 5.64047 4.74455 5.17503 5.2139 5.17379 5.18497
4.20655 5.34325 4.17023 4.7041 5.67707 4.76875 5.20742 5.23624 5.20046 5.20628
4.31905 5.47609 4.20779 4.77447 5.79326 4.79907 5.24821 5.38337 5.23454 5.24221
4.47423 5.92069 4.39195 5.25397 6.15139 4.95996 5.46329 5.78715 5.74511 5.34036
4.83672 6.48978 4.87191 6.18333 6.75475 5.25319 5.84636 6.31453 6.78361 5.50794
5.52528 7.1747 5.58821 7.13981 7.05821 5.7258 6.31379 7.1834 7.57124 5.90009
6.56336 7.815 6.50907 8.11707 7.43163 6.22893 7.41708 7.70817 8.27008 6.78612
7.87824 8.49149 7.62156 9.4594 7.94179 7.1503 8.41902 8.26693 9.38443 7.53706
8.98025 9.16924 8.57974 10.3632 8.56768 8.27505 9.52351 8.84301 10.51649 8.55796
10.14996 9.59249 9.89089 11.08018 9.11519 10.1671 10.74444 10.41229 10.85237 10.83537
11.23236 11.34913 11.44063 11.55958 11.31047 11.3962 11.23224 11.73514 11.67753 11.47282
11.70312 11.6561 11.67032 11.65097 11.76 11.40432 11.24571 11.74459 11.68385 11.48136
11.70947 11.65845 11.67551 11.73484 11.76 11.41211 11.25924 11.75106 11.6902 11.48937
11.71202 11.66071 11.67993 11.73753 11.76 11.42029 11.27272 11.75515 11.69653 11.49738
11.71457 11.66297 11.68435 11.74023 11.76 11.42843 11.28621 11.75812 11.70285 11.50541
11.71713 11.66523 11.68878 11.74293 11.76 11.43656 11.29971 11.76 11.70666 11.51344
