4.34508 4.21115 4.22136 4.02626 4.11346 4.87883 4.69655 4.61905 5.13241 4.61637
4.36477 4.22334 4.23799 4.04088 4.13168 4.90961 4.70251 4.63288 5.14471 4.63552
4.39103 4.23924 4.25572 4.06004 4.1525 4.94432 4.73753 4.64768 5.16138 4.65251
4.41722 4.25858 4.27501 4.08166 4.15055 4.99486 4.76233 4.66583 5.18487 4.67782
4.44675 4.27834 4.29627 4.11394 4.19886 5.03735 4.78407 4.68398 5.20526 4.69312
4.4813 4.30106 4.3175 4.14865 4.1927 5.06649 4.80747 4.70438 5.22512 4.72188
4.52981 4.32705 4.34243 4.1855 4.218 5.11568 4.83422 4.7431 5.26129 4.74708
4.58476 4.35907 4.26967 4.23052 4.28641 5.16096 4.85941 4.77982 5.3039 4.78719
4.65705 4.40906 4.40853 4.28627 4.363 5.21181 4.90716 4.82513 5.34436 4.55125
5.27724 4.50529 4.44512 4.65977 5.03433 5.35555 5.06019 4.89161 5.40039 5.21758
6.92809 5.73433 6.17513 6.48807 6.52721 6.31292 6.10204 6.27769 6.04393 6.20634
8.72538 8.34333 8.02193 8.72907 8.52914 9.02621 8.26533 7.80648 7.99917 8.78791
10.42511 9.97253 9.86208 10.56596 10.34066 11.197 10.29936 9.85595 10.13099 10.00514
11.19278 10.93628 11.09164 11.20787 11.18186 11.74599 11.10678 11.21019 11.67666 10.92317
11.70436 11.5099 11.45332 11.62247 11.65171 11.75131 11.76 11.69356 11.76 11.76
11.76 11.75216 11.6402 11.76 11.76 11.75543 11.76 11.74866 11.76 11.76
11.76 11.76 11.69556 11.76 11.76 11.75951 11.76 11.75118 11.76 11.76
11.76 11.76 11.76 11.76 11.76 11.76 11.76 11.75369 11.76 11.76
11.76 11.76 11.70203 11.76 11.76 11.76 11.76 11.75541 11.76 11.76
11.76 11.76 11.76 11.76 11.76 11.76 11.76 11.75792 11.76 11.76
11.76 11.76 11.76 11.76 11.76 11.76 11.76 11.76 11.76 11.76
