4.07428 4.25685 4.01201 4.1281 4.15992 4.97401 4.79882 4.74623 4.92291 4.65357
4.08281 4.26724 4.02173 4.13765 4.17008 4.98389 4.81254 4.75527 4.93534 4.66569
4.09493 4.28152 4.03156 4.15207 4.18177 5.00177 4.82756 4.76416 4.94923 4.67784
4.10666 4.30009 4.04162 4.16884 4.19637 5.02003 4.84458 4.77506 4.96331 4.69014
4.12871 4.32084 4.05252 4.18659 4.21367 5.0934 4.863 4.78843 4.97821 4.7047
4.15414 4.34405 4.06476 4.20666 4.23799 5.42629 4.88406 4.80403 4.99531 4.72195
4.18308 4.36935 4.07855 4.23077 4.32214 5.52236 4.90598 4.82183 5.01656 4.74403
4.21978 4.40467 4.10404 4.2674 4.53144 5.59598 4.9325 4.84799 5.04372 4.82793
4.38171 4.55732 4.57838 4.56196 5.0847 5.84453 5.37495 5.13785 5.125 5.24019
4.70714 4.79046 5.70108 5.0783 6.16715 6.4439 6.42453 5.74801 5.29756 6.34127
5.16202 5.32579 7.0277 5.82239 6.7037 7.13551 7.26455 7.13165 5.5889 6.8429
5.87836 5.98269 7.8275 6.42531 7.04871 7.9436 8.33231 7.95822 6.07817 7.48593
7.40131 7.3354 8.53612 7.1061 7.60423 8.88451 8.9729 8.76558 6.82533 8.2256
9.3777 9.01664 9.19331 8.4976 8.49684 9.73071 9.66757 9.51902 7.84475 8.61448
10.67117 10.81593 10.00577 10.07565 9.37922 10.80648 10.16928 10.84681 9.15107 9.41591
11.20176 11.40325 10.49263 10.65244 10.31041 11.51958 10.85097 11.15787 10.78029 10.80467
11.52942 11.60966 11.51276 11.47068 11.62294 11.64651 11.59438 11.74484 11.76 11.39924
11.69965 11.7173 11.74866 11.76 11.76 11.65216 11.60622 11.74685 11.76 11.41566
11.70686 11.7231 11.7544 11.76 11.76 11.65779 11.61806 11.74885 11.76 11.43151
11.71202 11.72581 11.75719 11.76 11.76 11.66344 11.62989 11.75085 11.76 11.44735
11.71718 11.72852 11.75999 11.76 11.76 11.66909 11.64175 11.75284 11.76 11.46294
