3.72407 3.81995 3.74439 3.50284 3.73155 4.66378 4.36173 4.26228 4.26257 4.29184
3.73583 3.83196 3.75456 3.51524 3.74161 4.67353 4.37454 4.27143 4.27875 4.30441
3.75057 3.8519 3.76509 3.5248 3.75831 4.6839 4.38781 4.28725 4.29686 4.31728
3.76763 3.86553 3.77636 3.53437 3.77113 4.69867 4.40611 4.30381 4.31902 4.33122
3.78724 3.90095 3.78783 3.55007 3.78646 4.71667 4.41673 4.32114 4.34441 4.34627
3.80957 3.92696 3.79889 3.57336 3.8023 4.74059 4.43754 4.35146 4.36838 4.39182
3.83735 3.9561 3.80999 3.59941 3.81953 4.76836 4.45166 4.37584 4.39909 4.68223
3.86831 3.98978 3.82502 3.60991 3.83949 4.80071 4.47769 4.39772 4.43388 4.84226
3.92154 4.02844 3.84735 3.67318 3.86418 4.83418 4.65183 4.42268 4.4928 4.87121
3.97495 4.07485 3.87842 3.72332 3.90885 4.88146 4.99934 4.45226 4.53401 4.9105
4.37738 4.33593 4.47115 4.00417 4.03099 5.01618 5.31118 4.57506 4.58859 5.05788
6.12165 5.7401 6.82494 5.46543 5.40596 6.49956 6.75651 5.86954 5.51113 5.971
7.22273 7.13992 8.53808 7.01349 7.24786 9.70543 8.56081 7.06732 6.7329 8.18793
8.27356 8.33624 9.79243 9.00365 8.62159 11.15511 9.42032 8.40822 7.77099 9.15191
9.73626 9.64653 10.44335 10.52219 9.89411 11.53099 10.01843 9.83134 9.57103 9.67602
10.94688 10.91322 11.00544 11.168 11.05239 11.69498 10.62181 11.06484 11.4648 10.25409
11.2685 11.36256 11.30149 11.40352 11.57881 11.73871 11.54361 11.70147 11.7285 11.18314
11.70359 11.64561 11.46492 11.58948 11.68603 11.76 11.76 11.76 11.73237 11.76
11.7236 11.76 11.76 11.76 11.76 11.76 11.76 11.76 11.73625 11.76
11.72981 11.76 11.76 11.76 11.76 11.76 11.76 11.76 11.74013 11.76
11.73606 11.76 11.76 11.76 11.76 11.76 11.76 11.76 11.74403 11.76
