3.42938 3.69529 3.50451 3.53786 3.78733 4.1521 4.01596 4.10524 4.31776 4.42039
3.43846 3.70728 3.51366 3.54687 3.79694 4.16454 4.01861 4.11725 4.33069 4.43158
3.44776 3.7194 3.83342 3.56014 3.80736 4.18035 4.03414 4.12964 4.34717 4.44311
3.45786 3.73232 3.84461 3.57476 3.8184 4.19681 4.05022 4.14342 4.36712 4.45985
3.51534 3.74517 3.85646 3.58969 3.83001 4.21342 4.09695 4.15691 4.38608 4.48082
3.64223 3.76155 3.87271 3.60644 3.84112 4.23627 4.12417 4.17015 4.40642 4.50243
3.81005 3.78329 3.89459 3.62334 3.85414 4.26953 4.14276 4.18483 4.4283 4.52013
3.89977 3.80807 3.91685 3.64236 3.87938 4.29635 4.13968 4.20589 4.45265 4.53581
3.92742 3.8567 3.94308 3.66966 3.91341 4.31171 4.19468 4.23346 4.47386 4.55527
3.96961 3.91544 3.98122 3.92175 3.97523 4.35656 4.23611 4.26989 4.5078 4.57849
4.26533 4.05852 4.16521 4.58957 4.40518 4.38599 4.31443 4.3313 4.57867 4.62755
6.01491 5.72605 4.89834 6.17076 6.15676 5.35836 4.90629 5.80741 5.50043 5.21938
8.01195 7.02704 6.05814 7.60865 7.87867 7.5318 5.78374 8.01368 6.64842 6.12773
9.56378 8.33566 7.64828 9.18354 9.05246 8.85233 7.48249 9.40134 8.03732 6.92794
10.53085 10.17727 9.39441 10.47682 10.03017 10.3647 9.38359 10.62556 9.59747 8.19876
11.35953 11.37496 10.53672 11.21826 11.2244 11.37109 10.76064 11.45842 10.6543 9.87055
11.76 11.63788 11.23676 11.63646 11.66486 11.64309 11.50473 11.67698 11.55802 10.83559
11.76 11.73307 11.60893 11.76 11.76 11.76 11.75006 11.73504 11.76 11.60567
11.76 11.75638 11.73097 11.76 11.76 11.76 11.75427 11.76 11.76 11.76
11.76 11.75977 11.73378 11.76 11.76 11.76 11.75849 11.76 11.76 11.76
11.76 11.76 11.73618 11.76 11.76 11.76 11.76 11.76 11.76 11.76
