3.82096 3.75774 3.84488 3.4582 3.75348 4.6392 4.29194 4.21418 4.52281 4.14051
3.83101 3.78804 3.85656 3.46901 3.76331 4.65411 4.32187 4.22527 4.53695 4.15204
3.84259 3.80273 3.86805 3.48119 3.77335 4.67347 4.341 4.2392 4.55354 4.1636
3.85487 3.82011 3.87965 3.49502 3.78681 4.69572 4.36486 4.26076 4.57233 4.17609
3.86979 3.87875 3.89188 3.51043 3.8017 4.72188 4.39205 4.28131 4.59408 4.18978
3.88798 3.90105 3.90604 3.52955 3.82 4.74976 4.42047 4.29935 4.62003 4.20585
3.91057 3.9277 3.92345 3.55226 3.84658 4.78229 4.45093 4.31852 4.64918 4.22498
3.98946 4.02017 3.95737 3.63971 3.9921 4.82442 4.48988 4.36824 4.70116 4.25338
4.17235 4.17412 4.0969 3.83699 4.41327 4.87967 4.63845 4.48145 4.84923 4.37967
4.54679 4.50814 4.42075 4.45638 5.0188 5.11944 5.13524 5.06207 5.32507 4.74666
5.26417 5.02661 5.22328 5.4036 6.20463 5.76108 5.96296 5.65528 5.78831 5.7276
6.08894 5.8219 6.09215 6.60207 7.3627 6.97561 7.40019 6.73498 6.50329 6.58207
6.99192 6.42795 7.28911 7.48667 8.14263 8.0425 8.51472 8.02742 7.69807 7.43299
8.27421 7.33373 8.37401 8.73377 9.16996 9.24458 9.22485 9.32951 8.7203 8.33123
9.45398 8.84017 9.55272 10.09116 10.19676 10.35434 9.68031 10.53825 10.13502 9.41742
10.53799 10.98806 10.84174 10.82866 10.89845 11.3735 10.70814 11.44305 10.93905 10.37213
11.23477 11.34289 11.21525 11.20297 11.46445 11.73474 11.73267 11.66529 11.42978 11.43812
11.43853 11.67882 11.47096 11.67326 11.69426 11.76 11.76 11.75876 11.76 11.76
11.76 11.76 11.60606 11.73841 11.76 11.76 11.76 11.76 11.76 11.76
11.76 11.76 11.75389 11.74064 11.76 11.76 11.76 11.76 11.76 11.76
11.76 11.76 11.75627 11.74286 11.76 11.76 11.76 11.76 11.76 11.76
