3.74068 3.77245 3.56583 3.71172 4.07047 4.38629 3.81022 4.53245 4.42979 4.42684
3.75 3.78174 3.58332 3.72149 4.07964 4.4045 3.82147 4.54642 4.44622 4.43909
3.74961 3.79484 3.60043 3.734 4.09229 4.42358 3.83325 4.56467 4.45129 4.45204
3.7786 3.80895 3.61733 3.74676 4.10602 4.44599 3.84607 4.58293 4.46592 4.46625
3.79633 3.82631 3.63787 3.76019 4.12276 4.46786 3.86205 4.60124 4.48959 4.48158
3.81222 3.84794 3.66068 3.77592 4.17054 4.48928 3.87874 4.62463 4.50057 4.49814
3.83018 3.87088 3.68292 3.79419 4.18878 4.51176 3.8991 4.64315 4.51864 4.51709
3.88533 3.89962 3.70568 3.8198 4.2169 4.5366 3.92412 4.66597 4.53797 4.5398
4.03537 3.9364 3.73877 3.85133 4.26124 4.56489 3.9508 4.69415 4.56043 4.57557
4.48025 3.99568 3.79097 3.89843 4.33067 4.60026 4.05609 4.73094 4.59089 4.62548
5.33739 4.45911 4.60317 4.46396 4.59033 4.66226 4.37738 4.89942 4.67025 4.72343
6.92629 5.76724 5.91702 6.26991 5.38962 5.45132 5.02629 5.78651 4.83658 5.81014
8.47695 7.34746 7.38361 8.14789 6.31309 7.17549 6.51765 7.3329 5.18243 6.72848
9.82635 8.89614 8.46278 9.4137 7.9716 8.01525 7.8714 8.87655 5.85224 7.55508
10.69616 10.67243 9.44851 10.382 9.53588 8.92467 8.61962 10.17944 6.51703 8.50299
11.45411 11.41069 10.43789 11.38784 10.72598 10.51406 9.33277 10.79826 6.99865 9.98257
11.67691 11.63111 11.12395 11.68099 11.37309 11.58108 10.7844 11.40701 8.27511 11.32857
11.76 11.71295 11.71574 11.76 11.76 11.76 10.96197 11.76 10.48745 11.76
11.76 11.73449 11.74338 11.76 11.76 11.76 10.98092 11.76 11.64168 11.76
11.76 11.73737 11.74577 11.76 11.76 11.76 10.99991 11.76 11.76 11.76
11.76 11.74026 11.74819 11.76 11.76 11.76 11.01896 11.76 11.76 11.76
