3.57221 3.57884 3.45559 3.09016 3.46554 4.41105 4.05347 3.99497 4.292 3.64977
3.5844 3.58716 3.46476 3.06586 3.47461 4.42332 4.06656 4.00513 4.30631 3.66013
3.59792 3.59869 3.47429 3.07405 3.51878 4.43944 4.08211 4.02284 4.32327 3.66968
3.61249 3.61125 3.48484 3.08618 3.5305 4.45888 4.08494 4.04145 4.34172 3.68142
3.62877 3.63184 3.49558 3.13312 3.54107 4.48501 4.12153 4.05916 4.36386 3.69648
3.64452 3.65255 3.50607 3.14114 3.54149 4.51442 4.13758 4.07796 4.38807 3.70772
3.66249 3.67427 3.51637 3.15543 3.57381 4.54388 4.15822 4.1033 4.41507 3.72115
3.69075 3.70339 3.52856 3.17443 3.59136 4.5765 4.27953 4.131 4.44515 3.73807
3.72364 3.73377 3.54251 3.1999 3.61866 4.61374 4.71134 4.1631 4.48385 3.76627
3.78529 3.78081 3.57388 3.24596 3.65849 4.65606 4.73064 4.20178 4.53091 3.79062
3.90918 4.21963 4.13674 3.36135 4.04787 4.71693 4.80525 4.25714 4.59246 3.83908
5.36889 4.64061 6.047 4.40876 5.72951 5.94127 5.20518 5.56452 5.32533 4.39677
7.24508 5.99747 7.75282 5.88191 6.61405 7.49403 6.16118 7.61988 6.58656 4.77902
8.2759 7.74797 9.03064 7.31931 8.05191 8.52009 7.4471 9.05261 7.59618 5.36357
9.19749 8.87697 10.06778 8.68714 9.5675 9.37326 8.52527 10.45452 9.38167 6.75856
10.41585 9.90164 10.85614 9.90773 10.6917 10.85446 10.234 11.1729 10.75308 8.4318
11.24966 11.02279 11.21588 10.76398 11.44889 11.52389 11.63416 11.62128 11.67418 10.29729
11.47211 11.42 11.42032 11.03151 11.71105 11.69203 11.76 11.74653 11.76 11.1102
11.76 11.72668 11.72398 11.66554 11.76 11.76 11.76 11.76 11.76 11.13123
11.76 11.76 11.74971 11.70602 11.76 11.76 11.76 11.76 11.76 11.15233
11.76 11.76 11.75261 11.7082 11.76 11.76 11.76 11.76 11.76 11.17184
