4.36897 4.09346 4.13851 4.21326 4.59137 4.76958 4.5812 4.37675 4.41901 4.74371
4.37667 4.10385 4.1503 4.22581 4.60157 4.77906 4.60793 4.38613 4.42791 4.7567
4.38699 4.11831 4.16436 4.24433 4.61201 4.78954 4.62097 4.39551 4.43684 4.76595
4.39982 4.13371 4.18054 4.26785 4.62404 4.80183 4.63531 4.40754 4.44597 4.77168
4.41722 4.15299 4.20202 4.29276 4.6402 4.81987 4.65059 4.42104 4.45558 4.7817
4.4417 4.17718 4.23192 4.32154 4.66129 4.84293 4.66773 4.43439 4.46602 4.79778
4.4753 4.22942 4.26772 4.35265 4.6883 4.87324 4.68716 4.44874 4.47863 4.80882
4.52506 4.37999 4.3119 4.38823 4.7269 4.90963 4.71338 4.4687 4.50004 4.8322
4.93532 4.85527 4.48443 4.55051 4.93384 5.06073 4.91592 4.79421 4.88142 5.29377
5.72559 5.50022 4.98889 4.79562 5.37331 5.41485 5.24157 5.45903 5.48954 5.9612
7.32804 6.26564 6.02797 5.21831 5.62556 6.14692 6.08171 6.4049 6.63616 7.23745
7.94149 7.12481 7.05529 5.55388 6.21336 6.91223 6.94861 7.46922 7.56941 8.33035
8.72531 8.03471 7.77462 6.28134 7.70492 7.81807 8.23543 8.15736 8.41408 8.62402
9.15323 8.79699 8.13063 7.74936 9.65288 8.90859 9.65105 8.99094 9.18288 9.10062
9.89013 9.30116 9.01705 9.23674 10.2507 9.92319 10.41429 10.15009 10.2202 9.80727
11.38718 10.58047 11.19366 11.44979 10.84648 11.21808 10.97947 10.94027 11.48157 11.26351
11.71388 11.58895 11.59906 11.76 11.60042 11.76 11.69582 11.54257 11.71078 11.69342
11.76 11.64795 11.70914 11.76 11.67259 11.76 11.70255 11.76 11.75353 11.70211
11.76 11.65029 11.71918 11.76 11.6777 11.76 11.70858 11.76 11.7561 11.70798
11.76 11.65264 11.7244 11.76 11.68261 11.76 11.71333 11.76 11.75867 11.71386
11.76 11.65498 11.72962 11.76 11.68754 11.76 11.71594 11.76 11.76 11.71974
