3.93782 3.70742 3.65713 3.43641 3.66936 4.12749 3.81915 3.63229 3.54698 4.44467
3.95035 3.71691 3.6648 3.44486 3.67889 4.13628 3.83086 3.64565 3.55821 4.4597
3.96154 3.7266 3.69671 3.45382 3.68979 4.14823 3.84639 3.6595 3.57051 4.47914
3.97358 3.73934 3.70608 3.4677 3.70144 4.16495 3.86483 3.67405 3.58793 4.49741
3.98623 3.75136 3.72009 3.48242 3.71274 4.1821 3.8837 3.68967 3.60528 4.51545
4.01125 3.76618 3.73281 3.49876 3.72367 4.20079 3.90316 3.70644 3.62337 4.5338
4.03052 3.78657 3.75054 3.63937 3.73653 4.22112 3.9245 3.72466 3.64313 4.55421
4.06018 3.81349 3.76801 3.74427 3.75199 4.24481 3.94779 3.74342 3.66632 4.57554
4.08911 3.8561 3.79227 3.82537 3.77571 4.27317 3.97678 3.7647 3.69637 4.60281
4.1588 3.90352 3.84223 3.90944 3.81603 4.31691 4.00512 3.79095 3.73233 4.64612
4.646 4.69723 4.12925 4.50372 4.26469 4.42617 4.05544 3.97318 3.79105 4.71929
6.04323 7.21842 5.37205 6.29952 4.95804 6.10859 4.97095 4.76265 4.52902 5.54954
7.4545 8.79906 6.80554 7.95788 6.07738 7.58504 6.60078 5.81425 5.6092 7.29099
8.87783 9.98002 8.36135 9.37985 7.35683 8.85016 8.16319 7.28776 6.75365 9.3758
10.71551 10.60326 10.13471 10.31184 9.01642 10.22035 9.22432 9.11325 7.88882 10.62189
11.46519 11.12236 10.92461 10.94449 10.29804 11.05651 9.95916 10.69055 9.32263 11.31715
11.64802 11.52132 11.57678 11.50346 10.98955 11.27687 11.15122 11.57317 10.56162 11.66372
11.7366 11.74553 11.76 11.76 11.40327 11.70448 11.65472 11.7007 11.28708 11.75999
11.76 11.76 11.76 11.76 11.71954 11.76 11.69694 11.70535 11.63346 11.76
11.76 11.76 11.76 11.76 11.76 11.76 11.70197 11.70818 11.76 11.76
11.76 11.76 11.76 11.76 11.76 11.76 11.70668 11.71104 11.76 11.76
