3.57059 3.68729 3.61625 3.47873 3.95781 4.30391 4.36861 3.9697 4.51908 4.61604
3.57974 3.69722 3.62529 3.4869 3.96913 4.31721 4.37971 3.98191 4.52703 4.64789
3.58999 3.7083 3.63656 3.49667 3.98305 4.33058 4.39265 3.99434 4.53791 4.66597
3.60117 3.72035 3.64916 3.5079 3.99526 4.34402 4.41023 4.00691 4.55249 4.685
3.61409 3.77367 3.66475 3.52197 4.01314 4.38208 4.47318 4.01997 4.58968 4.70314
3.62981 3.87403 3.68294 3.5421 4.02964 4.45943 4.61013 4.03467 4.60671 4.72292
3.6491 4.04446 3.70363 3.56532 4.05208 4.56024 4.83536 4.05152 4.62291 4.74564
3.6774 4.22739 3.74706 3.62383 4.15539 4.68173 5.00422 4.09181 4.64615 4.80067
3.76823 4.35015 3.83859 3.79996 4.35636 4.96692 5.09496 4.23261 4.71486 4.97714
3.97501 4.72495 4.16962 4.19698 5.01826 5.38921 5.28125 4.60774 4.97074 5.44822
4.41037 5.42035 4.79273 5.02114 5.74497 6.00318 5.67466 5.32073 5.46025 6.21387
5.16315 6.6265 6.02466 6.31033 6.23172 6.84186 6.49729 6.56896 6.32068 7.21537
6.22891 8.1581 7.17059 8.08971 7.09969 7.97377 7.75061 7.953 7.18022 7.78893
7.72935 9.10833 8.09139 9.17569 8.55023 8.97142 9.32982 9.3747 8.1159 8.80634
9.63213 10.2866 9.28511 10.15679 9.90984 10.04865 10.73438 10.50548 9.42725 10.3426
10.50818 11.24397 10.42095 10.93235 10.67568 10.78496 11.68103 11.16736 10.96868 11.55155
11.39453 11.59741 11.27291 11.2706 11.38228 11.70139 11.75989 11.56514 11.76 11.69865
11.64103 11.73898 11.50969 11.50532 11.66619 11.76 11.76 11.74428 11.76 11.74819
11.73463 11.76 11.7177 11.51165 11.76 11.76 11.76 11.74864 11.76 11.76
11.74938 11.76 11.75431 11.51798 11.76 11.76 11.76 11.75152 11.76 11.76
11.75211 11.76 11.7571 11.52432 11.76 11.76 11.76 11.7544 11.76 11.76
