3.53783 3.86142 3.63341 4.21925 3.98302 3.9214 4.85138 4.04974 4.65751 4.63854
3.54672 3.87274 3.64162 4.23156 3.99336 3.93366 4.86254 4.06026 4.66861 4.65281
3.55591 3.88867 3.65251 4.24635 4.01228 3.94946 4.8912 4.07227 4.68416 4.67108
3.57034 3.9102 3.66271 4.26561 4.04752 3.97645 4.90795 4.09242 4.70266 4.69355
3.58982 3.93894 3.6859 4.29263 4.07158 4.01333 4.9128 4.11692 4.72088 4.72058
3.62522 3.98218 3.73581 4.71035 4.13161 4.05528 4.96374 4.15407 4.74302 4.75695
3.8283 4.35407 4.10883 4.98124 4.4306 4.17912 5.21755 4.53196 4.95052 5.10135
5.04318 5.73983 5.52864 7.02348 4.88875 5.09397 6.00687 4.77631 5.62847 6.37503
5.46733 6.63272 5.85989 7.46844 5.20848 5.40399 6.44929 5.34963 6.18834 6.70748
6.29414 7.29967 6.3279 7.94346 5.86801 6.62669 7.40931 6.00877 7.54574 7.4209
7.28415 7.76515 7.06754 8.79636 6.59561 8.00941 7.91792 6.43803 8.34072 8.553
8.35853 8.34181 7.55404 9.27896 7.48084 8.72681 9.27541 7.1288 9.3871 9.63384
9.9765 9.37088 8.69554 9.9582 8.23409 9.63738 9.82734 8.63591 10.66157 10.48579
10.76971 10.50695 9.86184 10.59326 9.43117 10.19417 11.03827 9.87131 11.14497 11.05409
11.38997 11.49291 10.95041 11.0199 10.53385 11.58958 11.40481 11.13924 11.53448 11.59506
11.73976 11.70363 11.48103 11.72067 11.65687 11.60576 11.41778 11.1845 11.62446 11.60566
11.75107 11.70285 11.4893 11.73269 11.66905 11.61565 11.43073 11.2002 11.63232 11.6152
11.75358 11.70488 11.49765 11.73469 11.67833 11.62354 11.44368 11.21592 11.63996 11.62474
11.75608 11.70691 11.50613 11.73668 11.68487 11.62998 11.45655 11.23171 11.64763 11.63424
11.75858 11.70893 11.51456 11.73865 11.69138 11.63537 11.4694 11.24747 11.65501 11.64371
11.76 11.71096 11.5231 11.74065 11.69795 11.63864 11.48232 11.26331 11.66243 11.65325
