4.13968 5.47263 4.5065 4.68506 4.56417 5.43833 5.39768 5.13991 5.49399 4.99125
4.15313 5.48331 4.52223 4.69973 4.57817 5.44841 5.40848 5.1505 5.503 5.00993
4.18786 5.49526 4.53827 4.72288 4.59467 5.4588 5.41946 5.16079 5.51233 5.02908
4.21017 5.50789 4.55872 4.74856 4.61471 5.46966 5.43091 5.17148 5.52201 5.05248
4.2247 5.5235 4.58164 4.78029 4.6396 5.48132 5.44363 5.18308 5.53447 5.08043
4.25405 5.54389 4.608 4.81262 4.66655 5.49255 5.45719 5.19696 5.54636 5.13068
4.30068 5.63726 4.6336 4.85153 4.69779 5.50572 5.47814 5.21 5.55932 5.45972
4.34634 5.9661 4.65907 4.89603 4.8062 5.53567 5.5016 5.2214 5.574 5.52303
4.46144 6.17698 4.70573 4.95987 5.34308 5.56837 5.53133 5.23932 5.60244 5.58322
5.30901 6.78636 5.44082 5.50721 5.92284 6.18237 5.93015 5.81974 6.15868 6.00487
6.88651 8.20708 6.98836 7.46601 7.27496 8.0771 7.75215 7.05953 7.95605 7.7033
8.5246 9.94919 8.78955 8.79536 8.27677 9.59785 8.98363 8.41407 9.23527 8.54693
9.90445 10.88541 9.91176 10.04129 9.45186 10.68107 10.55851 9.78971 9.91199 9.47701
11.2461 11.36594 10.75491 11.41619 10.91222 11.60764 11.3825 10.97243 11.71837 11.3827
11.68548 11.6862 11.76 11.60433 11.64317 11.76 11.76 11.76 11.76 11.72945
11.76 11.76 11.76 11.76 11.76 11.76 11.76 11.76 11.76 11.73341
11.76 11.76 11.76 11.76 11.76 11.76 11.76 11.76 11.76 11.73736
11.76 11.76 11.76 11.76 11.76 11.76 11.76 11.76 11.76 11.7413
11.76 11.76 11.76 11.76 11.76 11.76 11.76 11.76 11.76 11.74524
11.76 11.76 11.76 11.76 11.76 11.76 11.76 11.76 11.76 11.74917
11.76 11.76 11.76 11.76 11.76 11.76 11.76 11.76 11.76 11.7531
