3.46265 3.34515 3.30342 3.13618 3.3862 3.92535 4.38372 3.58924 4.19744 4.24693
3.47168 3.35908 3.31167 3.14732 3.39521 3.93685 4.39766 3.60048 4.22493 4.25754
3.48262 3.3808 3.32306 3.15871 3.40671 3.94848 4.41174 3.61217 4.23761 4.26892
3.4959 3.40453 3.33608 3.17085 3.43041 3.9611 4.47685 3.62469 4.25045 4.28119
3.50923 3.42204 3.34777 3.18367 3.44322 3.97506 4.49603 3.63722 4.27065 4.29573
3.5225 3.43739 3.35889 3.20059 3.45878 3.98937 4.51318 3.65041 4.28766 4.3128
3.53543 3.45292 3.3785 3.21762 3.47585 4.0037 4.53319 3.66538 4.31087 4.32966
3.5501 3.47022 3.39745 3.2387 3.50219 4.01832 4.55524 3.68323 4.33649 4.34734
3.62247 3.48816 3.42506 3.26688 3.54323 4.03558 4.58303 3.71574 4.36655 4.36641
4.00299 3.51134 3.45994 3.30966 3.58876 4.06042 4.61502 3.74238 4.38717 4.39028
4.40947 3.74935 3.52399 3.43503 3.89673 4.10207 4.67653 3.78969 4.45637 4.43851
6.32573 5.33224 4.11116 4.88353 6.11138 5.21662 5.32179 4.5138 5.01301 4.79574
8.57124 7.28012 5.1646 6.72912 7.54629 6.86594 6.42949 5.4644 6.33152 5.49005
9.68724 8.61209 7.09942 8.15177 8.56338 8.33296 7.78238 6.9028 7.98638 6.62902
10.46489 9.77273 9.07041 9.50653 9.74274 9.70555 9.58472 8.67955 9.6511 7.70587
11.14561 10.85132 10.41403 10.25743 10.84563 10.91991 10.85148 10.54719 10.85701 8.77812
11.56797 11.4652 11.21952 10.99328 11.26222 11.63664 11.46687 11.59044 11.40167 10.31036
11.70538 11.70714 11.52249 11.44591 11.58105 11.65857 11.76 11.72007 11.76 11.42596
11.76 11.76 11.64109 11.59827 11.74638 11.76 11.76 11.74755 11.76 11.62732
11.76 11.76 11.76 11.60753 11.7497 11.76 11.76 11.75093 11.76 11.76
11.76 11.76 11.76 11.61293 11.75306 11.76 11.76 11.75432 11.76 11.76
