3.74203 4.18669 3.61275 3.8905 4.8761 4.21715 4.28374 4.73108 4.51694 4.44881
3.75217 4.19865 3.62072 3.90253 4.89071 4.22822 4.29526 4.74281 4.53068 4.46316
3.76579 4.2134 3.63179 3.92273 4.91337 4.24217 4.31588 4.75799 4.55309 4.4806
3.7826 4.23553 3.64929 3.94911 4.93959 4.28285 4.33955 4.77914 4.57523 4.5012
3.80509 4.26623 3.67681 3.97658 4.97543 4.30183 4.37265 4.80397 4.59873 4.52706
3.83723 4.31484 3.7115 4.01184 5.06573 4.33182 4.41789 4.83541 4.71843 4.55658
4.00597 4.5533 3.80639 4.28393 5.41504 4.44612 4.60087 5.02358 5.06828 4.62585
4.91128 5.41202 4.51689 5.91426 5.87368 5.18391 5.87666 5.88413 5.39671 5.20053
5.72239 6.21038 4.90784 6.95244 6.40476 5.57466 6.15848 6.65233 6.23898 5.90894
6.5254 7.79643 5.70316 7.61859 7.1229 6.3062 6.45165 7.86749 7.07321 6.63662
7.23543 8.69655 7.36684 8.4898 7.75531 7.6503 6.88267 8.72273 8.52083 7.84225
8.43975 9.60743 8.94046 9.42902 9.01806 8.73599 7.63053 10.66169 9.22272 8.2069
9.7654 10.51239 9.9829 10.2117 10.44359 9.70428 8.86686 11.37577 10.27224 9.32136
10.28869 10.92542 10.84059 10.89239 11.00071 10.27099 9.99291 11.55285 11.50079 9.66013
10.76196 11.58004 11.09015 11.26915 11.32905 11.38573 10.80328 11.68245 11.71731 11.37889
11.74529 11.61297 11.62954 11.72623 11.76 11.39488 10.81822 11.68791 11.72042 11.39282
11.74966 11.61493 11.63118 11.72856 11.76 11.40358 10.83326 11.69345 11.72332 11.40663
11.75193 11.61688 11.63279 11.73088 11.76 11.41268 10.84828 11.69877 11.72623 11.4206
11.75418 11.61883 11.63441 11.73319 11.76 11.42173 10.86322 11.70383 11.72912 11.43452
11.75641 11.62078 11.63603 11.73548 11.76 11.43075 10.87813 11.70889 11.73201 11.44836
11.75867 11.62275 11.63768 11.73779 11.76 11.43983 10.89313 11.71398 11.73491 11.46231
