4.4229 5.73719 4.52438 5.13106 5.66878 5.12604 5.33084 5.63986 5.69601 5.72393
4.43856 5.75352 4.53797 5.14378 5.68686 5.14406 5.34892 5.65243 5.71374 5.73865
4.45749 5.77456 4.55525 5.16127 5.73957 5.1641 5.37576 5.66542 5.7306 5.75951
4.47794 5.80347 4.57915 5.19587 5.81624 5.18983 5.408 5.68186 5.74855 5.78456
4.49749 5.8349 4.60777 5.21863 6.25377 5.21691 5.50859 5.70053 5.77032 5.81343
4.51788 5.87073 4.6435 5.25057 6.29376 5.24497 5.79021 5.71707 5.79731 5.84826
4.67855 5.91431 5.09459 5.27927 6.34454 5.27481 6.08067 5.73696 5.83224 5.88843
4.86957 5.96575 5.14664 5.32158 6.45788 5.30921 6.39398 5.75606 5.86898 5.93066
5.18035 6.0776 5.22486 5.55513 6.84619 5.35857 6.88183 5.77773 5.91507 5.99038
5.78822 7.34099 5.92755 6.08232 7.60889 5.81153 7.8901 5.96648 6.41014 6.81402
7.48292 8.66326 7.78477 7.29473 8.9512 7.84267 9.60144 6.72026 8.33403 7.8354
8.54083 9.83274 9.38894 8.49609 9.74037 8.94662 10.77375 8.00089 9.56228 8.41793
9.79893 10.9577 10.45855 9.87418 10.48504 10.25206 11.68723 9.99915 10.37612 10.72464
10.94488 11.24323 11.22123 11.36429 11.26268 11.61144 11.76 11.68358 11.4708 11.76
11.72605 11.7035 11.7528 11.76 11.76 11.76 11.76 11.76 11.76 11.76
11.76 11.75748 11.76 11.76 11.76 11.76 11.76 11.76 11.76 11.76
11.76 11.76 11.76 11.76 11.76 11.76 11.76 11.76 11.76 11.76
11.76 11.76 11.76 11.76 11.76 11.76 11.76 11.76 11.76 11.76
11.76 11.76 11.76 11.76 11.76 11.76 11.76 11.76 11.76 11.76
11.76 11.76 11.76 11.76 11.76 11.76 11.76 11.76 11.76 11.76
11.76 11.76 11.76 11.76 11.76 11.76 11.76 11.76 11.76 11.76
