3.93225 4.10232 3.95314 4.82287 4.64714 4.56128 4.91845 4.37562 5.25092 5.75761
3.9322 4.10177 3.95323 4.82432 4.64776 4.56234 4.91886 4.37722 5.25092 5.75752
3.93307 4.10277 3.95431 4.82694 4.64971 4.5642 4.92133 4.37977 5.25184 5.75782
3.93476 4.10711 3.96138 4.8324 4.65241 4.56586 4.92522 4.38205 5.25481 5.75887
3.93656 4.10483 3.96598 4.83881 4.65562 4.56796 4.92928 4.38484 5.25859 5.7602
3.93892 4.10712 3.97324 4.84642 4.65945 4.571 4.93529 4.3888 5.26242 5.76148
3.94276 4.11507 3.99966 4.85606 4.67002 4.57314 4.967 4.39398 5.27043 5.76549
3.94943 4.12076 4.0119 4.87195 4.69333 4.57844 5.01551 4.40071 5.27963 6.10456
3.96399 4.1324 4.0388 4.9002 4.71377 4.5865 5.09295 4.42928 5.29448 6.12806
4.03972 4.2203 4.06994 4.9516 4.74717 4.60041 5.41698 4.4778 5.31536 6.53692
4.38205 4.52416 4.2302 5.22742 5.10158 4.62359 5.47889 4.7514 5.38941 6.61743
5.66245 5.49242 5.09081 6.37763 6.53276 4.97536 5.86761 5.22208 5.90243 6.86185
7.60197 7.09604 6.84359 8.16497 7.77992 6.12758 6.79621 6.22745 7.53335 7.6082
9.19109 8.5421 8.61366 9.80841 9.32017 7.7392 8.0333 7.81513 9.42765 8.84776
10.07658 10.19923 9.85259 10.60708 10.09838 9.36047 9.79981 9.21008 11.22006 9.83424
10.8915 10.95054 10.60646 11.34008 10.61601 10.75991 10.71293 10.60532 11.605 10.76141
11.34372 11.36242 11.30108 11.45929 11.07569 11.46352 11.41923 11.26407 11.71131 11.56602
11.58204 11.68781 11.63429 11.68807 11.59495 11.63993 11.57111 11.41642 11.74802 11.69916
11.74401 11.75984 11.73979 11.75388 11.76 11.6399 11.57526 11.41637 11.74802 11.76
11.74782 11.76 11.7425 11.75492 11.76 11.64337 11.58247 11.42113 11.74938 11.76
11.74919 11.76 11.74385 11.7565 11.76 11.64868 11.59236 11.42846 11.75144 11.76
