3.60957 3.79576 3.79784 3.85633 4.17416 4.66481 4.49463 4.62533 4.19553 5.07822
3.61993 3.80196 3.82188 3.86644 4.1879 4.69048 4.50637 4.63819 4.21944 5.09149
3.63121 3.82136 3.83624 3.8783 4.20557 4.71037 4.53685 4.65443 4.25751 5.10365
3.64703 3.84761 3.86425 3.90058 4.22545 4.72519 4.55066 4.67484 4.29896 5.12719
3.66565 3.86897 3.89423 3.92794 4.24767 4.7554 4.56382 4.71832 4.34462 5.14504
3.68544 3.89338 3.90548 3.95747 4.27362 4.77865 4.57783 4.75049 4.3919 5.16506
3.70914 3.91924 3.94075 3.9955 4.30633 4.80179 4.59407 4.77608 4.4479 5.18788
3.75045 4.07016 3.9071 4.04328 4.34277 4.85977 4.62267 4.80757 4.49256 5.21367
3.88554 4.27358 4.07593 4.11532 4.39643 4.90935 4.78167 4.86159 4.54343 5.08195
4.16563 4.62613 4.2103 4.33133 4.55842 5.10015 5.2309 4.92387 4.9819 5.36268
5.23688 5.41925 5.38672 5.8751 6.092 6.2796 6.16918 5.77231 6.03103 6.56022
7.47209 7.29398 7.48474 7.74161 8.05962 8.70851 7.8825 7.63731 7.69115 8.72317
9.37975 9.21212 9.73688 9.74518 10.15988 11.18212 10.17707 9.61606 9.84919 10.65825
10.75644 11.02271 11.16617 11.02063 11.49614 11.73975 11.30794 11.60756 11.1758 11.76
11.35067 11.69051 11.66454 11.47893 11.76 11.74592 11.76 11.76 11.76 11.76
11.74075 11.76 11.71012 11.76 11.76 11.74937 11.76 11.76 11.76 11.76
11.76 11.76 11.57751 11.76 11.76 11.75299 11.76 11.76 11.76 11.76
11.76 11.76 11.71291 11.76 11.76 11.75661 11.76 11.76 11.76 11.76
11.76 11.76 11.59791 11.76 11.76 11.76 11.76 11.76 11.76 11.76
11.76 11.76 11.71717 11.76 11.76 11.76 11.76 11.76 11.76 11.76
11.76 11.76 11.7193 11.76 11.76 11.76 11.76 11.76 11.76 11.76
