3.47367 3.48109 3.13878 3.22381 3.54004 4.06874 3.77277 3.72912 3.37712 4.33953
3.48232 3.49292 3.14721 3.24611 3.54987 4.07903 3.78336 3.7393 3.38686 4.35389
3.49532 3.50576 3.15771 3.25698 3.55029 4.0894 3.79404 3.75167 3.3974 4.36722
3.51238 3.63584 3.17082 3.26658 3.57262 4.0999 3.80499 3.76677 3.40843 4.38463
3.59164 3.74598 3.18618 3.27844 3.57467 4.11082 3.81776 3.78236 3.42262 4.40206
3.69437 3.79841 3.20359 3.29509 3.60135 4.12394 3.83322 3.79935 3.43946 4.4218
3.72608 3.84262 3.22464 3.3177 3.61833 4.13991 3.85068 3.81971 3.45664 4.44524
3.7746 3.87694 3.28051 3.36256 3.66456 4.16604 3.91276 3.85385 3.4991 4.48428
3.88982 3.99512 3.47011 3.48065 3.79732 4.23871 4.05699 3.95607 3.67871 4.58657
4.29175 4.40781 3.9073 3.81232 4.34158 4.62676 4.53103 4.31877 4.06156 4.8974
4.85459 5.20799 4.63155 4.36705 5.38821 5.41119 5.38003 4.89313 4.79671 5.43379
5.59048 6.11728 5.90658 5.10099 6.58972 6.58162 6.46087 5.93694 5.70811 6.36313
6.74079 6.95007 7.48206 6.17762 7.64641 8.07125 7.97509 7.21828 6.85657 7.66591
8.02462 8.20968 8.78057 7.7264 8.61253 8.99152 9.59963 8.25011 8.10657 9.41041
9.15821 9.69152 9.54733 9.13094 9.89741 9.63849 10.28968 9.46272 9.42071 11.10257
10.3914 10.6634 10.40598 10.38978 10.91739 10.22851 10.80752 10.66608 10.43386 11.48066
10.97752 11.35122 11.12223 11.1772 11.46276 11.11066 11.52836 11.40636 11.15969 11.58274
11.31793 11.7087 11.41197 11.61126 11.76 11.39652 11.7417 11.68087 11.72124 11.59409
11.76 11.73599 11.42168 11.76 11.76 11.3987 11.74494 11.68598 11.72867 11.60545
11.76 11.73916 11.43049 11.76 11.76 11.40088 11.74819 11.69103 11.73386 11.61681
11.76 11.74186 11.43932 11.76 11.76 11.40306 11.75144 11.6961 11.73905 11.62817
