3.41996 4.23815 3.63021 3.25224 3.54177 3.6684 3.74106 3.32634 3.62841 3.35291
3.4276 4.24694 3.64043 3.25971 3.57019 3.67752 3.75117 3.33363 3.63479 3.36157
3.43671 4.2562 3.65071 3.26726 3.74025 3.69055 3.76152 3.34118 3.64568 3.37203
3.44848 4.26611 3.66129 3.27727 3.84589 3.70611 3.77445 3.34992 3.66071 3.38425
3.46388 4.28027 3.6733 3.29038 3.8656 3.72127 3.79141 3.35957 3.68013 3.39841
3.47738 4.2995 3.68782 3.30702 3.90138 3.73695 3.81344 3.37202 3.70137 3.41507
3.5044 4.32651 3.7046 3.32657 3.92407 3.76377 3.84055 3.38917 3.73389 3.47123
3.57438 4.395 3.75868 3.35646 3.97239 3.84434 3.8856 3.46957 3.85225 3.58276
3.82326 4.51153 3.91687 3.62972 4.09491 4.05063 4.04362 3.69304 4.06725 3.91419
4.38555 4.92316 4.32044 4.30588 4.44967 4.53184 4.35863 4.28052 4.64733 4.73161
5.33207 5.69203 5.12706 5.36523 5.16584 5.61489 4.93803 5.30703 5.53827 5.90344
6.74817 6.7919 6.34526 6.73479 6.07864 7.22256 5.93781 6.41796 6.7592 7.24941
8.05807 7.66451 7.74865 8.22828 7.00835 8.45561 7.35575 7.66489 8.18576 8.12644
9.05583 8.46275 9.28832 9.21215 8.13112 9.66366 9.21792 8.92429 9.4484 8.97262
10.13221 9.65357 10.55779 9.99263 9.30325 10.60965 10.77629 10.11341 10.49331 9.64457
10.81598 10.62276 11.34431 10.74687 10.72814 11.22753 11.32832 11.02397 11.43133 10.25903
11.35331 11.62326 11.76 11.21808 11.27609 11.6739 11.57746 11.54794 11.76 10.82075
11.61807 11.76 11.76 11.40849 11.61124 11.74274 11.66998 11.64582 11.76 11.35897
11.66111 11.76 11.76 11.72048 11.72735 11.76 11.70373 11.68875 11.76 11.56138
11.66954 11.76 11.76 11.72246 11.73029 11.76 11.70888 11.69497 11.76 11.59031
11.6739 11.76 11.76 11.72444 11.73253 11.76 11.71154 11.6978 11.76 11.59657
