3.86118 4.90979 4.06754 4.15158 4.21596 4.90661 4.8236 4.71131 4.97021 4.32251
3.87152 4.92019 4.07642 4.16074 4.22747 4.91515 4.83525 4.72186 4.98119 4.3328
3.88495 4.93203 4.08654 4.17 4.23915 4.9266 4.85443 4.73415 4.99572 4.34418
3.90243 4.94558 4.09742 4.18075 4.25121 4.93977 4.8714 4.74833 5.01525 4.35764
3.92142 4.96579 4.10884 4.19461 4.26534 4.95689 4.88773 4.76404 5.0367 4.37286
3.94396 4.99334 4.12299 4.21106 4.29605 4.97191 4.90536 4.78318 5.06158 4.39013
3.98364 5.02907 4.14309 4.23308 4.34323 4.98822 4.92414 4.86452 5.0878 4.52148
4.06907 5.08085 4.20677 4.26708 4.40392 5.03585 4.94812 4.99581 5.12105 4.77127
4.41177 5.3599 4.4331 4.60938 4.64279 5.45804 5.12832 5.3777 5.43653 5.00835
5.22095 5.85147 4.91271 5.32354 5.1809 6.20235 5.40042 6.32255 5.95428 5.59231
6.34355 6.39791 5.55865 6.23675 5.71722 7.27977 6.11147 7.34972 7.03924 5.98355
7.09117 6.8591 6.47241 7.32385 6.21115 7.89772 7.04762 8.76256 8.24169 6.67066
7.74224 7.28973 8.23172 8.14304 7.06107 8.42519 8.73992 9.63813 9.73687 7.40808
8.5286 8.07738 9.36907 8.99361 7.93476 9.0378 10.13928 10.1469 11.15622 8.13123
9.53176 9.17223 10.53892 10.04911 8.89011 10.22339 10.86319 10.52822 11.70718 9.20664
10.92765 10.86525 11.51734 11.16627 10.06025 11.32167 11.54797 11.27186 11.76 10.70849
11.53438 11.76 11.76 11.37313 11.42438 11.76 11.62011 11.76 11.76 11.33192
11.6229 11.76 11.76 11.70577 11.73573 11.76 11.62349 11.76 11.76 11.36869
11.62863 11.76 11.76 11.7099 11.73805 11.76 11.62649 11.76 11.76 11.38316
11.63334 11.76 11.76 11.71403 11.74037 11.76 11.62949 11.76 11.76 11.39663
11.63806 11.76 11.76 11.71796 11.7427 11.76 11.63249 11.76 11.76 11.4089
