3.49863 3.57426 3.50698 3.23245 3.40287 4.40234 3.85574 3.82312 4.19764 3.85531
3.50777 3.58704 3.51601 3.243 3.40648 4.41525 3.86824 3.83609 4.21067 3.86713
3.51658 3.62558 3.52551 3.25014 3.42524 4.4315 3.88112 3.85099 4.22394 3.8792
3.52907 3.61603 3.5356 3.26089 3.46079 4.44851 3.89574 3.86852 4.23817 3.89219
3.54167 3.63072 3.54628 3.2787 3.47397 4.47067 3.91275 3.88628 4.25703 3.90509
3.56032 3.64755 3.55954 3.30713 3.50101 4.49305 3.93352 3.90674 4.27594 3.91804
3.58355 3.67345 3.57387 3.31915 3.52014 4.516 3.95418 3.9264 4.29443 3.93101
3.85612 3.69706 3.58898 3.33368 3.53667 4.54354 3.97932 3.95069 4.31471 3.94396
4.1579 3.72575 3.60415 3.37803 3.56168 4.58028 4.00644 3.98286 4.33948 3.96794
4.21107 3.7682 3.62493 3.426 3.596 4.62648 4.17185 4.0154 4.37053 4.01209
4.32159 3.97685 3.78304 3.63747 4.08703 4.69324 4.48797 4.11727 4.41615 4.08139
4.98926 4.87698 5.38285 4.89924 5.76133 6.39525 5.9575 5.22802 5.55548 5.59041
6.36646 6.70516 7.60347 6.7077 6.85371 8.62976 7.74565 6.39691 7.41039 7.30365
8.21634 9.05777 9.20837 8.30649 7.86456 10.30824 8.8659 7.47553 9.06646 8.11414
9.80229 10.12917 10.27776 9.4209 9.00295 11.23395 10.64354 9.04136 9.89866 9.21805
10.71949 10.86652 10.99944 10.55888 10.68597 11.58305 11.2305 10.52053 10.93606 10.56379
11.37147 11.32672 11.36367 11.07427 11.51541 11.76 11.65683 11.43731 11.64022 11.35007
11.66551 11.65928 11.47542 11.54211 11.76 11.76 11.66796 11.65655 11.74779 11.57939
11.76 11.76 11.76 11.76 11.76 11.76 11.67872 11.76 11.76 11.76
11.76 11.76 11.76 11.76 11.76 11.76 11.68949 11.76 11.76 11.76
11.76 11.76 11.76 11.76 11.76 11.76 11.69896 11.76 11.76 11.76
