4.15539 3.95898 3.9513 3.61193 3.74179 4.22262 4.058 3.82902 3.84009 4.54384
4.16513 3.96724 3.95923 3.62192 3.7608 4.23641 4.07301 3.8381 3.8491 4.55764
4.17746 3.97866 3.98295 3.63486 3.78141 4.24839 4.0891 3.85024 3.85933 4.57444
4.19279 3.99077 4.00056 3.65372 3.80136 4.26402 4.10835 3.86413 3.87491 4.59189
4.21317 4.00496 4.01914 3.6718 3.82257 4.27811 4.12997 3.87863 3.89069 4.61077
4.23785 4.02354 4.03729 3.69155 3.84529 4.29127 4.15153 3.89441 3.90813 4.63023
4.26401 4.04559 4.05981 3.711 3.86131 4.31647 4.18188 3.90905 3.92649 4.65097
4.29324 4.0697 4.08442 3.73583 3.878 4.33257 4.21003 3.92303 3.96129 4.67523
4.34121 4.10897 4.1214 3.79947 3.90171 4.43818 4.24443 3.94236 3.98071 4.70493
4.42264 4.21512 4.24857 3.97894 3.94824 4.82071 4.28389 3.96644 4.0213 4.75132
4.75111 4.71522 4.5559 4.37953 4.21619 5.07983 4.3327 4.17056 4.3645 4.81184
5.92346 5.59068 5.22303 5.83393 5.33478 6.69807 6.15761 5.92023 5.91586 6.04526
7.66698 6.93755 6.64858 7.63174 6.33378 8.38555 8.548 7.69282 7.26793 8.09153
8.91235 8.11954 8.59844 9.10402 7.63018 9.38206 9.56343 9.12492 8.54964 9.48976
10.63248 9.35769 10.45053 10.21865 9.84545 10.40035 10.50281 10.22774 9.78318 10.60846
11.38821 10.63249 11.11087 11.16131 11.10087 11.08914 11.52004 10.97764 11.07883 11.48155
11.75881 11.47834 11.58652 11.66575 11.35629 11.53737 11.76 11.63767 11.60824 11.67278
11.76 11.71596 11.76 11.69709 11.63431 11.76 11.76 11.7215 11.76 11.76
11.76 11.76 11.76 11.69902 11.64122 11.76 11.76 11.72765 11.76 11.76
11.76 11.76 11.76 11.70099 11.64658 11.76 11.76 11.73033 11.76 11.76
11.76 11.76 11.76 11.70297 11.65195 11.76 11.76 11.73306 11.76 11.76
