3.94834 3.89372 3.70862 3.40412 3.62921 4.25806 4.29796 3.65262 3.64032 4.50083
3.95563 3.90118 3.71541 3.41236 3.64605 4.26621 4.31067 3.66242 3.65073 4.51073
3.96304 3.91663 3.72249 3.42472 3.65492 4.27538 4.32352 3.67211 3.6625 4.52154
3.97129 3.92893 3.73154 3.43907 3.67962 4.28801 4.33668 3.6818 3.67741 4.53456
3.98224 3.94293 3.74386 3.45427 3.70126 4.30345 4.35103 3.69181 3.69075 4.55007
3.99816 3.96041 3.76503 3.48845 3.72063 4.32238 4.3675 3.70278 3.70516 4.56889
4.05243 3.98326 3.78894 3.54749 3.74352 4.36118 4.3875 3.71495 3.72051 4.59194
4.16996 4.04904 3.81832 3.66931 3.79679 4.49587 4.41285 3.74735 3.74466 4.63866
4.4008 4.27969 3.89079 3.92471 3.92098 4.79638 4.49352 3.83661 3.81956 4.78743
4.93468 4.7375 4.12444 4.49808 4.18276 5.34171 4.75309 4.12188 4.18105 5.24965
5.78717 5.64006 4.66351 5.3114 4.74078 6.19654 5.18529 4.62062 4.82143 5.99143
6.76825 6.87039 5.50554 6.43539 5.53854 7.24394 6.12895 5.38253 5.73947 7.16355
7.90307 7.79449 6.68233 7.50474 6.49406 8.33982 6.87086 6.26289 6.80813 8.35505
9.10387 9.18733 7.81207 8.61306 7.79858 9.36639 7.97739 7.41464 7.80124 9.47705
10.13012 10.36866 8.99644 9.91904 9.63712 10.20897 9.30678 8.69968 8.975 10.31894
11.20868 11.2205 10.10731 10.91179 11.00391 11.25607 10.94946 10.2258 10.5235 10.91959
11.66612 11.59906 11.28883 11.50951 11.35446 11.69264 11.48139 11.59722 11.4859 11.7016
11.76 11.76 11.76 11.76 11.65273 11.76 11.76 11.68336 11.76 11.73684
11.76 11.76 11.76 11.76 11.74725 11.76 11.76 11.68781 11.76 11.76
11.76 11.76 11.76 11.76 11.7496 11.76 11.76 11.69027 11.76 11.76
11.76 11.76 11.76 11.76 11.75195 11.76 11.76 11.69273 11.76 11.76
