3.5436 4.46515 3.69254 3.49892 3.68575 4.48593 4.24032 3.94067 3.87129 4.16554
3.55268 4.47581 3.71378 3.50927 3.69478 4.49402 4.25222 3.9513 3.88315 4.18376
3.56215 4.48675 3.72612 3.52205 3.70375 4.50255 4.26465 3.96241 3.89536 4.19821
3.57711 4.49858 3.73886 3.53967 3.72299 4.51259 4.27805 3.99928 3.90822 4.21253
3.59075 4.5154 3.75166 3.55851 3.741 4.52825 4.29174 4.01808 3.92362 4.23268
3.60322 4.53848 3.7644 3.57623 3.76285 4.54644 4.30622 4.04729 3.94288 4.24926
3.61977 4.56284 3.77721 3.59638 3.78749 4.57163 4.32433 4.07 3.9651 4.27223
3.6386 4.58921 3.79181 3.61666 3.81888 4.59685 4.34511 4.10432 3.99188 4.29847
3.66887 4.62276 3.81716 3.64482 3.86185 4.61037 4.39403 4.1336 4.02008 4.31714
3.71389 4.69076 3.85662 3.68706 3.92574 4.65015 4.43176 4.16781 4.05775 4.34522
3.88284 5.1486 4.13617 4.23861 4.15377 4.74207 4.48637 4.21393 4.12666 4.53821
5.78364 6.77749 5.39107 5.64435 5.35438 6.36006 5.58166 5.56496 5.03315 6.01279
8.05655 7.93097 6.87772 7.58715 6.5673 8.32986 7.02619 7.46129 7.11604 7.46408
9.58028 9.6976 8.45924 9.3042 7.69487 9.56856 8.0448 8.5098 8.68295 8.68719
10.44848 10.76027 10.23651 10.53839 9.39977 10.54507 9.49853 9.60681 10.37 9.90575
11.154 11.41043 11.40499 11.09566 10.78937 11.553 11.1623 10.6726 11.4009 11.00977
11.59389 11.70029 11.61655 11.42145 11.50388 11.60944 11.6367 11.51961 11.53272 11.41804
11.76 11.76 11.76 11.55405 11.59201 11.68778 11.76 11.75262 11.5453 11.75141
11.76 11.76 11.76 11.76 11.76 11.76 11.76 11.7592 11.55791 11.75691
11.76 11.76 11.76 11.76 11.76 11.76 11.76 11.76 11.57056 11.76
11.76 11.76 11.76 11.76 11.76 11.76 11.76 11.76 11.58332 11.76
