4.09542 5.05749 3.9182 4.50847 5.08456 4.50465 5.20242 5.43241 4.98261 5.03441
4.10608 5.07082 3.92955 4.52135 5.11214 4.52034 5.21648 5.44175 4.99277 5.04528
4.11771 5.09069 3.94375 4.53508 5.12679 4.53944 5.23196 5.45137 5.00326 5.05637
4.12987 5.12163 3.9598 4.54872 5.15344 4.56034 5.24884 5.46241 5.01542 5.06762
4.14283 5.15623 3.97978 4.56389 5.16665 4.58261 5.26832 5.47492 5.0296 5.07953
4.1586 5.19658 4.00293 4.58487 5.17949 4.60946 5.29326 5.48923 5.04494 5.09328
4.18015 5.23396 4.02847 4.6091 5.24087 4.63785 5.32423 5.50742 5.06394 5.10805
4.20906 5.29819 4.06258 4.64319 5.28303 4.69728 5.36882 5.63168 5.09276 5.16578
4.34457 5.70116 4.41475 4.80643 5.56364 5.00242 5.65037 6.02999 5.16808 5.5841
4.66766 6.61045 5.02193 5.16908 6.30227 5.91302 6.24083 6.91749 5.35165 6.62276
5.28293 7.08932 6.11587 5.8807 6.62069 7.03693 7.37356 8.08679 5.88388 7.31636
5.7982 7.66317 7.01436 6.58954 6.95021 8.36539 7.68555 8.50551 6.97061 7.95596
6.44344 8.00991 7.86172 7.17881 7.3381 9.01592 8.03033 9.06607 8.35142 8.25655
7.98225 8.36906 9.14036 8.33516 7.86016 9.44534 8.42342 9.6785 9.33775 8.607
9.86432 8.81477 9.70652 9.80862 9.10493 9.92315 9.1766 10.32849 9.988 9.30422
11.17145 9.8561 10.5402 10.91225 10.9159 10.99239 11.03028 10.97423 10.70457 10.86975
11.65696 11.62892 11.60142 11.15324 11.76 11.34834 11.05878 11.76 11.67133 11.4842
11.72365 11.65679 11.68494 11.73336 11.76 11.35599 11.07307 11.76 11.67683 11.49452
11.72622 11.65925 11.68703 11.73593 11.76 11.36258 11.08736 11.76 11.682 11.50221
11.7288 11.6617 11.68913 11.73851 11.76 11.37028 11.10167 11.76 11.68445 11.5099
11.73138 11.66417 11.69123 11.74108 11.76 11.37791 11.11599 11.76 11.68691 11.51761
