3.16685 3.60842 3.0741 3.05351 3.46782 3.88018 3.50476 3.55756 3.42724 4.87458
3.16687 3.61732 3.08133 3.0623 3.47489 3.88846 3.5137 3.56841 3.43792 4.88344
3.17929 3.6274 3.09213 3.07467 3.4863 3.89828 3.52263 3.58445 3.4528 4.89294
3.18399 3.64022 3.10785 3.09191 3.50118 3.90947 3.53514 3.60304 3.48397 4.90496
3.24525 3.66007 3.12849 3.11695 3.51992 3.92273 3.55224 3.62178 3.5069 4.92143
3.43424 3.68385 3.15019 3.14693 3.54208 3.94012 3.57322 3.64427 3.54641 4.94435
3.57965 3.71772 3.181 3.21067 3.57516 3.96715 3.60485 3.67467 3.68868 4.97863
4.01274 3.88814 3.38106 3.67878 3.89057 4.13609 4.26713 4.07031 4.10078 5.3509
4.73676 4.20132 3.78747 4.46935 4.51717 4.58277 5.02521 4.73127 4.69571 6.71796
5.84583 4.78928 4.45232 5.60698 5.46803 5.42317 5.89909 5.63081 5.17553 7.64383
7.03592 5.57659 5.34884 6.71407 6.2072 6.41364 6.46758 6.2461 5.57651 8.22201
8.08014 6.58069 6.41833 7.70928 7.38781 7.29898 6.97888 7.31973 6.02039 8.81813
8.87553 7.70198 7.88847 8.54036 8.72309 8.42634 7.83709 9.19063 6.92701 9.67901
9.77911 9.42495 9.65319 9.84699 10.62825 10.21893 9.81639 10.1921 8.42968 10.4143
10.64041 10.86188 10.63137 10.97668 11.32695 11.48842 11.00427 10.86822 10.21404 11.15474
11.32509 11.26547 10.98365 11.54044 11.72342 11.49628 11.12397 10.88974 11.15187 11.60867
11.63685 11.52699 11.25885 11.54822 11.76 11.5035 11.14316 10.91071 11.68175 11.76
11.64109 11.53785 11.27079 11.55388 11.76 11.50944 11.16211 10.92926 11.68628 11.76
11.64508 11.54857 11.28275 11.5594 11.76 11.51664 11.18086 10.94743 11.69074 11.76
11.64914 11.55706 11.29449 11.56491 11.76 11.52377 11.19937 10.96535 11.69514 11.76
11.65323 11.5645 11.30627 11.57045 11.76 11.53089 11.21794 10.98331 11.69952 11.76
