3.65279 3.83882 3.70742 3.59292 3.62157 3.68697 3.54673 3.44123 3.6337 3.42983
3.66286 3.847 3.71832 3.60329 3.63321 3.69804 3.55629 3.45021 3.64156 3.43859
3.67615 3.85984 3.72949 3.614 3.64645 3.71525 3.56996 3.46019 3.65098 3.44758
3.69287 3.87796 3.74096 3.62778 3.65994 3.7359 3.58602 3.47328 3.66229 3.45735
3.71672 3.89893 3.75458 3.64402 3.67426 3.77393 3.60298 3.49007 3.67778 3.46837
3.7413 3.92155 3.76994 3.66369 3.69132 3.80555 3.6232 3.5081 3.69639 3.48526
3.7677 3.94842 3.7877 3.68889 3.71369 3.83802 3.6465 3.53025 3.72014 3.5141
3.85393 4.0114 3.83236 3.77119 3.76205 3.91588 3.69083 3.57341 3.83144 3.63358
4.00151 4.1258 3.97067 4.05383 3.95967 4.16436 3.76061 3.66392 4.10585 3.91935
4.44317 4.39066 4.31578 4.68578 4.53989 4.79113 4.03636 3.94796 4.7625 4.44593
5.49187 4.9012 5.11406 5.91811 5.62051 6.07257 4.56232 4.69609 5.79647 5.01884
6.95902 5.7135 6.23814 7.35538 6.5438 7.29787 5.52647 5.73978 7.23687 5.86317
8.53772 6.66938 7.18312 8.34938 7.62621 8.50299 6.85985 7.13134 8.51012 6.97767
9.55196 7.69003 8.47405 9.36533 8.35919 9.34745 8.68429 8.50311 9.85604 7.85543
10.2228 9.21935 9.84609 10.39832 9.46684 10.46606 9.95729 9.81498 10.86483 8.9723
11.01075 11.03263 11.03232 11.00074 10.6397 11.18143 10.8054 10.62965 11.3384 10.4253
11.29596 11.46078 11.47098 11.47377 11.40013 11.55951 11.40212 11.14047 11.68478 11.01475
11.64126 11.66852 11.59607 11.72543 11.73575 11.73471 11.74845 11.49661 11.76 11.50258
11.71863 11.73974 11.73096 11.76 11.75335 11.76 11.76 11.59312 11.76 11.6667
11.73092 11.75075 11.73716 11.76 11.75554 11.76 11.76 11.60375 11.76 11.67561
11.73504 11.75316 11.73978 11.76 11.75774 11.76 11.76 11.6097 11.76 11.6809
