4.08356 4.65891 4.27474 4.45914 5.12464 4.82927 6.03836 5.42098 5.00773 5.96716
4.09368 4.6689 4.28392 4.47222 5.13537 4.83584 6.0439 5.42976 5.01452 5.97717
4.10607 4.6867 4.29328 4.49145 5.14929 4.84423 6.04987 5.44213 5.02126 5.98897
4.12032 4.70662 4.30322 4.51282 5.16394 4.85439 6.05719 5.45379 5.02805 6.00154
4.13616 4.72656 4.31645 4.53625 5.17952 4.86548 6.06664 5.46099 5.03514 6.01573
4.1554 4.7484 4.33415 4.56783 5.20364 4.93994 6.08042 5.4686 5.04318 6.03289
4.18035 4.77436 4.35501 4.65889 5.27016 5.0268 6.09868 5.47659 5.05165 6.05319
4.26017 4.84343 4.38889 4.79596 5.41197 5.17944 6.15168 5.50361 5.06728 6.08852
4.46939 5.01298 4.45579 5.24683 5.82076 5.35981 6.30069 5.59337 5.24137 6.22361
4.95661 5.44004 4.77785 5.5367 6.1682 5.48763 6.77759 5.82621 5.83113 6.7662
5.77975 6.33138 5.33345 5.93711 6.76551 5.78324 7.69351 6.27383 6.77016 7.47624
6.77165 7.139 6.27975 6.45591 7.61826 6.16551 8.66282 6.62581 8.12321 8.02198
7.34484 7.75839 6.86637 7.29686 8.14508 6.92381 9.18501 7.03366 9.27121 8.83442
8.02967 8.4215 7.93947 8.89023 8.92801 7.49607 9.36089 7.61494 9.85504 9.18071
9.03843 8.92465 9.27753 10.14788 9.67983 8.49586 9.71517 8.0775 10.3968 9.4674
10.52287 9.78044 10.69479 11.08246 10.7232 9.5292 10.38097 8.93689 11.25612 10.24808
11.51059 10.86121 11.50484 11.76 11.5999 10.88774 11.08233 11.01712 11.72413 11.70613
11.76 11.76 11.75423 11.76 11.76 11.76 11.76 11.76 11.76 11.76
11.76 11.76 11.76 11.76 11.76 11.76 11.76 11.76 11.76 11.76
11.76 11.76 11.76 11.76 11.76 11.76 11.76 11.76 11.76 11.76
11.76 11.76 11.76 11.76 11.76 11.76 11.76 11.76 11.76 11.76
