4.11307 4.57749 3.99783 4.18494 4.98937 4.41508 4.59609 4.94186 5.18688 5.01865
4.12843 4.59578 4.01606 4.19645 4.9898 4.43341 4.61039 4.94507 5.18926 5.03323
4.14753 4.61874 4.04066 4.20015 5.03244 4.45516 4.62587 4.98507 5.20715 5.04881
4.16938 4.6438 4.06523 4.2171 5.03672 4.48213 4.64894 5.00892 5.24612 5.06593
4.19166 4.66951 4.08714 4.24588 5.08273 4.51231 4.67364 5.03263 5.28809 5.08209
4.2175 4.70225 4.11342 4.26026 5.13635 4.54348 4.70133 5.06016 5.30707 5.13864
4.25089 4.74049 4.14861 4.26676 5.20535 4.57811 4.73702 5.09092 5.32606 5.16327
4.297 4.79036 4.10045 4.30281 5.34221 4.61653 4.78463 5.12669 5.34251 5.24382
4.37273 4.86706 4.39 4.36587 5.68523 4.66785 4.86159 5.17348 5.37763 5.30279
4.57049 5.44008 4.73867 4.5523 5.905 4.74182 4.95367 5.23984 5.64155 5.6978
5.77383 7.55129 6.48677 5.74561 7.08874 5.44404 5.69368 5.9395 7.46414 6.43157
7.76652 10.1278 8.21174 8.12544 9.17992 8.62955 8.22945 7.97942 9.3756 8.44773
10.40608 11.24764 9.62606 10.15783 10.58088 11.12398 9.77157 10.317 11.25458 10.07392
11.57961 11.56082 10.90036 11.32166 11.55383 11.59393 11.66173 11.53727 11.76 11.58183
11.76 11.67696 11.57747 11.71824 11.76 11.61535 11.73749 11.76 11.76 11.76
11.76 11.70646 11.7227 11.76 11.76 11.62578 11.74128 11.76 11.76 11.76
11.76 11.70945 11.64938 11.76 11.76 11.63602 11.74484 11.76 11.76 11.76
11.76 11.71226 11.72741 11.76 11.76 11.64437 11.74863 11.76 11.76 11.76
11.76 11.71526 11.65436 11.76 11.76 11.65084 11.75243 11.76 11.76 11.76
11.76 11.71825 11.7323 11.76 11.76 11.6573 11.75622 11.76 11.76 11.76
11.76 11.72125 11.73474 11.76 11.76 11.66394 11.76 11.76 11.76 11.76
