4.12409 4.59822 3.97409 4.17332 5.00696 4.42642 5.17168 5.07684 4.9535 4.75776
4.13591 4.6082 3.98381 4.18332 5.01683 4.43611 5.18369 5.08846 4.96605 4.77018
4.15006 4.62176 3.99361 4.1953 5.02996 4.45117 5.19645 5.1007 4.98179 4.78741
4.16816 4.63732 4.00478 4.21331 5.0479 4.46842 5.21172 5.11531 5.0016 4.80621
4.18862 4.65803 4.02294 4.23524 5.07141 4.4908 5.23063 5.13467 5.02394 4.82661
4.21284 4.68488 4.04599 4.26391 5.15088 4.51855 5.25721 5.1532 5.04933 4.85027
4.23865 4.72378 4.07577 4.29666 5.44698 4.55258 5.29345 5.17435 5.19049 4.87731
4.26967 4.77915 4.11946 4.34116 5.49543 4.59639 5.34364 5.59033 5.64721 4.91162
4.4177 5.0122 4.37512 4.55895 5.68072 4.81807 5.64196 6.07066 6.39369 5.10872
4.65594 5.68306 4.91061 5.01986 5.97509 5.45327 6.3696 6.93933 7.12404 5.87499
5.01802 6.00487 5.60315 5.98238 6.52862 6.21895 7.2218 7.53991 8.34106 6.60146
5.74069 6.44407 6.52185 7.40465 7.1492 7.35711 7.76532 8.11143 9.21179 7.25508
7.26689 7.66546 7.76716 8.35142 7.81584 8.15977 8.2573 9.24445 10.39865 7.96386
9.04709 9.1568 9.21146 9.4576 8.84278 9.55863 9.16407 9.8744 10.89734 8.97558
10.16403 10.16295 10.47845 10.71099 10.1888 10.66193 10.98106 10.86742 11.45624 10.4651
11.6238 11.57714 11.45387 11.52446 11.62267 11.35419 11.02976 11.74963 11.71905 11.46532
11.74849 11.63952 11.661 11.65457 11.76 11.36206 11.04738 11.75397 11.72256 11.47874
11.76 11.64288 11.6632 11.73173 11.76 11.36803 11.0652 11.75794 11.72609 11.49203
11.76 11.64549 11.66539 11.73431 11.76 11.3759 11.08294 11.76 11.7296 11.50548
11.76 11.64811 11.66759 11.7369 11.76 11.38381 11.1007 11.76 11.73312 11.51818
11.76 11.65072 11.66978 11.73948 11.76 11.39171 11.11747 11.76 11.73664 11.5289
