3.53282 3.51941 3.57344 3.7829 3.82377 4.05005 4.12545 3.83747 4.30881 4.30484
3.54386 3.52888 3.5826 3.79403 3.83358 4.06153 4.13704 3.85065 4.32318 4.32009
3.55525 3.53854 3.59464 3.80565 3.84435 4.07299 4.14905 3.86435 4.33759 4.33572
3.56738 3.55099 3.60474 3.82058 3.86115 4.08579 4.16438 3.87902 4.35532 4.35228
3.58097 3.56364 3.61467 3.84201 3.88516 4.0987 4.18101 3.89355 4.37123 4.3687
3.59515 3.57567 3.63353 3.86992 3.91129 4.11115 4.19604 3.90785 4.38732 4.38677
3.60946 3.58778 3.64838 3.903 3.93365 4.1251 4.21155 3.92233 4.40268 4.40509
3.62509 3.60213 3.66939 3.93541 4.14434 4.14145 4.23034 3.93905 4.42316 4.42278
3.64604 3.61817 3.70445 3.97897 4.41318 4.16019 4.25359 3.95853 4.44907 4.44194
3.68049 3.69155 3.75142 4.03292 4.47268 4.18505 4.38042 3.9836 4.48658 4.85976
3.90357 3.92808 3.88093 4.17254 4.87692 4.56442 4.69476 4.02699 4.54721 4.91483
5.20579 5.39797 4.83327 5.17292 6.10781 6.03623 6.22755 4.69813 5.19558 5.59678
6.59304 7.33542 6.10329 6.71028 7.36997 7.62233 8.01089 6.056 6.73845 6.57064
8.08956 8.8605 7.4283 8.29969 8.2122 8.91272 8.83192 7.37317 7.8486 7.63413
9.48711 9.98374 9.27636 10.11078 9.65876 10.18027 9.90758 8.71623 9.23393 9.39744
10.69409 10.92698 10.67543 10.89747 10.6427 10.98102 10.6218 10.25041 10.72384 10.72678
11.24452 11.43419 11.2651 11.20801 11.21068 11.40156 11.47471 11.18158 11.68105 11.41507
11.52912 11.67406 11.43157 11.51131 11.54734 11.67923 11.69799 11.44803 11.75383 11.64864
11.69606 11.76 11.65413 11.53013 11.73064 11.68271 11.71001 11.46683 11.75853 11.67655
11.69915 11.76 11.65944 11.53695 11.73347 11.68621 11.71975 11.48354 11.76 11.67947
11.70227 11.76 11.66477 11.54385 11.73632 11.68973 11.72646 11.49834 11.76 11.6824
