2.85742 3.21649 3.114 3.03968 3.23128 3.72244 3.89383 3.82616 3.55768 3.86152
2.8709 3.23017 3.12754 3.05322 3.24478 3.74034 3.91173 3.84396 3.57385 3.87852
2.88549 3.24521 3.14248 3.06779 3.2619 3.76 3.93815 3.86316 3.59129 3.89716
2.90247 3.2649 3.15996 3.08479 3.28436 3.78224 3.96794 3.8851 3.61165 3.91856
2.92434 3.29161 3.18208 3.10653 3.31201 3.8092 4.00344 3.91221 3.6376 3.94548
2.95216 3.32254 3.20906 3.13393 3.34523 3.84283 4.05455 3.94658 3.67018 3.97848
2.98556 3.35523 3.25141 3.16503 3.38303 3.87729 4.13941 3.98951 3.70457 4.01416
3.21067 3.51069 3.47197 3.2879 3.66487 4.02938 4.49348 4.17682 3.8691 4.26087
3.73341 4.03702 4.05162 3.84658 4.30705 4.60268 5.14883 4.71065 4.39941 4.85349
4.3881 4.72277 4.78446 4.57725 5.08392 5.29016 5.93529 5.36004 5.08741 5.50762
5.13796 5.48859 5.60696 5.38941 5.93191 6.02062 6.70413 6.05334 5.84844 6.20073
5.94946 6.33927 6.53652 6.25274 6.83482 6.82771 7.57232 6.80254 6.63475 6.94983
6.85596 7.34477 7.58287 7.23435 7.8577 7.81392 8.60065 7.7412 7.59289 7.85662
7.94463 8.51808 8.81516 8.32705 9.03507 9.03994 9.89105 8.9141 8.72932 8.96412
9.15262 9.82646 10.11926 9.64069 10.31672 10.32117 11.19562 10.30483 10.04717 10.22949
10.51721 11.18583 11.37607 11.1489 11.62613 11.51986 12.46583 11.54378 11.35753 11.51008
11.58509 12.25657 12.30612 12.3345 12.60905 12.47316 13.50618 12.51489 12.48382 12.37403
12.11593 12.84366 12.72021 13.08115 13.09448 12.60958 13.56711 12.6222 12.70283 12.47121
12.13434 12.85719 12.73384 13.10295 13.10762 12.63216 13.58937 12.64423 12.72456 12.49174
12.14752 12.8705 12.74759 13.11678 13.12066 12.65489 13.6117 12.66635 12.74641 12.51231
12.16077 12.88385 12.76142 13.13065 13.13364 12.67762 13.63403 12.68851 12.76825 12.53287
