2.57886 2.95149 2.5054 2.70487 2.85402 3.28636 3.60411 3.11345 3.22636 3.41922
2.59122 2.96598 2.5178 2.71693 2.86691 3.30224 3.62146 3.12848 3.24221 3.43484
2.60453 2.98552 2.5309 2.73035 2.88064 3.31934 3.64014 3.14434 3.25919 3.45128
2.61883 3.0064 2.54502 2.74462 2.89562 3.33684 3.65999 3.16113 3.27729 3.46866
2.63518 3.02951 2.56112 2.76082 2.91281 3.35682 3.68174 3.18014 3.29712 3.48793
2.65748 3.05748 2.58249 2.78255 2.93424 3.38364 3.70822 3.20515 3.32118 3.51206
2.73088 3.10756 2.6233 2.8367 2.98277 3.43387 3.74707 3.2633 3.35685 3.54793
3.07056 3.30456 2.87806 3.10658 3.13089 3.72715 3.88946 3.51318 3.56082 3.70589
3.61437 3.88706 3.39865 3.61357 3.6609 4.17859 4.39368 3.9991 4.03491 4.17987
4.19908 4.64147 3.98522 4.19209 4.33369 4.69629 5.01279 4.53275 4.58235 4.7237
4.82003 5.46835 4.61525 4.81161 5.10089 5.25321 5.66149 5.08072 5.1656 5.31537
5.52052 6.35434 5.31204 5.50017 5.94521 5.88191 6.35232 5.66706 5.80398 5.98356
6.2909 7.35303 6.06247 6.26231 6.87101 6.62504 7.17304 6.36147 6.56389 6.76236
7.17188 8.43585 6.94799 7.17135 7.96824 7.45358 8.1742 7.21667 7.46888 7.70241
8.23854 9.60185 8.03841 8.21183 9.17907 8.41194 9.28436 8.22865 8.48317 8.79391
9.42112 10.9125 9.21521 9.34732 10.5726 9.47317 10.52053 9.32325 9.64003 9.89466
10.50471 12.10115 10.33086 10.44624 11.71282 10.38833 11.71292 10.22406 10.66545 10.88713
11.29851 12.98233 11.20479 11.22832 12.54827 10.73681 12.35515 10.65752 11.13082 11.29233
11.5044 13.2482 11.58583 11.4651 12.76671 10.75678 12.4039 10.68338 11.15257 11.31385
11.51771 13.26313 11.60089 11.47888 12.75883 10.77687 12.4272 10.70364 11.17422 11.33553
11.53114 13.27817 11.61538 11.49239 12.774 10.797 12.45058 10.72392 11.19593 11.35725
