2.59687 2.9139 2.43121 2.61507 2.85241 3.3171 3.57052 3.14457 3.24185 3.52488
2.60819 2.92467 2.44228 2.6258 2.86375 3.33193 3.5843 3.15952 3.25723 3.53967
2.61903 2.94005 2.45434 2.63868 2.87517 3.34662 3.598 3.17397 3.27172 3.55403
2.6305 2.95406 2.46573 2.65412 2.88608 3.3613 3.61514 3.18834 3.28718 3.56867
2.64174 2.9717 2.47816 2.67076 2.89808 3.37767 3.63154 3.21005 3.30473 3.5822
2.65396 3.00902 2.49237 2.68829 2.91056 3.39237 3.64812 3.22943 3.32332 3.59715
2.67112 3.08467 2.51112 2.71209 2.92569 3.41112 3.67307 3.25198 3.3436 3.61349
2.76311 3.21913 2.60226 2.78991 2.97582 3.46506 3.75633 3.30704 3.36678 3.64098
3.19721 3.77493 3.10011 3.2281 3.44331 3.72581 3.92851 3.51243 3.49007 3.74744
3.8157 4.52546 3.75414 3.86518 4.18255 4.21666 4.46918 3.97793 3.98076 4.18781
4.52348 5.33484 4.48011 4.62772 4.97562 4.81424 5.21271 4.59092 4.63596 4.87951
5.26618 6.17969 5.22556 5.44078 5.80098 5.45311 5.9934 5.25745 5.36899 5.63157
6.03581 7.03072 6.00034 6.26026 6.63598 6.12353 6.80994 5.97804 6.16167 6.41223
6.84027 7.93558 6.82706 7.12511 7.54363 6.835 7.68849 6.75268 6.99663 7.27119
7.73282 8.93198 7.71427 8.07042 8.54491 7.61755 8.67906 7.58333 7.93478 8.2422
8.74788 10.05309 8.75833 9.1293 9.67517 8.55503 9.83232 8.56813 9.01967 9.36828
9.90838 11.33934 9.97444 10.29423 10.98722 9.63198 11.02896 9.64167 10.25112 10.63989
11.3284 12.90098 11.4246 11.74932 12.52646 11.21541 12.65939 11.20413 11.9775 12.44756
13.01855 14.91342 13.6078 13.56073 14.65232 13.08174 15.04282 13.24578 14.32469 14.82266
13.78581 15.87309 14.53596 14.45442 15.61721 13.24148 15.62661 13.62173 14.4611 15.23345
13.80753 15.9098 14.56277 14.5037 15.652 13.26666 15.65525 13.64873 14.49072 15.26074
