2.42005 2.71429 2.59909 2.63071 2.72128 3.07987 3.21281 3.21791 3.05322 3.19474
2.42844 2.72256 2.60799 2.63889 2.72892 3.09066 3.22251 3.22876 3.06294 3.20538
2.43689 2.73089 2.61576 2.64712 2.73821 3.10144 3.23289 3.23958 3.07269 3.21621
2.44544 2.73971 2.62424 2.65548 2.74745 3.11236 3.24361 3.25035 3.08258 3.22739
2.45403 2.75223 2.63281 2.66395 2.75695 3.12339 3.2561 3.26114 3.09249 3.23904
2.46255 2.76515 2.6417 2.673 2.76723 3.13471 3.27018 3.27195 3.10245 3.25162
2.47173 2.77865 2.65265 2.68506 2.78501 3.15368 3.28838 3.28395 3.11374 3.27179
2.51927 2.82042 2.69063 2.73344 2.88306 3.22646 3.40246 3.34615 3.19699 3.40224
2.80493 3.11816 3.02349 3.05983 3.28865 3.59172 3.89332 3.71294 3.60876 3.79827
3.28849 3.66163 3.55018 3.62784 3.89009 4.15593 4.5659 4.26375 4.21026 4.36492
3.85843 4.27996 4.17743 4.29217 4.56724 4.77209 5.2943 4.90169 4.87062 4.98663
4.47522 4.91117 4.84497 4.97342 5.29065 5.45529 6.0641 5.59087 5.5969 5.68087
5.10921 5.56653 5.51433 5.67005 6.0056 6.1983 6.88946 6.34122 6.37151 6.39432
5.75688 6.23901 6.20764 6.39031 6.66102 6.93493 7.69246 7.07234 7.13418 7.10397
6.44596 6.95094 6.94004 7.12379 7.42132 7.74725 8.60188 7.85633 7.90292 7.92382
7.1315 7.66207 7.67477 7.84863 8.19907 8.51887 9.5065 8.57429 8.66858 8.72432
7.86383 8.39895 8.44636 8.6052 8.96587 9.28496 10.24773 9.28244 9.38514 9.35793
8.69296 9.22588 9.25496 9.43829 9.81115 9.85659 10.7647 9.97558 9.95026 9.91439
9.45803 10.11309 10.13267 10.29909 10.65593 10.82789 11.79009 10.82179 10.88702 10.78315
10.28487 11.00329 11.11297 11.13095 11.5438 11.90589 12.81195 11.73804 11.84395 12.01133
11.25256 11.96349 12.15542 12.11113 12.51874 12.46632 13.47646 12.5767 12.46629 12.63129
