2.75522 3.21132 2.6171 2.78 3.06191 3.39979 3.7968 3.24668 3.35929 3.54116
2.7677 3.22372 2.62955 2.79251 3.07455 3.41509 3.81385 3.26115 3.37469 3.55649
2.78127 3.23823 2.64302 2.80608 3.08887 3.43593 3.83245 3.27719 3.39147 3.57297
2.79709 3.26347 2.65858 2.82189 3.10553 3.45881 3.85371 3.29524 3.41226 3.59161
2.81745 3.29756 2.67865 2.84348 3.12675 3.48345 3.88079 3.318 3.4394 3.61517
2.84296 3.33657 2.70365 2.8712 3.1535 3.51564 3.91631 3.35173 3.46894 3.64451
2.9107 3.41798 2.75082 2.91121 3.17949 3.56957 3.97672 3.45103 3.50282 3.67793
3.24998 3.67625 3.00329 3.22838 3.39829 3.97545 4.27867 3.77532 3.76707 3.89861
3.77415 4.33786 3.49467 3.75931 3.96736 4.48103 4.87173 4.31504 4.2998 4.40114
4.38804 5.11347 4.06113 4.37763 4.6448 5.02298 5.53303 4.86224 4.87423 4.94779
5.05417 5.95657 4.67787 5.06116 5.37406 5.60208 6.17062 5.40751 5.47948 5.51673
5.77004 6.83192 5.3725 5.82216 6.21363 6.29706 6.88223 6.01388 6.17839 6.16772
6.59338 7.83201 6.14345 6.6711 7.16557 7.11759 7.75393 6.7598 7.01834 6.93347
7.60908 8.96972 7.04949 7.66904 8.27214 8.03881 8.79187 7.69117 7.99253 7.90148
8.72176 10.15142 8.11212 8.74122 9.51867 8.97745 9.96107 8.74525 9.01138 8.93283
9.85852 11.32669 9.26434 9.82931 10.71389 9.90826 11.13003 9.66371 10.03117 9.93419
10.69243 12.22285 10.20243 10.67554 11.58377 10.59369 11.98634 10.38612 10.69575 10.65861
11.14153 12.63067 10.76245 11.03993 11.92551 10.71396 12.08468 10.51656 10.7776 10.83111
11.15504 12.66462 10.78685 11.05153 11.93809 10.73142 12.10456 10.5336 10.79569 10.84895
11.16666 12.65512 10.79919 11.06335 11.95052 10.74906 12.12455 10.55076 10.81387 10.86687
11.17835 12.66789 10.81154 11.07519 11.963 10.76675 12.14454 10.56795 10.83209 10.88485
