2.13718 2.18923 2.1342 2.00541 2.16864 2.39849 2.48653 2.22509 2.02006 2.78433
2.14573 2.19753 2.14234 2.01391 2.17729 2.40856 2.49786 2.23548 2.02785 2.7955
2.1587 2.21064 2.15544 2.02573 2.18901 2.41877 2.5097 2.24569 2.03747 2.81146
2.17343 2.22434 2.16996 2.03727 2.20158 2.43014 2.52372 2.25828 2.04708 2.82921
2.19341 2.23839 2.1871 2.05203 2.21538 2.44385 2.53705 2.27165 2.05758 2.84636
2.21695 2.25666 2.20764 2.07377 2.23337 2.46322 2.55592 2.28796 2.07297 2.86851
2.2638 2.28526 2.23378 2.101 2.2573 2.50706 2.58011 2.31611 2.09233 2.89539
2.40523 2.31719 2.29093 2.18771 2.28821 2.57624 2.60529 2.35172 2.13016 2.92231
2.76166 2.61998 2.66937 2.5511 2.53254 2.91391 2.70688 2.59833 2.40119 3.0213
3.25302 3.18467 3.2014 2.99956 3.04648 3.35007 3.1624 3.02276 2.82484 3.41534
3.83462 3.87103 3.80766 3.52255 3.61629 3.85677 3.67756 3.45614 3.28615 3.88654
4.44413 4.61349 4.43865 4.07105 4.21891 4.37808 4.28352 3.90587 3.79572 4.44562
5.05672 5.39913 5.11936 4.60951 4.88565 4.91632 4.88217 4.4676 4.28763 5.07806
5.72854 6.28016 5.85486 5.27601 5.62051 5.62106 5.63448 4.9928 4.85293 5.8018
6.51347 7.24309 6.64577 5.95869 6.49237 6.32476 6.50757 5.59632 5.54203 6.60863
7.51078 8.29245 7.60311 6.85154 7.53377 6.91577 7.33777 6.39071 6.1648 7.49878
8.63142 9.48065 8.84759 7.87594 8.79069 7.97864 8.43016 7.42479 7.06491 8.56796
9.8447 10.90592 10.11014 9.30998 10.18256 9.31671 10.16303 8.88969 8.4265 10.16762
10.8833 12.1502 11.25762 10.36987 11.35189 10.05209 11.24439 9.80909 9.31512 11.28868
11.27332 12.63608 11.6291 10.73893 11.83663 10.17736 11.40957 9.98711 9.64736 11.55069
11.28395 12.64896 11.66127 10.75034 11.84845 10.19172 11.42791 10.00366 9.66115 11.56838
