2.69306 2.98756 2.93292 2.81133 3.05466 3.57321 3.77685 3.65513 3.38401 3.77915
2.70668 3.00272 2.9462 2.82568 3.06738 3.59079 3.79591 3.67321 3.4006 3.79638
2.72112 3.0219 2.96034 2.84536 3.08173 3.60963 3.82141 3.69243 3.41797 3.81531
2.73659 3.04186 2.97564 2.87182 3.0973 3.63168 3.84902 3.71275 3.43977 3.83835
2.75418 3.0631 2.99329 2.89871 3.11565 3.65829 3.87918 3.73543 3.46451 3.86289
2.7766 3.0885 3.02328 2.93003 3.14006 3.68949 3.91789 3.76329 3.49446 3.90196
2.80812 3.12576 3.06454 2.97963 3.17744 3.72965 3.98807 3.79967 3.53301 3.96532
2.97099 3.26993 3.19899 3.12538 3.40497 3.80406 4.19964 3.9001 3.59261 4.09202
3.46301 3.76791 3.73008 3.675 4.03168 4.20882 4.68117 4.32846 4.02101 4.60695
4.10979 4.45242 4.4204 4.40208 4.80533 4.8424 5.37804 4.92759 4.61811 5.22024
4.84988 5.20893 5.18597 5.20696 5.70157 5.54594 6.16891 5.62463 5.32109 5.88395
5.69515 6.04014 6.02221 6.07361 6.64832 6.34038 7.05296 6.39173 6.11241 6.63597
6.62081 6.96274 6.95444 7.03558 7.65228 7.27374 8.07316 7.23841 7.0041 7.50124
7.63801 8.06017 8.05038 8.09615 8.78508 8.41045 9.2391 8.27073 8.11275 8.59235
8.86176 9.3986 9.31956 9.36458 10.01954 9.71767 10.54144 9.4336 9.35763 9.80594
10.25319 10.90662 10.76471 10.82776 11.40817 11.07863 11.88864 10.90012 10.74084 11.2528
11.58773 12.25592 12.07998 12.29759 12.67512 12.34286 13.25734 12.21268 11.98525 12.54933
12.60062 13.23341 12.99046 13.36192 13.6131 13.03087 13.94056 12.91949 12.89961 13.3329
12.88863 13.48591 13.19878 13.67954 13.91758 13.07408 13.973 12.95722 12.93511 13.35816
12.90467 13.50185 13.21433 13.67392 13.93293 13.10095 13.99942 12.98293 12.96117 13.38363
12.92084 13.51787 13.22996 13.71167 13.94808 13.12786 14.02582 13.00874 12.98727 13.40906
