2.54625 2.60981 2.52112 2.34803 2.55989 2.79191 2.9646 2.61787 2.37311 3.27685
2.55309 2.61782 2.5282 2.35546 2.56807 2.80008 2.97392 2.62693 2.38011 3.28793
2.56174 2.62592 2.5357 2.36303 2.57631 2.80838 2.9834 2.63607 2.38715 3.29902
2.57106 2.63408 2.54317 2.37342 2.5846 2.81791 2.99287 2.64524 2.39421 3.31023
2.58107 2.6424 2.55085 2.38464 2.59297 2.84018 3.00254 2.65446 2.40137 3.3216
2.59847 2.65102 2.55853 2.39657 2.60137 2.87552 3.01312 2.66382 2.40887 3.3329
2.68098 2.6612 2.56694 2.41338 2.61013 2.9519 3.03092 2.67651 2.44782 3.34495
2.85937 2.736 2.64311 2.52777 2.64288 3.2586 3.15174 2.86247 2.68878 3.45447
3.21528 3.10096 2.96424 2.87527 2.96176 3.68104 3.55971 3.26835 3.10116 3.86855
3.66788 3.65289 3.43516 3.32732 3.4904 4.1231 4.07311 3.71998 3.56816 4.34278
4.1884 4.28858 3.96765 3.81687 4.04758 4.61267 4.62589 4.20461 4.06157 4.89107
4.74066 4.96186 4.53007 4.31552 4.61161 5.1228 5.21997 4.7084 4.59341 5.48728
5.30285 5.62328 5.1093 4.81847 5.19242 5.58186 5.82597 5.21007 5.10736 6.11915
5.83085 6.29962 5.65752 5.32408 5.77647 6.12065 6.45426 5.71987 5.62982 6.75122
6.38072 6.97984 6.27296 5.8578 6.38821 6.69772 7.11262 6.26659 6.15389 7.41835
6.99056 7.6939 6.90265 6.43333 7.0195 7.25204 7.73648 6.7832 6.72171 8.03459
7.57848 8.43924 7.51076 7.02371 7.7271 7.60156 8.29904 7.21011 7.18412 8.58305
8.20746 9.26651 8.17965 7.6483 8.47749 8.10024 8.90657 7.81296 7.63984 9.13743
8.79623 10.0256 8.88313 8.31876 9.24021 8.79358 9.73315 8.47362 8.24542 9.93782
9.32381 10.84554 9.73277 8.98023 10.12742 9.44319 10.50523 9.05364 8.7968 10.75399
9.93762 11.79557 10.51826 9.7385 11.05941 9.76177 11.16604 9.71837 9.28999 11.3263
