2.63749 2.93387 2.8889 2.90583 3.19603 3.27324 3.78545 3.29914 3.27057 3.90435
2.64852 2.94676 2.90388 2.91783 3.20945 3.28838 3.80185 3.31352 3.28508 3.9197
2.66139 2.96113 2.92817 2.93153 3.22432 3.30901 3.81983 3.32928 3.30092 3.93674
2.67664 2.97838 2.9571 2.94748 3.24233 3.3406 3.84052 3.34734 3.31942 3.95594
2.70179 3.00146 2.98925 2.96819 3.27081 3.38673 3.8667 3.37055 3.34277 3.98018
2.75681 3.03233 3.02425 3.0027 3.31781 3.45251 3.89904 3.40029 3.37232 4.02818
2.84337 3.07783 3.07246 3.09566 3.37216 3.58529 3.93368 3.47422 3.49784 4.13642
3.14447 3.35658 3.36935 3.44823 3.57274 3.97829 4.21136 3.8199 3.89642 4.47483
3.66492 3.95101 3.90445 4.00092 4.11436 4.44847 4.79618 4.35986 4.38911 5.03135
4.26043 4.68546 4.56707 4.64444 4.7865 4.95871 5.45786 4.94439 4.9247 5.66505
4.91048 5.50465 5.30832 5.3704 5.57162 5.51511 6.20227 5.5583 5.449 6.27823
5.62223 6.39183 6.12518 6.1734 6.43294 6.1374 7.05382 6.22657 6.07982 6.99356
6.42168 7.3804 7.0838 7.05622 7.36009 6.87494 8.02028 7.0341 6.85888 7.81753
7.36952 8.55162 8.13825 8.04141 8.40818 7.74661 9.115 8.00161 7.74813 8.74036
8.42767 9.80443 9.2151 9.05687 9.52471 8.72826 10.22041 8.97488 8.70821 9.75559
9.4871 11.10605 10.26228 10.05136 10.64661 9.71995 11.2309 9.89375 9.5656 10.77788
10.28075 12.09276 11.04852 10.81179 11.50945 10.35199 12.0079 10.6258 10.04859 11.26355
10.58655 12.62256 11.48526 11.22698 11.93163 10.41199 12.06358 10.73882 10.06864 11.28058
10.59735 12.64032 11.49762 11.24071 11.94564 10.42866 12.08324 10.75607 10.08529 11.29738
10.60826 12.65387 11.51013 11.25218 11.95794 10.4455 12.10303 10.77351 10.10205 11.31428
10.6192 12.66744 11.52267 11.26372 11.97025 10.46239 12.12287 10.79097 10.11883 11.33116
