2.24841 2.29657 2.09178 2.13083 2.2635 2.70621 2.85169 2.59226 2.57787 3.10687
2.25629 2.30486 2.10003 2.14005 2.27184 2.71831 2.86468 2.60203 2.59248 3.11957
2.26693 2.3166 2.11315 2.15363 2.28466 2.7314 2.87819 2.61951 2.60527 3.1369
2.28017 2.33017 2.12718 2.16874 2.29859 2.74413 2.89184 2.6362 2.61912 3.15321
2.29548 2.34773 2.1423 2.18667 2.31325 2.76009 2.90848 2.65473 2.63674 3.17352
2.31163 2.3683 2.16343 2.20722 2.33142 2.77945 2.92907 2.67784 2.65576 3.19556
2.33522 2.39644 2.1902 2.23536 2.35691 2.80508 2.95697 2.70529 2.68315 3.22557
2.39035 2.43361 2.22 2.27929 2.38237 2.84609 2.99924 2.7317 2.71389 3.2588
2.66612 2.69759 2.46797 2.49416 2.5376 2.98159 3.10192 2.82263 2.77447 3.3601
3.15393 3.26904 2.97593 3.02059 3.05968 3.39554 3.50977 3.24718 3.15751 3.7388
3.77061 3.93222 3.5709 3.64336 3.66648 3.92009 4.10854 3.81146 3.728 4.34007
4.42403 4.66424 4.21905 4.33054 4.35322 4.51851 4.77783 4.4315 4.39596 5.01767
5.14101 5.4507 4.90757 5.0642 5.16 5.17521 5.52619 5.06856 5.1487 5.77812
5.96285 6.28829 5.65034 5.9058 5.96343 5.91645 6.31644 5.77533 5.98158 6.59937
6.79488 7.24695 6.52059 6.83877 6.96117 6.82826 7.28406 6.61458 6.79596 7.57896
7.75227 8.34665 7.62126 7.90844 8.05565 7.72184 8.33418 7.52026 7.75965 8.70457
8.99626 9.68967 8.997 9.22422 9.40969 8.8316 9.5065 8.71634 8.96576 9.88421
10.39871 11.1895 10.50582 10.60199 10.88449 10.40829 11.28599 10.54004 10.72412 11.72931
11.48318 12.35903 11.83975 11.81884 12.23886 11.58604 12.61441 11.64877 12.03188 12.93768
11.93709 12.93022 12.39597 12.25006 12.86225 11.88278 12.90101 11.84714 12.47293 13.23054
11.94962 12.94336 12.40984 12.26317 12.87555 11.90128 12.92147 11.86727 12.49532 13.25144
