2.24682 2.38012 2.30976 2.34231 2.69513 2.29039 2.53842 2.14719 2.3126 2.49978
2.2569 2.39271 2.32032 2.35314 2.70595 2.29974 2.55008 2.15743 2.32335 2.51102
2.26785 2.40886 2.33228 2.36521 2.72188 2.31041 2.56634 2.16838 2.33638 2.5238
2.27972 2.42589 2.34761 2.38067 2.73873 2.32193 2.58638 2.18014 2.35305 2.54089
2.29333 2.44469 2.37535 2.39737 2.7548 2.33541 2.61042 2.19381 2.37162 2.56042
2.31715 2.47174 2.41859 2.41722 2.77801 2.36905 2.63906 2.21393 2.39655 2.58527
2.37945 2.51581 2.49595 2.45278 2.81731 2.46097 2.72166 2.29886 2.44253 2.63966
2.71701 2.81744 2.79162 2.77744 3.12486 2.84861 3.03371 2.65417 2.80161 3.02318
3.24266 3.35642 3.36864 3.33292 3.7618 3.34546 3.60367 3.15229 3.33077 3.60768
3.8438 3.98607 4.00978 3.95517 4.51089 3.89786 4.26027 3.69873 3.9006 4.23343
4.49 4.6552 4.7104 4.62624 5.31001 4.47833 5.02028 4.27101 4.55372 4.93027
5.2018 5.36899 5.46325 5.34687 6.17232 5.112 5.83738 4.88742 5.26815 5.69098
5.96623 6.1365 6.29576 6.13561 7.07745 5.792 6.71339 5.55439 6.03094 6.49243
6.84033 7.02291 7.23409 7.03949 8.11207 6.55637 7.69752 6.33919 6.88955 7.42145
7.82006 8.04392 8.28003 8.04975 9.24811 7.42157 8.78879 7.25976 7.84171 8.4445
8.85519 9.17711 9.34586 9.12195 10.48904 8.30271 9.96816 8.22565 8.84271 9.50102
9.79914 10.37318 10.38649 10.16746 11.65477 9.16622 11.12494 9.16258 9.85546 10.5933
10.55998 11.31617 11.23689 11.01095 12.57627 9.88195 12.03129 9.92776 10.66609 11.49505
10.89233 11.76234 11.6 11.40995 12.94957 10.10239 12.42259 10.23876 10.98336 11.85186
10.9057 11.78397 11.61612 11.42908 12.96117 10.11203 12.43871 10.25514 11.01079 11.86538
10.91553 11.79505 11.62638 11.43904 12.97177 10.12065 12.44929 10.26448 11.02043 11.87607
