2.69593 2.88757 2.8553 2.87066 3.3313 3.39224 3.89271 3.25388 3.48213 3.87671
2.70746 2.90127 2.86849 2.88325 3.344 3.40668 3.91096 3.26915 3.49752 3.8932
2.7202 2.9163 2.88595 2.89694 3.36302 3.42316 3.93943 3.28597 3.51437 3.9114
2.73526 2.93358 2.90569 2.91293 3.38508 3.44443 3.97375 3.30525 3.53383 3.932
2.7544 2.95637 2.92999 2.9335 3.40818 3.47782 4.01154 3.33107 3.55836 3.958
2.77881 2.98742 2.97247 2.96269 3.43896 3.53262 4.07819 3.36464 3.58852 4.01565
2.81744 3.0389 3.07047 2.99812 3.50686 3.67087 4.21081 3.45485 3.64695 4.11661
3.10857 3.23026 3.34986 3.26182 3.77722 4.07052 4.47188 3.82091 3.91995 4.31659
3.64118 3.74616 3.93247 3.78965 4.41526 4.63139 5.06746 4.30655 4.42721 4.87141
4.23688 4.3836 4.61602 4.40401 5.18366 5.21695 5.77682 4.84137 5.01242 5.51354
4.89364 5.07272 5.3393 5.08915 5.99662 5.819 6.49264 5.38663 5.67938 6.19487
5.62367 5.82794 6.09771 5.84204 6.85313 6.49852 7.30901 6.00164 6.44737 6.93444
6.47244 6.68792 6.95154 6.72264 7.81792 7.29589 8.28105 6.79243 7.38086 7.76664
7.45435 7.7739 7.95113 7.71596 8.95666 8.18589 9.37449 7.73211 8.40974 8.78735
8.50464 8.95572 9.04372 8.83226 10.15144 9.12128 10.57523 8.7192 9.48507 9.88413
9.55337 10.21703 10.14083 9.98729 11.34757 10.06086 11.7331 9.70496 10.52799 11.0306
10.38003 11.21965 11.02026 10.87163 12.24049 10.67261 12.54751 10.46104 11.2732 11.91305
10.81744 11.75511 11.49165 11.35651 12.57745 10.74102 12.70228 10.49756 11.38416 12.04942
10.83008 11.76966 11.52121 11.37788 12.59012 10.75814 12.72293 10.51584 11.40243 12.06934
10.84152 11.78321 11.53338 11.39038 12.60289 10.77537 12.74364 10.53425 11.42083 12.08935
10.85298 11.79677 11.54562 11.40292 12.61572 10.79263 12.7644 10.5526 11.43924 12.10943
