2.85136 3.27206 3.10229 3.05515 3.29675 3.59562 3.92162 3.84003 3.79487 3.97894
2.86471 3.28594 3.11544 3.06779 3.31039 3.61469 3.93912 3.85667 3.81245 3.99688
2.88192 3.30168 3.13072 3.082 3.3254 3.64868 3.95912 3.87492 3.83139 4.02005
2.91298 3.32125 3.14851 3.09838 3.34457 3.69992 3.98327 3.89618 3.85322 4.04503
2.94808 3.34891 3.17464 3.11923 3.37565 3.77755 4.01311 3.92326 3.88105 4.0759
3.00914 3.38876 3.20607 3.14546 3.41232 3.86525 4.05723 3.96767 3.91542 4.11358
3.08201 3.44077 3.26236 3.1706 3.44905 3.96849 4.21558 4.04236 3.95148 4.15372
3.38285 3.63069 3.50607 3.33184 3.68716 4.26337 4.58866 4.24316 4.13363 4.41627
3.88677 4.20717 4.1055 3.90266 4.2769 4.81156 5.20768 4.80576 4.74321 4.95566
4.51926 4.97788 4.79659 4.60688 4.98895 5.42379 5.95494 5.4609 5.43724 5.61707
5.20136 5.8544 5.53527 5.40107 5.74768 6.05125 6.74903 6.19067 6.20457 6.32123
5.9444 6.80231 6.35063 6.26062 6.58158 6.73744 7.62075 7.01378 7.02466 7.13876
6.7851 7.84692 7.26421 7.22486 7.5306 7.60219 8.69655 8.01865 8.03163 8.11918
7.87642 9.08989 8.32412 8.3305 8.66919 8.64109 9.90813 9.13469 9.27033 9.27035
9.11052 10.46358 9.55604 9.51779 9.9186 9.81569 11.15741 10.33354 10.54613 10.49432
10.45909 11.79285 10.84191 10.74133 11.19248 10.94055 12.3659 11.45053 11.77992 11.59314
11.38664 12.88695 11.7946 11.70771 12.09307 11.87637 13.16193 12.31913 12.67971 12.4059
11.84644 13.47717 12.19079 12.30193 12.52414 12.06083 13.20948 12.42223 12.7882 12.46792
11.85911 13.52935 12.20367 12.35402 12.54267 12.08108 13.23128 12.4427 12.80954 12.48879
11.87194 13.54329 12.21673 12.36766 12.55508 12.10149 13.25311 12.46326 12.83076 12.50963
11.88478 13.55725 12.2298 12.38134 12.56756 12.12193 13.27499 12.48382 12.85193 12.53034
