3.05565 3.20841 3.00937 3.08106 3.2461 3.76908 4.07873 3.65945 3.73062 4.29565
3.06856 3.22119 3.02249 3.09564 3.25965 3.78668 4.0968 3.67663 3.74889 4.31326
3.0827 3.23982 3.04064 3.11561 3.27474 3.80558 4.11667 3.69519 3.76857 4.3329
3.0989 3.26213 3.06202 3.14082 3.29237 3.82675 4.13968 3.7164 3.7908 4.35554
3.11922 3.2892 3.08732 3.17338 3.31452 3.85314 4.16864 3.74249 3.81805 4.38438
3.14457 3.32255 3.11724 3.21265 3.34122 3.88829 4.20414 3.7743 3.85166 4.4197
3.17738 3.38954 3.14539 3.26324 3.36593 3.94749 4.29494 3.81339 3.88941 4.47046
3.43506 3.61192 3.28921 3.42765 3.45908 4.18703 4.57192 4.01144 4.01199 4.70491
3.95863 4.22676 3.83593 3.98301 4.0138 4.73094 5.17443 4.56122 4.57084 5.26326
4.62111 4.94495 4.48449 4.65133 4.72228 5.37934 5.85419 5.20843 5.2121 5.94676
5.3742 5.72498 5.20468 5.42217 5.53746 6.05251 6.58434 5.90692 5.89811 6.72014
6.21291 6.58387 5.99115 6.26675 6.45552 6.8108 7.3768 6.68257 6.68256 7.55602
7.17073 7.59685 6.87746 7.23949 7.52131 7.71499 8.37257 7.61242 7.64387 8.55788
8.30839 8.712 7.98387 8.39454 8.7478 8.72623 9.52711 8.7045 8.78499 9.71694
9.46448 9.93537 9.25674 9.60746 10.09145 9.78332 10.72286 9.84237 10.01436 10.88989
10.62404 11.23746 10.59753 10.80129 11.3596 10.8812 11.92066 10.90599 11.23153 12.0369
11.49935 12.23882 11.68254 11.70439 12.2853 11.58835 12.81666 11.79775 12.23173 12.92585
11.90078 12.80873 12.37438 12.14994 12.76583 11.64361 12.93471 11.93738 12.3266 13.03845
11.91364 12.83625 12.41127 12.16927 12.77941 11.66336 12.95687 11.95835 12.34935 13.05998
11.92633 12.84987 12.42512 12.18268 12.79308 11.68325 12.97915 11.97947 12.37225 13.08162
11.93908 12.86344 12.43898 12.19616 12.80675 11.70316 13.00142 12.00057 12.39515 13.10326
