2.0575 2.37282 2.22467 2.21697 2.42837 2.55085 2.74386 2.83512 2.74129 2.90244
2.06564 2.38228 2.23429 2.22552 2.43676 2.56235 2.75592 2.84698 2.75365 2.91321
2.07581 2.39251 2.24444 2.23523 2.44552 2.57744 2.76831 2.85933 2.76597 2.92471
2.08738 2.40434 2.2561 2.24572 2.45767 2.59488 2.78329 2.87429 2.78068 2.93861
2.09937 2.42038 2.27034 2.2579 2.47079 2.61302 2.79892 2.89692 2.79558 2.95648
2.12422 2.44794 2.2909 2.27443 2.48725 2.63728 2.82101 2.92298 2.81515 2.9755
2.16635 2.48361 2.31651 2.29803 2.50817 2.67911 2.84846 2.95528 2.84043 3.00891
2.23814 2.5387 2.36185 2.32385 2.53105 2.73415 2.8815 3.01514 2.86491 3.03752
2.51069 2.71052 2.60657 2.50998 2.72109 2.85041 2.97476 3.1325 2.89754 3.10052
3.00707 3.32104 3.16167 3.05065 3.27886 3.19724 3.41429 3.52974 3.14099 3.43
3.59844 4.07034 3.80531 3.66868 3.95127 3.73959 4.10338 4.11866 3.74961 4.04952
4.20294 4.89539 4.45466 4.38281 4.65195 4.36355 4.87282 4.7915 4.42391 4.75904
4.85892 5.80164 5.16691 5.12816 5.43038 5.0741 5.64462 5.51663 5.16595 5.50599
5.60892 6.79212 5.96615 5.91642 6.25742 5.78415 6.55822 6.32712 6.01037 6.32042
6.4916 7.77379 6.88672 6.80732 7.2078 6.73494 7.63962 7.27153 7.12848 7.23907
7.51322 8.87377 8.00269 7.86602 8.31307 7.63131 8.77398 8.17269 8.26022 8.34565
8.80643 10.28915 9.35081 9.18855 9.52237 8.80403 9.95125 9.37782 9.43214 9.55962
10.26687 11.91942 10.83475 10.67581 11.11155 10.53761 11.96842 11.10143 11.45556 11.44268
11.59986 13.27857 12.08669 11.9456 12.36887 11.82951 13.26042 12.31773 12.71859 12.68787
12.07554 13.79003 12.54242 12.49109 12.85381 12.11734 13.48442 12.6683 12.98123 12.989
12.08817 13.80364 12.55593 12.50558 12.86578 12.13756 13.50559 12.6885 13.00343 13.00812
