2.42272 2.5438 2.38716 2.39679 2.57586 2.38119 2.47407 2.34487 2.33156 2.55825
2.43368 2.55427 2.39837 2.40789 2.58691 2.39204 2.48507 2.35507 2.34238 2.5696
2.44525 2.56781 2.41066 2.42174 2.59924 2.40372 2.5004 2.36659 2.35421 2.58336
2.45778 2.58758 2.42612 2.43785 2.61431 2.41637 2.51681 2.37888 2.36698 2.59998
2.47253 2.60907 2.44286 2.45426 2.63306 2.43095 2.53512 2.39306 2.3847 2.61869
2.49256 2.6432 2.46369 2.47438 2.65643 2.45166 2.55846 2.41365 2.40939 2.64278
2.53227 2.72692 2.50115 2.51208 2.68735 2.49925 2.59378 2.45625 2.45025 2.67621
2.83218 3.02844 2.80281 2.8041 2.90554 2.8093 2.92193 2.78354 2.78168 2.94298
3.36942 3.64236 3.34391 3.37615 3.48185 3.34069 3.52841 3.31538 3.36248 3.53275
4.01019 4.36175 3.97855 4.04302 4.17668 3.95266 4.21615 3.94586 4.03619 4.22259
4.70793 5.16041 4.67774 4.78301 4.96409 4.6218 4.99233 4.62904 4.78577 4.99389
5.4631 5.99631 5.41247 5.56523 5.82904 5.33969 5.81896 5.36315 5.57868 5.83156
6.30393 6.90129 6.2128 6.43022 6.78756 6.1267 6.70765 6.14887 6.44995 6.74723
7.23954 7.92882 7.12978 7.42882 7.82437 7.03225 7.69764 7.02419 7.42488 7.7615
8.27828 9.06001 8.19879 8.50921 8.95373 8.02345 8.82412 8.04936 8.47145 8.9095
9.32326 10.26505 9.36895 9.60367 10.13478 9.01527 9.99757 9.09008 9.56912 10.19902
10.36068 11.42131 10.59749 10.71206 11.2934 10.01549 11.16625 10.11255 10.6944 11.41586
11.23579 12.31431 11.64554 11.61389 12.24269 10.86393 12.08817 10.96002 11.6186 12.34268
11.61026 12.71976 12.15143 12.03905 12.64272 11.1812 12.53015 11.39658 12.07738 12.77954
11.63025 12.73484 12.16734 12.05991 12.65894 11.19527 12.5454 11.4176 12.10501 12.79888
11.64052 12.74522 12.17855 12.07089 12.6697 11.20533 12.55631 11.42798 12.11603 12.81015
