2.51291 2.79043 2.69512 2.70671 2.91948 3.17394 3.58124 3.26989 3.1332 3.65003
2.52425 2.80335 2.70781 2.71872 2.9328 3.1893 3.59763 3.28682 3.14811 3.66572
2.53658 2.8189 2.72863 2.73198 2.94727 3.20629 3.61574 3.30873 3.16396 3.68284
2.55001 2.83819 2.75166 2.7462 2.96294 3.23924 3.63759 3.33159 3.18096 3.70487
2.56846 2.86321 2.77766 2.76237 2.983 3.27509 3.66481 3.35706 3.20035 3.74397
2.60673 2.89885 2.80795 2.78828 3.00988 3.33182 3.69706 3.38774 3.22583 3.79076
2.69159 2.94443 2.84801 2.85431 3.05394 3.4525 3.73968 3.47578 3.30662 3.88771
3.00859 3.14377 3.125 3.14559 3.20649 3.76702 3.88525 3.72239 3.5978 4.10938
3.52239 3.70901 3.63914 3.67284 3.69538 4.20738 4.39648 4.23648 4.09334 4.61025
4.11647 4.39659 4.26147 4.27505 4.33376 4.69524 5.01327 4.81075 4.60254 5.20618
4.74869 5.17625 4.96438 4.97067 5.08 5.21941 5.66088 5.42238 5.12424 5.84207
5.4446 6.07995 5.73469 5.7513 5.91557 5.8105 6.36664 6.08471 5.70551 6.53493
6.22064 7.0849 6.57963 6.62676 6.84806 6.49295 7.17812 6.83434 6.43217 7.32926
7.09202 8.22072 7.55675 7.60139 7.88373 7.29 8.15227 7.71694 7.29531 8.275
8.09562 9.46715 8.68494 8.67937 9.06232 8.17246 9.27021 8.71083 8.21506 9.28537
9.1856 10.89422 9.82189 9.78716 10.32445 9.18341 10.59011 9.79562 9.18863 10.47392
10.19282 12.13847 10.86637 10.71662 11.49818 10.05096 11.76233 10.6867 10.01256 11.39603
10.96519 13.0424 11.66542 11.3912 12.34498 10.46635 12.37659 11.17164 10.34367 11.86548
11.13975 13.29898 11.90678 11.54007 12.57287 10.48527 12.40023 11.20769 10.36275 11.88565
11.15243 13.31429 11.92072 11.55331 12.5876 10.50443 12.42408 11.2289 10.38206 11.90599
11.16521 13.32968 11.93475 11.56664 12.60242 10.52362 12.44795 11.25017 10.40138 11.9264
