2.19058 2.24972 2.15376 2.04152 2.17887 2.44428 2.50502 2.26283 2.04344 2.79388
2.19859 2.25816 2.163 2.04943 2.1876 2.45404 2.51652 2.27352 2.05212 2.80565
2.20789 2.27142 2.1735 2.06259 2.19878 2.46539 2.52969 2.28483 2.06211 2.81739
2.21841 2.28619 2.18376 2.07824 2.21009 2.47732 2.54366 2.29692 2.07102 2.83472
2.235 2.30646 2.20129 2.09601 2.22327 2.49119 2.55907 2.31085 2.08187 2.84926
2.25519 2.33111 2.22181 2.1185 2.2397 2.50817 2.57738 2.32769 2.09662 2.86966
2.29548 2.36235 2.24845 2.14564 2.26287 2.53341 2.6013 2.356 2.11788 2.89349
2.42397 2.39605 2.30578 2.23606 2.28986 2.60202 2.62716 2.38691 2.15079 2.92155
2.78617 2.72092 2.68609 2.61093 2.54615 2.89941 2.7241 2.64217 2.42979 3.00192
3.28403 3.29702 3.22566 3.07581 3.05805 3.34573 3.18137 3.05259 2.88494 3.40387
3.85385 3.97606 3.82687 3.60679 3.63838 3.82168 3.69957 3.50266 3.36093 3.89827
4.46796 4.71453 4.50646 4.15054 4.26854 4.33326 4.30042 3.95625 3.84218 4.44379
5.09109 5.4785 5.16238 4.69102 4.96325 4.81895 4.93092 4.46996 4.38843 5.08054
5.78271 6.29866 5.91586 5.38013 5.66555 5.50314 5.68886 4.99093 4.98839 5.75222
6.61137 7.25293 6.7998 6.06818 6.53452 6.17439 6.47328 5.52737 5.58927 6.54365
7.56198 8.30817 7.75401 6.97436 7.62123 6.8532 7.28477 6.37954 6.27465 7.48267
8.67352 9.59771 8.92673 8.08454 8.80854 7.85499 8.4443 7.45384 7.32124 8.5495
9.90982 11.05466 10.19976 9.49213 10.29965 9.19888 10.17944 8.91267 8.72308 10.27542
11.04816 12.31737 11.34931 10.49691 11.48274 10.04078 11.33256 9.85645 9.48635 11.37819
11.45247 12.8088 11.84171 10.85283 11.90641 10.28578 11.57381 10.05053 9.61304 11.55048
11.46361 12.82242 11.85451 10.86452 11.91867 10.30054 11.59327 10.06742 9.62778 11.5689
