2.04168 2.31959 2.14724 2.24036 2.26443 2.60301 2.7074 2.72136 2.62573 2.70851
2.05121 2.32816 2.15539 2.24972 2.27377 2.61579 2.71864 2.73459 2.63711 2.72092
2.0608 2.34533 2.16506 2.25975 2.2875 2.62868 2.73151 2.74755 2.64945 2.73443
2.07173 2.36066 2.17615 2.27173 2.3026 2.6414 2.74599 2.76101 2.6623 2.74825
2.08402 2.37786 2.18849 2.28439 2.31909 2.65979 2.76235 2.77703 2.67745 2.76452
2.10182 2.3987 2.2055 2.30157 2.34029 2.67882 2.78276 2.79818 2.69618 2.78535
2.12436 2.42585 2.22643 2.32286 2.36967 2.70379 2.81519 2.82301 2.72518 2.81478
2.17295 2.45243 2.24999 2.34661 2.40939 2.72621 2.84962 2.84865 2.75623 2.84536
2.41703 2.60699 2.45064 2.51522 2.7035 2.75862 2.9097 2.8834 2.79169 2.91205
2.9349 3.11519 2.98266 3.07764 3.29996 3.10681 3.3103 3.17215 3.14358 3.29103
3.53273 3.73616 3.61963 3.75097 4.00447 3.68135 4.03811 3.71056 3.75654 3.86924
4.17653 4.4024 4.31591 4.5017 4.73931 4.36024 4.86323 4.35333 4.44044 4.55518
4.87774 5.11761 5.06667 5.26294 5.57346 5.10371 5.63722 5.07366 5.19497 5.26988
5.60698 5.92199 5.91612 6.07619 6.36715 5.92883 6.58981 5.8319 5.98815 6.13527
6.47422 6.93815 6.9376 7.04533 7.32431 6.91867 7.7191 6.86138 7.03644 7.06675
7.62614 8.04507 8.03685 8.0685 8.51881 8.03485 8.90996 7.99621 8.18923 8.04202
8.94914 9.34702 9.45886 9.39095 9.83032 9.15273 10.1202 9.23834 9.30948 9.30435
10.39843 10.99603 10.97725 11.19509 11.47011 10.93056 11.98995 11.13748 11.29564 11.06549
11.79308 12.32558 12.26815 12.6976 12.70455 12.36017 13.35859 12.42828 12.4438 12.45122
12.3005 12.94739 12.82377 13.23196 13.33294 12.62464 13.63697 12.8094 12.6785 12.83772
12.31379 12.96035 12.83713 13.24603 13.34697 12.64609 13.65803 12.831 12.69867 12.85759
