2.7618 3.19525 2.62916 2.79845 3.06295 3.39577 3.81917 3.27023 3.36782 3.54585
2.77458 3.20785 2.64189 2.81113 3.07562 3.41156 3.83671 3.28493 3.38345 3.56123
2.78866 3.22246 2.65573 2.82514 3.08991 3.42871 3.85613 3.30107 3.40032 3.57794
2.80751 3.25094 2.67156 2.84118 3.10694 3.44813 3.87804 3.31945 3.41932 3.59695
2.83207 3.28516 2.692 2.86149 3.12876 3.47487 3.90585 3.34249 3.44669 3.62099
2.86228 3.32502 2.71761 2.88665 3.15571 3.51139 3.94129 3.3753 3.47753 3.65096
2.95139 3.40154 2.76794 2.91582 3.18405 3.57722 4.01203 3.46789 3.51096 3.68425
3.2854 3.65597 3.05731 3.20591 3.41823 3.985 4.31348 3.79269 3.76637 3.92785
3.81175 4.33302 3.57027 3.7388 4.003 4.48531 4.88627 4.30787 4.29972 4.42214
4.41898 5.13628 4.15744 4.35082 4.69189 5.01015 5.5468 4.85672 4.88702 4.96713
5.09695 5.98444 4.78714 5.04181 5.44392 5.58659 6.21831 5.39777 5.50042 5.56367
5.82523 6.9 5.50262 5.80598 6.28978 6.26884 6.94301 6.02529 6.18687 6.25072
6.67659 7.8986 6.30779 6.66529 7.26906 7.10659 7.83345 6.8036 7.01787 7.06741
7.70315 9.0262 7.25694 7.67614 8.37775 8.07646 8.90629 7.7357 7.98518 8.04149
8.82233 10.2261 8.34529 8.76793 9.57322 9.00039 10.06367 8.75344 8.99592 9.04459
9.96723 11.39756 9.50692 9.83773 10.77515 9.92069 11.16948 9.68445 10.01409 10.01543
10.80735 12.31131 10.44811 10.675 11.69157 10.6409 12.04907 10.44617 10.85168 10.73957
11.25026 12.7761 10.99821 11.10074 12.14495 10.76291 12.23652 10.58711 11.01904 11.01229
11.26358 12.79909 11.02739 11.11251 12.16176 10.78105 12.25643 10.60433 11.03748 11.03054
11.27557 12.81171 11.04012 11.12428 12.17444 10.79936 12.27644 10.62172 11.05605 11.04893
11.28759 12.82434 11.05291 11.13613 12.18721 10.81771 12.29643 10.63912 11.07467 11.06735
