2.01826 2.30013 2.19038 2.16828 2.37039 2.54376 2.71491 2.75943 2.69474 2.81828
2.02672 2.30915 2.19966 2.1773 2.37903 2.56107 2.72639 2.76987 2.70619 2.83051
2.03713 2.32357 2.20936 2.18708 2.38853 2.57552 2.73881 2.78258 2.7196 2.84252
2.04843 2.33923 2.22056 2.19676 2.39855 2.59372 2.75342 2.7964 2.73248 2.85592
2.06173 2.35771 2.23502 2.2105 2.40991 2.61361 2.76883 2.81493 2.75276 2.87151
2.08599 2.38101 2.25393 2.22986 2.42604 2.63416 2.78948 2.83971 2.77716 2.89063
2.12209 2.41889 2.27927 2.25676 2.44752 2.68078 2.81316 2.86826 2.80546 2.91618
2.1931 2.46903 2.30736 2.28472 2.47223 2.75839 2.84662 2.91067 2.83276 2.94171
2.48294 2.6512 2.56804 2.50272 2.64309 2.87103 2.92151 3.04473 2.87403 3.02438
2.96966 3.2301 3.12878 3.04069 3.17989 3.23137 3.35313 3.4561 3.20006 3.37592
3.5346 3.95221 3.76259 3.66357 3.81707 3.76543 4.03357 4.06407 3.80748 3.94175
4.15549 4.77433 4.44278 4.38106 4.50279 4.3603 4.82547 4.75624 4.4939 4.60863
4.81741 5.65528 5.17352 5.12461 5.2769 5.04059 5.63338 5.52683 5.24802 5.34756
5.57855 6.59046 5.94331 5.96833 6.09071 5.78981 6.55493 6.32629 6.07054 6.17713
6.40314 7.68639 6.78274 6.88587 7.04981 6.75353 7.66182 7.20729 7.11362 7.1098
7.43826 8.88102 7.85588 7.94684 8.18803 7.70857 8.7156 8.11596 8.15483 8.19392
8.73892 10.22719 9.15847 9.227 9.49865 8.83416 10.01517 9.36013 9.44236 9.54994
10.20231 11.83876 10.67521 10.62038 10.9803 10.61886 11.89547 11.07298 11.46684 11.25324
11.48987 13.08347 11.95103 11.91693 12.18962 11.79389 13.13155 12.31078 12.69531 12.61945
11.92383 13.64431 12.42408 12.33607 12.66584 11.95404 13.37908 12.57363 12.9555 12.74675
11.93609 13.65786 12.43665 12.34819 12.67789 11.97363 13.40006 12.59323 12.97763 12.76624
