2.91703 3.10939 2.96404 2.76544 3.02837 3.31545 3.53008 3.1492 2.83946 3.82234
2.92904 3.12234 2.9767 2.77787 3.04111 3.32937 3.54627 3.16472 2.85194 3.83906
2.94239 3.13677 2.99102 2.80046 3.05572 3.346 3.56411 3.18146 2.86553 3.85646
2.95831 3.15366 3.00774 2.82475 3.0741 3.36938 3.58498 3.20054 2.88116 3.88
2.97946 3.1777 3.02905 2.85018 3.10052 3.41422 3.61293 3.2283 2.9016 3.90902
3.0246 3.20955 3.05562 2.87756 3.13398 3.49219 3.66685 3.26283 2.93005 3.94056
3.16006 3.28438 3.08324 2.92285 3.16691 3.64089 3.75787 3.32789 3.01022 3.97274
3.52169 3.55933 3.36779 3.23094 3.37649 4.0749 4.08015 3.6253 3.40355 4.17238
4.06023 4.16078 3.93689 3.72209 3.92454 4.56813 4.64512 4.11532 3.89614 4.65133
4.67084 4.89195 4.60272 4.29335 4.57599 5.09333 5.26942 4.61914 4.40199 5.20021
5.34319 5.716 5.33286 4.91366 5.2757 5.61788 5.89157 5.13165 4.93327 5.76663
6.06994 6.60428 6.14219 5.61569 6.04117 6.23382 6.5921 5.71862 5.56116 6.42231
6.8842 7.58932 7.04128 6.42001 6.89945 6.9902 7.43261 6.4103 6.30588 7.20835
7.82299 8.70211 8.07192 7.34087 8.00606 7.83644 8.43028 7.26672 7.17854 8.1463
8.83513 9.82977 9.18019 8.38509 9.18797 8.67252 9.47993 8.28451 8.05959 9.23214
9.84644 11.04512 10.24126 9.43903 10.32802 9.45705 10.48207 9.13407 8.85191 10.34003
10.65773 11.93614 11.03308 10.23813 11.21393 9.87821 11.11643 9.8184 9.37558 11.16815
11.03368 12.44077 11.4172 10.64818 11.6216 9.90157 11.1792 9.9226 9.41718 11.29342
11.06606 12.45973 11.42968 10.65857 11.63377 9.95505 11.19796 9.93981 9.43201 11.31182
11.07712 12.47288 11.44219 10.67033 11.64608 9.93047 11.21685 9.95717 9.44695 11.33038
11.08823 12.48609 11.45474 10.68218 11.65846 9.98409 11.23572 9.97453 9.46192 11.34879
