2.75 1.65 1.6239 1.1 2.75 2.75 1.65 2.2 2.75 1.65
2.75 1.1 1.62601 2.63031 2.75 2.75 2.75 2.2 3.3 2.75
3.3 1.1 1.62811 2.63213 2.75 2.75 3.3 3.3 3.85 2.75
3.3 2.2 2.17954 2.63393 2.75 2.75 3.3 3.3 3.85 3.85
3.3 2.2 2.19181 2.63575 2.2 3.3 3.3 2.75 3.85 3.85
3.3 2.75 2.75 2.0965 2.2 3.3 3.3 2.75 4.4 3.3
3.3 3.3 3.3 2.17092 2.75 3.3 3.85 2.75 3.3 3.3
2.2 3.85 3.3 2.74293 2.2 3.85 4.95 2.75 3.85 3.85
2.75 3.3 2.2 3.3 1.65 4.4 3.3 3.85 2.75 2.75
2.75 4.4 2.2 3.3 3.3 4.4 4.4 1.65 4.4 2.75
3.85 2.75 4.95 2.75 3.3 3.3 3.3 2.75 4.4 3.3
4.95 4.95 4.4 2.75 1.65 3.85 4.95 2.75 4.4 2.75
5.5 4.4 4.95 4.4 4.95 3.85 4.4 3.85 4.95 4.95
4.95 5.5 5.5 5.5 4.95 5.5 4.95 3.85 4.4 3.85
5.5 5.5 4.95 5.5 4.4 5.5 4.95 5.5 5.5 4.95
5.5 5.5 5.5 4.95 3.85 5.5 4.95 4.95 5.5 4.95
5.5 5.5 5.5 5.5 4.4 5.5 4.95 5.5 4.95 5.5
5.5 5.5 5.5 5.5 5.5 5.5 5.5 5.5 5.5 5.5
5.5 5.5 5.5 5.5 5.5 5.5 5.5 5.5 5.5 5.5
5.5 5.5 5.5 5.5 5.5 5.5 5.5 5.5 5.5 5.5
5.5 5.5 5.5 5.5 5.5 5.5 5.5 5.5 5.5 5.5
