1.65 2.2 1.1 2.62634 1.1 1.1 2.2 1.65 1.1 2.68631
2.2 1.65 2.75 4.27848 2.75 1.1 2.2 3.85 2.2 2.15459
2.2 1.65 2.75 4.28079 3.3 2.2 2.2 4.4 3.3 1.1
2.75 1.1 3.3 4.28345 3.3 2.75 1.65 4.4 3.85 1.1
2.75 1.1 3.3 4.28543 3.85 2.2 1.65 4.4 3.85 1.1
2.75 1.1 3.3 4.28776 3.85 2.75 1.65 3.85 3.85 2.2
2.75 2.75 3.3 3.81559 3.3 1.65 1.1 4.4 3.85 2.2
3.3 2.75 1.65 4.35927 2.2 2.2 3.85 4.4 3.85 3.3
3.85 4.95 4.95 2.72268 2.75 2.75 1.65 3.3 3.85 4.4
2.2 3.85 3.3 4.93562 3.3 4.4 3.85 4.4 4.4 4.4
3.3 3.85 4.4 3.3 4.4 2.144 3.3 2.75 3.85 4.4
2.75 4.4 3.85 4.4 3.3 3.28982 3.85 3.3 3.85 4.4
4.95 4.95 5.5 4.95 4.95 4.95 3.85 3.3 3.3 3.85
5.5 4.95 5.5 5.5 5.5 4.95 3.85 4.4 4.95 4.95
5.5 5.5 5.5 5.5 4.95 5.5 4.95 5.5 4.4 5.5
5.5 5.5 5.5 5.5 4.95 5.5 4.4 4.95 5.5 5.5
5.5 5.5 5.5 5.5 5.5 5.5 4.95 5.5 5.5 5.5
5.5 5.5 5.5 5.5 5.5 5.5 4.95 5.5 5.5 5.5
5.5 5.5 5.5 5.5 5.5 5.5 5.5 5.5 5.5 5.5
5.5 5.5 5.5 5.5 5.5 5.5 5.5 5.5 5.5 5.5
5.5 5.5 5.5 5.5 5.5 5.5 5.5 5.5 5.5 5.5
