1.65 1.65 1.65 0.55 0.55 2.75 0 1.65 1.1 0
2.2 2.75 2.2 2.2 2.73656 4.4 1.1 2.2 3.3 1.65
2.2 3.3 3.3 2.2 3.23898 4.95 1.1 2.75 3.85 2.75
2.75 3.85 3.85 2.2 3.25585 5.5 1.1 3.3 3.85 3.3
3.3 3.85 3.3 2.75 2.16406 4.4 1.65 2.75 3.85 3.3
3.3 3.3 3.3 2.75 2.71667 4.95 1.65 2.75 4.95 3.3
3.3 2.75 3.3 1.65 2.69073 3.85 1.65 2.75 4.4 3.85
4.4 2.2 3.85 3.3 3.79272 4.95 2.75 2.75 3.85 3.3
4.4 3.85 1.65 3.85 3.25309 4.95 2.2 2.2 3.85 3.85
4.4 3.3 3.85 3.85 4.38239 4.4 2.75 3.85 4.4 3.3
3.3 3.85 3.3 4.95 3.3 4.4 2.75 2.75 3.85 4.4
3.3 2.2 4.4 4.95 4.4 3.3 4.95 4.95 4.4 4.4
5.5 3.85 5.5 5.5 5.5 4.95 3.3 5.5 4.4 5.5
4.95 4.95 4.95 5.5 5.5 4.95 4.95 4.4 5.5 4.95
5.5 5.5 5.5 5.5 4.95 4.95 5.5 5.5 4.95 5.5
5.5 5.5 5.5 5.5 4.95 5.5 4.95 4.95 5.5 5.5
5.5 5.5 5.5 5.5 5.5 5.5 5.5 5.5 5.5 5.5
5.5 5.5 5.5 5.5 5.5 5.5 5.5 5.5 5.5 5.5
5.5 5.5 5.5 5.5 5.5 5.5 5.5 5.5 5.5 5.5
5.5 5.5 5.5 5.5 5.5 5.5 5.5 5.5 5.5 5.5
5.5 5.5 5.5 5.5 5.5 5.5 5.5 5.5 5.5 5.5
