1.65 1.65 1.64994 1.06027 3.3 1.65 1.65 2.2 1.65 2.2
3.3 2.2 1.1 2.2 2.72298 3.85 2.2 2.2 1.65 4.4
3.3 2.2 2.04062 2.2 3.79063 2.75 1.65 2.75 1.65 2.75
2.75 4.95 3.85 2.2 2.75 4.95 3.3 2.75 1.65 2.75
4.4 2.75 2.2 2.75 3.3 4.4 3.84838 2.2 1.65 3.85
2.75 2.75 3.85 3.85 4.4 2.75 3.3 2.2 3.85 3.85
3.3 5.5 4.32003 2.75 3.3 4.95 3.85 4.4 3.85 3.3
2.75 3.85 4.4 4.95 5.5 4.95 3.85 4.4 3.3 3.3
4.95 4.95 3.85 4.95 4.95 3.3 3.3 4.4 4.95 4.95
5.5 4.95 5.5 4.4 4.4 5.5 4.95 4.95 3.85 4.95
5.5 5.5 5.5 4.95 5.5 4.4 4.4 4.4 4.4 5.5
5.5 5.5 4.95 4.95 5.5 5.5 4.95 4.95 5.5 4.95
5.5 5.5 5.5 4.95 5.5 5.5 5.5 5.5 5.5 5.5
5.5 5.5 5.5 5.5 5.5 5.5 5.5 5.5 5.5 5.5
5.5 5.5 5.5 5.5 5.5 5.5 5.5 5.5 4.96948 5.5
5.5 5.5 5.5 5.5 5.5 4.42065 5.15111 5.22277 4.96325 4.96669
4.95054 4.41708 5.5 5.5 5.5 4.20997 4.95043 5.10179 4.95915 4.96193
3.88103 3.87784 4.42169 5.5 5.5 3.87767 4.40896 4.9075 4.95699 4.95885
3.86821 2.78975 4.41743 5.5 4.41769 3.8777 4.40577 4.65205 4.95863 4.95622
5.17201 3.89432 4.41567 5.5 4.69729 4.9846 5.5 5.31229 5.5 5.5
5.5 5.5 4.41255 5.5 5.5 5.5 5.5 5.31226 5.5 5.5
