4.4 5.39404 5.5 4.29174 3.7054 4.4 5.5 4.4 3.85 4.95
3.85 4.84417 4.4 5.01239 5.35917 4.4 5.5 5.5 3.3 5.5
4.59578 4.84512 5.5 5.0241 5.35275 5.5 4.95 4.95 4.95 5.5
5.14544 5.43638 2.75 4.852 4.26855 5.5 5.5 4.95 4.95 4.95
5.17619 5.46382 4.4 4.61275 3.85 5.5 4.95 5.5 5.5 5.5
5.20264 5.4869 5.5 5.22907 4.95 4.95 4.95 5.5 5.5 4.95
5.21268 5.5 5.5 5.26862 4.95 5.5 5.5 5.5 5.5 5.5
5.2273 4.95 4.4 4.72698 4.95 5.5 5.5 5.5 5.5 5.5
5.2715 5.5 4.95 5.28496 4.4 4.4 5.5 5.5 5.5 4.95
5.3718 4.95 4.95 5.33511 5.5 5.5 5.5 5.5 5.5 5.5
5.45965 4.95 4.95 4.83672 5.5 5.5 5.5 5.5 5.5 5.5
5.5 5.5 5.5 5.49468 5.5 5.5 5.5 5.5 5.5 5.5
5.5 5.5 5.5 5.5 5.5 5.5 5.5 5.5 5.5 5.5
5.35873 5.5 5.5 5.5 5.5 5.5 5.5 5.5 5.5 5.5
5.5 5.5 5.5 5.5 5.5 5.5 5.5 5.5 5.5 5.5
5.5 4.95033 5.5 5.5 5.5 5.5 5.4901 5.30177 5.5 5.5
5.02857 4.95029 5.5 4.62542 5.15993 5.5 4.73376 4.95081 4.95023 4.7202
3.89858 4.95018 4.95084 4.73996 5.17073 5.16609 4.7592 4.84264 4.87499 4.58274
4.07644 4.95015 4.95084 4.88908 5.42849 5.5 4.99998 5.10755 4.77969 4.59847
4.14863 4.95015 4.95121 5.01213 5.5 5.5 4.99998 5.10751 5.10642 4.62733
4.14863 4.95015 4.95121 5.01213 5.5 5.5 4.99998 5.10751 5.10642 4.62733
