0.70682 2.19187 2.73801 0.55 2.14512 0.75317 2.75 0.55 1.1 1.98709
0.55 2.74379 3.08068 1.57162 3.8036 1.85657 3.3 1.60577 1.1 1.98979
0.55 2.74582 3.08865 1.57416 3.80653 2.41077 2.75 2.15867 1.65 2.54372
1.1 3.23619 2.5452 3.22683 3.8098 2.53491 4.4 3.81196 1.65 2.54941
1.65 3.2489 1.99755 3.22978 3.81302 2.53963 4.95 3.26502 2.2 3.17188
1.65 3.25096 1.99985 3.23256 3.81618 2.2 5.5 3.81832 2.2 3.18688
2.2 3.25609 2.55214 3.24028 3.84394 1.65 4.95 3.82121 2.2 3.75784
2.75 1.62835 2.05624 3.24431 2.748 2.75 4.95 3.82441 3.3 3.78128
3.27651 3.3 3.1602 3.83055 3.3 2.2 4.95 3.84401 2.75 3.3
2.75 1.1 4.28552 1.65 3.85 2.65164 2.75 3.3 2.97573 2.17823
3.3 2.2 2.75 3.3 2.2 2.614 4.95 3.29718 3.02151 4.4
3.77133 0 3.3 2.75 3.3 3.85 3.3 2.2 4.71862 4.4
5.5 3.85 4.4 3.3 2.75 4.95 5.5 4.4 4.75673 4.95
5.5 4.4 5.5 4.4 3.3 5.5 4.95 5.5 5.32659 4.95
5.5 3.85 5.5 5.5 4.4 5.5 4.95 5.5 5.32409 4.95
5.5 4.4 5.5 4.95 5.5 5.5 4.95 5.5 5.36487 4.95
5.5 4.95 5.5 4.95 5.5 5.5 5.5 5.5 5.43035 4.95
5.5 5.5 5.5 5.5 5.5 5.5 5.5 5.5 5.5 5.5
5.5 5.5 5.5 5.5 5.5 5.5 5.5 5.5 5.5 5.5
5.5 5.5 5.5 5.5 5.5 5.5 5.5 5.5 5.5 5.5
5.5 5.5 5.5 5.5 5.5 5.5 5.5 5.5 5.5 5.5
