1.65 2.75 2.75 2.75 1.1 2.2 0.55 1.65 1.65 0.54226
2.75 2.2 4.4 3.85 1.65 4.95 2.75 2.75 2.75 0.55
3.3 3.3 4.4 4.4 1.65 4.4 2.75 3.3 3.3 1.65
3.85 3.85 4.4 4.4 2.2 4.4 2.75 3.85 3.85 2.75
3.85 3.3 4.4 4.4 2.68665 5.5 3.3 3.85 3.85 2.75
4.4 3.3 4.4 4.4 2.72372 4.4 3.3 3.3 3.85 2.75
3.85 3.3 3.3 2.75 2.14068 4.95 3.3 3.3 2.75 3.3
2.2 3.3 3.3 2.2 3.24302 4.4 2.75 4.95 3.85 2.2
3.85 3.3 4.4 3.3 2.2 4.4 2.75 3.3 3.85 3.85
2.75 4.95 4.4 3.3 4.4 4.95 4.95 2.75 4.4 1.65
3.85 2.2 4.4 3.85 1.65 4.4 2.2 4.4 2.75 4.4
4.4 3.3 4.4 5.5 2.75 4.95 4.4 4.4 4.95 4.4
5.5 4.4 4.95 5.5 4.4 4.4 2.75 4.4 4.4 4.4
5.5 4.95 5.5 5.5 5.5 5.5 4.95 5.5 4.95 4.95
5.5 5.5 5.5 5.5 5.5 5.5 4.95 5.5 5.5 5.5
5.5 5.5 5.5 5.5 5.5 4.95 5.5 5.5 5.5 5.5
5.5 5.5 5.5 5.5 5.5 5.5 5.5 5.5 5.5 5.5
5.5 5.5 5.5 5.5 5.5 5.5 5.5 5.5 5.5 5.5
5.5 5.5 5.5 5.5 5.5 5.5 5.5 5.5 5.5 5.5
5.5 5.5 5.5 5.5 5.5 5.5 5.5 5.5 5.5 5.5
5.5 5.5 5.5 5.5 5.5 5.5 5.5 5.5 5.5 5.5
