1.65 2.1464 1.53167 2.05654 3.24731 2.75 2.75 3.85 1.1 3.3
1.1 2.6967 2.08176 3.22134 2.75 2.75 3.3 3.85 2.2 2.2
2.75 3.85 2.63248 2.18603 3.24039 3.18533 3.3 3.3 3.85 1.65
2.74527 2.75 3.26763 3.18627 3.61698 3.85 3.3 3.85 4.95 2.75
3.29546 3.85 2.71799 2.75 3.84888 4.4 3.85 4.95 3.3 2.75
3.3 2.75 3.3 2.75 3.70319 3.3 4.95 3.85 4.4 4.4
3.85 4.4 3.3 3.85 3.2249 4.4 3.85 5.5 3.3 4.95
3.85 3.85 3.85 5.5 2.75 2.75 3.85 3.85 4.95 3.85
4.4 4.4 4.95 4.95 4.95 4.95 4.95 3.3 3.85 4.4
5.5 4.4 4.95 5.5 4.4 5.5 4.4 3.85 4.95 5.5
5.5 5.5 5.5 5.5 4.95 4.4 3.85 5.5 5.5 5.5
5.5 5.5 5.5 5.5 5.5 5.5 4.95 4.95 5.5 5.5
5.5 5.5 5.5 5.5 5.5 5.5 5.5 5.5 5.5 5.5
5.5 5.5 5.5 5.5 5.5 5.5 5.5 5.5 5.5 5.5
5.5 5.5 5.5 5.5 5.5 5.5 5.5 5.5 5.5 5.5
5.5 5.5 5.5 5.5 5.5 5.5 4.5975 4.96378 4.90528 4.81188
5.5 5.5 5.5 5.5 5.5 5.5 4.5975 4.42485 4.90224 4.95929
5.41308 5.5 5.5 5.5 5.5 5.42797 4.59749 3.86448 4.90525 3.37853
4.96127 4.95943 4.96054 5.5 4.40101 5.5 4.14295 3.86302 4.8397 2.78136
5.44814 4.96141 4.95563 5.5 4.4013 5.5 4.42786 3.86288 5.5 4.44688
5.5 5.5 4.9555 5.5 5.5 5.5 5.5 5.5 5.5 5.5
