1.1 2.2 2.05401 2.17799 2.19487 0.55 2.75 1.1 2.2 1.65
1.34737 2.75 1.1 1.63071 3.84251 2.2 3.3 1.65 2.2 2.2
1.89943 2.75 1.1 2.19445 3.84567 2.75 3.85 2.2 2.2 2.2
1.9016 2.75 1.1 2.2 4.4 2.75 3.3 2.2 1.1 2.75
1.91609 3.85 1.1 2.75 3.3 3.3 2.75 2.2 1.1 2.75
1.96968 4.37223 1.1 2.75 3.3 3.3 2.75 2.2 1.1 2.2
1.95596 3.83049 2.2 2.2 2.75 3.3 2.75 1.65 1.65 1.65
1.97415 3.28286 2.75 2.75 1.65 2.75 2.2 2.2 2.2 1.65
2.51066 3.84777 4.4 2.75 3.85 2.75 2.2 2.75 2.2 3.3
4.17121 2.16121 2.68607 3.85 1.1 1.1 3.85 3.3 3.3 2.75
3.10254 3.3 4.92704 3.85 3.85 3.85 3.85 3.3 2.2 3.3
3.85 2.75 3.85 2.75 2.75 3.85 3.3 4.4 3.10446 2.75
4.34882 3.3 4.95 4.95 4.4 3.85 4.95 3.85 3.72871 4.4
5.5 5.5 5.5 4.95 5.5 4.95 3.85 3.3 4.35399 3.85
4.95 5.5 5.5 5.5 5.5 4.4 4.4 4.4 4.95 4.4
5.5 5.5 5.5 5.5 4.95 5.5 4.4 4.95 4.4 4.4
5.5 5.5 5.5 5.5 5.5 4.95 5.5 5.5 5.5 5.5
5.5 5.5 5.5 5.5 5.5 5.5 5.5 5.5 5.5 5.5
5.5 5.5 5.5 5.5 5.5 5.5 5.5 5.5 5.5 5.5
5.5 5.5 5.5 5.5 5.5 5.5 5.5 5.5 5.5 5.5
5.5 5.5 5.5 5.5 5.5 5.5 5.5 5.5 5.5 5.5
