2.2 3.3 2.2 2.2 1.53382 3.3 0.55 2.2 2.75 2.12959
2.75 2.2 3.85 3.3 2.63634 3.3 0.55 2.75 4.4 2.68244
2.75 2.2 4.4 3.3 3.1889 2.75 1.1 3.3 3.85 2.68536
4.4 2.75 4.4 3.85 3.19166 3.85 2.2 3.3 4.4 2.68859
4.4 2.75 4.4 3.85 2.64445 3.85 2.2 3.3 3.3 2.69183
4.4 3.3 3.85 3.85 2.64713 3.3 2.75 2.2 2.75 2.75
3.85 3.85 4.4 3.85 1.65 3.3 3.85 3.85 3.3 1.65
3.85 2.2 4.4 3.85 2.2 3.85 2.75 2.2 2.2 2.73969
4.4 2.75 2.75 2.75 3.83142 3.85 4.4 3.85 3.3 3.85
3.3 3.85 3.85 3.85 4.95 2.75 3.85 3.3 3.3 4.95
3.85 3.3 3.85 4.95 4.4 3.3 3.85 2.75 2.75 4.4
4.4 4.4 4.4 3.85 4.95 4.95 3.3 3.85 3.3 3.85
4.95 5.5 5.5 4.95 4.95 3.85 4.95 5.5 3.3 3.85
5.5 4.95 5.5 5.5 5.5 5.5 3.85 4.95 4.95 4.95
5.5 5.5 5.5 5.5 4.95 4.95 4.95 4.95 4.4 5.5
5.5 5.5 5.5 5.5 4.95 5.5 5.5 5.5 4.95 5.5
5.5 5.5 5.5 5.5 4.95 5.5 5.5 5.5 4.95 5.5
5.5 5.5 5.5 5.5 5.5 5.5 5.5 5.5 5.5 5.5
5.5 5.5 5.5 5.5 5.5 5.5 5.5 5.5 5.5 5.5
5.5 5.5 5.5 5.5 5.5 5.5 5.5 5.5 5.5 5.5
5.5 5.5 5.5 5.5 5.5 5.5 5.5 5.5 5.5 5.5
