2.75 3.3 1.65 2.75 1.00022 1.65 0.55 1.65 3.3 1.52396
3.3 2.2 2.75 2.75 1.00257 3.3 1.65 2.2 3.85 2.2
3.3 2.75 2.2 2.2 1.00497 4.4 1.65 3.3 3.85 1.65
3.85 2.75 3.3 2.2 1.5576 4.4 2.19628 3.3 4.4 2.2
4.4 2.2 3.27717 2.2 1.56023 3.85 2.75 3.3 4.95 2.2
4.4 2.75 3.3 2.2 1.56279 3.3 2.2 3.3 5.5 2.2
4.4 3.3 3.3 1.65 3.28148 4.4 2.2 3.85 4.95 1.1
4.4 3.85 3.3 2.75 2.75 4.4 2.2 3.85 4.95 2.75
2.75 2.75 2.75 3.3 3.85 3.85 2.75 3.85 3.85 2.75
3.3 2.75 2.75 4.4 4.39365 3.85 3.85 2.75 3.85 3.3
3.3 3.3 2.2 2.2 4.4 4.4 3.85 4.95 3.3 3.85
4.4 3.85 3.85 4.95 2.75 3.85 3.85 3.85 3.3 2.75
5.5 4.95 4.95 3.85 3.85 3.85 4.4 5.5 3.3 4.95
4.95 5.5 5.5 5.5 4.95 5.5 3.85 5.5 3.85 4.4
5.5 5.5 5.5 5.5 4.95 5.5 4.4 5.5 4.95 5.5
5.5 5.5 5.5 5.5 4.95 5.5 4.95 5.5 5.5 5.5
5.5 5.5 5.5 5.5 5.5 5.5 4.95 5.5 5.5 5.5
5.5 5.5 5.5 5.5 5.5 5.5 5.5 5.5 5.5 5.5
5.5 5.5 5.5 5.5 5.5 5.5 5.5 5.5 5.5 5.5
5.5 5.5 5.5 5.5 5.5 5.5 5.5 5.5 5.5 5.5
5.5 5.5 5.5 5.5 5.5 5.5 5.5 5.5 5.5 5.5
