4.95 3.85 4.91057 5.33011 3.8219 3.85 3.85 4.4 4.4 4.37685
4.4 5.5 5.4378 4.23044 4.39335 4.34187 4.4 4.95 4.95 4.95
4.4 4.4 4.35965 3.68022 4.95 4.89188 4.4 4.95 4.95 4.4
5.5 4.95 4.77628 4.78084 4.4 5.44324 4.95 5.5 4.95 4.93187
4.4 4.95 4.78748 4.23456 5.5 5.44944 4.95 4.95 5.5 5.48625
5.5 5.5 4.4 5.354 5.5 5.46502 4.95 5.5 5.5 5.5
4.95 5.5 5.45202 5.3931 4.95 4.95 5.5 5.5 4.95 4.95
4.95 5.5 5.5 5.44056 5.5 4.4 5.5 4.95 4.95 4.95
5.5 5.5 4.95 4.93749 4.95 4.95 5.5 5.5 5.5 4.95
4.95 5.5 5.5 4.95 5.5 4.95 5.5 4.95 4.95 4.4
5.5 4.95 5.5 5.5 5.5 4.95 5.5 5.5 5.5 5.5
5.5 5.5 5.5 5.5 5.5 5.5 4.95 4.95 5.5 5.5
5.5 5.5 5.5 5.5 5.5 5.5 4.95 5.5 5.5 5.5
5.5 5.5 5.5 5.5 5.5 5.5 5.5 5.5 5.5 5.5
5.5 5.5 5.5 5.5 5.5 5.5 5.5 5.5 5.5 5.5
5.5 5.5 5.5 5.5 5.5 5.5 5.5 5.5 5.5 5.5
5.5 5.5 5.5 5.5 5.5 5.5 5.5 5.5 5.5 5.5
5.5 5.5 5.5 5.5 5.5 5.5 5.5 5.5 5.5 5.5
5.5 5.5 5.5 5.5 5.5 5.5 5.5 5.5 5.5 5.5
5.5 5.5 5.5 5.5 5.5 5.5 5.5 5.5 5.5 5.5
5.5 5.5 5.5 5.5 5.5 5.5 5.5 5.5 5.5 5.5
