2.75 2.2 2.2 1.65 1.1 2.15891 1.1 3.3 1.1 0
2.75 3.3 2.2 2.10928 0.55 4.36103 2.2 4.4 1.65 1.65
2.75 3.3 2.75 2.11176 1.1 4.91395 2.2 4.4 2.2 2.2
3.3 3.3 3.17524 2.1145 1.1 4.9196 2.75 4.4 2.75 2.75
3.3 3.3 2.709 2.11734 1.1 4.37751 3.3 4.4 3.3 3.3
3.85 3.3 2.17183 2.11999 2.2 3.28516 3.85 4.4 3.85 3.3
2.2 3.85 2.72666 2.12235 2.2 3.85 2.75 4.4 3.3 2.2
2.75 4.4 3.29225 4.32495 2.2 3.3 3.85 5.5 4.4 3.85
3.85 3.85 2.19733 2.12828 2.75 4.4 4.4 3.3 4.4 3.3
3.85 4.4 3.78183 2.14613 3.85 3.3 2.2 3.85 3.85 2.75
4.95 3.85 2.75 4.4 3.85 5.5 4.95 4.4 4.4 3.3
4.95 4.4 4.95 4.95 3.3 3.85 4.95 3.85 3.85 3.85
5.5 4.4 5.5 5.5 5.5 5.5 4.4 5.5 4.95 4.4
5.5 4.95 5.5 5.5 5.5 5.5 5.5 5.5 5.5 4.95
5.5 5.5 5.5 5.5 5.5 5.5 4.95 5.5 4.95 4.95
5.5 5.5 5.5 5.5 5.5 5.5 5.5 5.5 5.5 5.5
5.5 5.5 5.5 5.5 5.5 5.5 5.5 5.5 5.5 5.5
5.5 5.5 5.5 5.5 5.5 5.5 5.5 5.5 5.5 5.5
5.5 5.5 5.5 5.5 5.5 5.5 5.5 5.5 5.5 5.5
5.5 2.48673 5.5 4.9502 5.17431 5.41425 3.85236 4.07849 4.22853 4.41218
4.09256 1.94697 3.88256 4.95019 4.41736 5.36144 3.85254 4.07868 3.88114 4.41206
