4.95 4.4 3.83844 4.4 5.5 5.5 3.85 4.95 4.95 3.85
5.5 5.5 4.4 4.95 5.5 4.4 5.5 4.95 5.5 5.5
5.5 4.4 4.9382 4.4 5.5 4.95 4.4 3.85 4.95 4.4
4.95 4.95 4.93884 5.5 4.95 4.95 5.5 4.95 4.95 5.5
5.5 5.5 4.95 4.4 4.4 5.5 5.5 5.5 5.5 5.5
5.5 5.5 5.5 5.5 4.95 5.5 5.5 5.5 4.4 4.95
5.5 5.5 5.5 4.95 5.5 4.95 4.95 5.5 5.5 4.4
4.95 5.5 5.5 5.5 5.5 5.5 4.4 4.4 5.5 4.95
4.95 5.5 4.95 4.95 5.5 5.5 5.5 4.95 5.5 4.95
5.5 5.5 5.5 4.95 5.5 5.5 5.5 4.95 5.5 4.95
5.5 4.95 5.5 5.5 5.5 4.95 5.5 5.5 4.95 4.95
5.5 5.5 5.5 5.5 5.5 5.5 5.5 5.5 5.5 5.5
5.5 5.5 5.5 5.5 5.5 5.5 5.5 5.5 5.5 5.5
5.5 5.5 5.5 5.5 5.5 3.51531 4.95286 4.95077 5.46447 4.40382
4.95038 4.40474 4.60668 5.5 5.5 2.70492 4.40302 4.40236 3.85757 3.30697
4.40266 4.28393 4.0336 4.95232 4.95216 2.7577 3.85492 4.40232 3.85503 3.3084
4.05375 3.30981 3.75745 5.24766 4.40817 4.27212 3.99366 4.9507 4.40313 3.30742
4.40035 3.30958 3.41438 5.5 4.40298 5.5 4.79721 4.95176 4.40403 3.857
5.5 4.40449 4.95161 5.5 4.95178 5.5 4.97399 4.95182 4.40403 3.85674
5.5 4.40449 4.97952 5.5 4.95178 5.5 4.97399 4.95182 4.40403 3.85674
5.5 4.40449 4.97517 5.5 4.95178 5.5 4.97399 4.95182 4.40403 3.85674
