5.14377 5.39151 4.95 3.90493 4.25114 4.37227 5.49189 4.4 5.5 5.5
5.14565 3.85 5.5 4.95482 4.80651 4.92434 4.95 4.4 4.95 4.4
5.14972 4.86751 4.95 4.48768 4.80844 4.37648 5.48791 5.5 3.3 3.3
5.15517 3.75407 5.5 5.05298 5.37965 5.47885 5.49065 4.95 4.4 5.5
4.61068 5.42369 3.85 4.51612 4.4 5.48115 5.5 5.5 4.95 5.5
4.61515 5.40997 4.4 4.52351 3.85 4.38341 4.95 5.5 4.95 4.4
4.95 4.33895 5.5 4.6031 3.78579 3.85 4.4 5.5 4.95 5.5
4.67124 5.47849 5.5 5.19278 4.95 4.95 4.4 5.5 5.5 4.95
4.68518 4.4 5.5 4.69004 5.5 5.5 5.5 5.5 5.5 5.5
5.23864 5.5 4.95 4.72691 4.4 4.4 5.5 5.5 4.95 5.5
5.27201 4.4 5.5 4.73945 4.4 4.4 4.95 5.5 4.95 5.5
4.21419 5.5 5.5 4.75193 5.5 4.95 5.5 5.5 5.5 5.5
4.81003 4.95 5.5 4.79666 5.5 5.5 5.5 5.5 5.5 5.5
5.42559 5.5 5.5 4.82581 5.5 5.5 4.95 4.95 4.95 5.5
5.4843 5.5 5.5 5.46939 5.5 5.5 5.5 5.5 4.95 5.5
5.5 5.5 5.5 5.5 5.5 5.5 5.5 5.5 5.5 5.5
5.5 5.5 5.5 5.5 5.5 5.5 5.5 5.5 5.5 5.5
5.5 5.5 5.5 5.5 5.5 5.5 5.5 5.5 5.5 5.5
5.5 5.5 5.5 5.5 5.5 5.5 5.5 5.5 5.5 5.5
2.75626 3.99752 4.95031 3.99957 4.68528 4.29897 4.47574 2.28928 5.25606 2.75985
2.35677 2.2126 4.44256 2.75355 3.85566 4.00151 4.43946 2.27165 2.7571 2.21192
