0.55 2.2 2.75 2.2 2.74398 1.65 1.65 0.55 1.65 1.65
0.55 1.65 1.65 3.3 1.65 1.1 2.2 2.75 2.75 1.65
1.59365 1.65 1.1 3.85 1.1 2.19958 2.75 2.75 2.75 1.1
1.60232 1.65 1.1 3.3 1.1 3.3 3.85 3.3 2.75 1.1
1.61263 3.3 1.47148 3.3 1.65 3.3 3.85 3.3 2.75 1.1
1.61069 2.75 1.47411 3.3 1.65 3.3 4.4 3.3 3.3 1.1
2.16458 2.75 2.62383 2.75 2.75 3.3 4.4 3.85 3.3 0.55
2.1879 3.3 2.07664 2.2 3.3 2.2 4.4 3.85 2.75 1.65
2.75 3.3 3.77465 2.75 3.85 2.2 4.95 3.3 2.2 1.1
2.75 2.75 4.30584 3.3 4.4 2.75 3.3 3.85 2.75 2.2
3.12718 3.3 3.83945 1.1 2.2 2.75 4.95 4.4 3.85 2.2
4.29171 2.75 4.4 3.85 3.3 3.3 3.3 3.3 2.2 3.3
4.37114 3.3 4.4 3.85 4.4 4.4 4.4 4.95 3.17916 3.85
5.5 4.95 5.5 5.5 4.4 3.3 4.4 4.4 3.80011 4.4
5.5 4.95 5.5 4.95 4.95 4.95 4.4 5.5 3.84789 3.85
5.5 5.5 5.5 4.95 5.5 4.95 5.5 4.95 5.5 4.4
5.5 5.5 5.5 5.5 4.95 4.95 5.5 4.4 5.5 4.95
5.5 5.5 5.5 5.5 5.5 5.5 5.5 5.5 5.5 4.95
5.5 5.5 5.5 5.5 5.5 5.5 5.5 5.5 5.5 5.5
5.5 5.5 5.5 5.5 5.5 5.5 5.5 5.5 5.5 5.5
5.5 5.5 5.5 5.5 5.5 5.5 5.5 5.5 5.5 5.5
