1.39469 2.75 1.1 2.6411 2.2 2.1336 3.3 2.2 0 2.63991
1.39475 4.32562 1.65 2.2 3.3 2.12467 3.85 2.2 1.1 1.54821
1.32479 1.65 2.2 2.75 3.3 1.50807 3.85 2.75 2.36395 3.2171
1.34699 3.20342 1.65 4.89533 2.2 2.59883 3.3 2.75 2.92966 2.2
3.62382 4.31411 3.3 2.75 3.3 3.25348 4.95 4.4 3.51534 2.16707
3.85 3.79262 3.85 4.35922 2.75 3.3 4.4 4.4 2.93694 3.83476
2.62469 3.3 3.80485 2.75 3.85 2.2 3.85 3.85 4.6632 3.85
3.79987 4.4 3.3 3.85 3.85 3.85 3.3 4.4 3.65021 4.4
4.4 4.4 4.4 3.85 4.4 3.85 5.5 4.4 4.91182 4.4
4.95 5.5 4.95 4.4 4.4 3.85 3.85 4.95 3.85 4.95
5.5 5.5 5.5 5.5 3.85 4.4 4.95 5.5 4.95 5.5
5.5 4.4 5.5 4.95 4.4 5.5 5.5 5.5 4.95 5.5
5.5 5.5 5.5 5.5 5.5 5.5 5.5 5.5 4.95 5.5
5.5 5.5 5.5 5.5 5.5 5.5 5.5 5.5 5.5 5.5
5.5 5.5 5.5 5.5 5.5 5.5 5.5 5.5 5.5 5.5
5.5 4.95029 4.96481 4.95861 5.5 5.5 4.95224 4.42019 5.5 5.48201
4.95434 4.95029 4.4147 4.95749 5.5 5.5 3.87033 4.41301 5.5 5.30429
3.8855 4.79099 4.30176 4.95836 4.96007 5.5 3.86379 3.87609 5.35122 5.27151
4.41555 4.40214 4.30229 4.95921 4.96028 5.5 3.86155 3.87306 4.80397 5.32401
5.5 4.95029 5.5 4.9804 5.5 5.5 5.5 5.30767 5.5 4.4
5.5 4.95029 5.5 4.9804 5.5 5.5 4.95 5.33261 5.5 4.4
