0.54261 2.61311 2.73739 2.17954 2.75 1.1 1.65 1.57197 1.1 2.2
2.33038 4.2591 3.65062 3.67992 3.3 3.25285 3.85 3.85 1.65 2.2
1.90748 4.29008 3.08292 2.73194 2.75 2.2 3.85 2.75 2.2 2.6874
0.86138 4.84089 2.01267 2.56022 2.75 3.27535 4.4 3.85 3.3 3.80776
4.13849 4.78508 2.56356 2.75 2.75 2.12662 3.3 3.84233 2.2 2.75
3.57446 3.70639 2.60004 2.75 3.85 4.34903 2.75 4.4 3.85 4.95
3.3 4.95 3.85 3.24881 3.3 3.3 4.95 3.85 4.08228 3.85
4.29188 3.85 4.4 4.4 4.4 3.85 4.4 3.3 3.65188 4.95
3.81577 5.5 4.4 4.95 5.5 4.95 3.85 3.3 5.2603 4.95
5.5 4.4 4.4 5.5 4.95 3.85 4.95 3.3 4.73332 4.4
5.5 4.95 5.5 5.5 4.95 4.4 4.95 3.85 5.5 5.5
5.5 5.5 5.5 5.5 5.5 5.5 4.95 5.5 4.95 5.5
5.5 5.5 5.5 5.5 5.5 5.5 5.5 5.5 5.5 5.5
5.5 5.5 5.5 5.5 5.5 5.5 5.5 5.5 5.5 5.5
5.5 5.5 5.5 5.5 5.5 5.5 5.5 4.96631 4.96471 5.5
4.95072 4.40022 5.5 4.95014 4.95033 5.4623 5.5 4.9179 4.42448 5.5
4.95072 4.40022 4.40984 4.95014 4.40242 5.27703 5.5 4.41561 4.41795 5.5
4.95072 4.36468 3.87782 4.95014 4.40207 5.39275 5.5 3.86683 4.28168 5.5
4.95072 3.64228 3.32163 3.86596 3.85413 5.40493 4.48254 3.86849 4.95914 5.5
4.95072 5.2811 2.7707 4.95022 5.5 4.9502 5.5 4.95941 5.5 5.5
4.95072 5.2811 3.31887 4.95022 5.5 4.9502 5.5 4.95941 5.5 5.5
