4.4 4.4 4.9403 4.14756 5.5 4.88469 4.95 5.5 5.5 4.92274
4.95 4.95 2.75 5.32895 5.5 4.4 4.95 5.5 5.5 4.37274
4.95 4.95 4.94452 5.33601 5.5 4.89879 5.5 4.95 4.95 4.92313
5.5 4.95 5.5 5.33583 5.5 4.90976 5.5 5.5 4.4 4.37989
5.5 4.95 4.95 5.37379 5.5 5.48873 5.5 4.4 4.95 3.85
4.95 4.4 5.5 5.43589 4.95 5.5 5.5 5.5 4.95 3.85
5.5 5.5 4.95 5.5 4.95 5.5 5.5 5.5 5.5 4.95
5.5 4.4 4.95 5.5 5.5 5.5 5.5 4.95 4.4 4.4
4.95 5.5 5.5 5.5 4.95 5.5 4.95 5.5 5.5 4.4
5.5 4.95 5.5 5.5 5.5 5.5 5.5 5.5 4.95 4.95
5.5 5.5 5.5 5.5 5.5 5.5 4.4 5.5 4.95 4.95
4.4 5.5 5.5 5.5 4.95 5.5 5.5 5.5 4.95 4.95
5.5 5.5 5.5 5.5 4.95 5.5 5.5 5.5 5.5 5.5
5.5 5.5 5.5 5.5 5.5 5.5 5.5 5.5 5.5 5.5
5.5 5.5 5.5 5.5 5.5 5.5 5.5 5.5 5.5 5.5
5.5 5.5 5.5 5.5 5.5 5.5 5.5 5.00798 5.5 5.5
5.5 3.93292 4.65985 5.36455 4.9508 5.5 4.95079 4.95035 5.5 4.75476
5.5 4.49998 3.63302 4.97635 4.95059 5.03441 5.49112 4.836 5.5 4.51985
5.5 4.40222 4.1604 5.5 5.15734 5.37791 5.04993 5.43795 5.5 4.53613
5.5 4.40214 4.22335 5.5 5.02542 5.37791 5.20517 5.43795 5.5 4.5519
5.5 4.40214 4.22335 5.5 5.02542 5.37791 5.20517 5.43795 5.5 4.5519
