1.1 0.55 0.55 0.34577 1.1 1.1 1.1 1.1 1.65 1.65
1.65 0.4464 1.55424 0.55 2.61795 1.65 2.2 1.1 2.75 1.65
1.65 1.5484 2.66348 2.2 3.75728 2.2 2.75 2.2 3.3 2.15137
1.65 1.99057 2.67615 2.75 3.7633 3.3 3.3 2.75 4.4 2.70363
2.2 2.03218 2.6846 3.64733 4.31563 3.3 4.4 3.3 4.4 3.25596
2.2 2.57784 2.68849 3.65001 4.34284 2.75 4.4 2.75 4.4 3.25839
3.3 3.17966 2.69713 3.65127 4.3465 4.4 3.85 2.2 3.85 4.4
2.75 3.18459 2.71146 2.58157 3.29611 4.4 3.85 3.3 3.85 3.3
2.2 2.65201 2.16448 2.5846 3.3 3.85 3.3 2.2 4.4 4.4
4.4 5.42468 3.85 1.6266 2.2 4.4 3.85 2.2 4.4 3.3
3.3 2.75 3.85 3.85 3.3 4.4 3.85 3.85 3.3 2.75
4.4 3.3 3.85 4.31069 2.2 4.4 2.2 3.85 4.4 1.65
3.85 4.4 5.5 4.92048 3.3 4.4 3.85 3.85 2.75 2.75
4.95 4.95 4.95 4.95 4.4 4.95 2.75 4.4 4.4 2.75
4.4 4.95 5.5 5.5 3.85 4.95 5.5 4.4 4.95 4.4
5.5 4.4 5.5 5.5 5.5 5.5 5.5 5.5 4.4 4.95
5.5 5.5 5.5 5.5 5.5 5.5 4.95 5.5 5.5 4.4
5.5 5.5 5.5 5.5 5.5 5.5 5.5 5.5 5.5 5.5
5.5 5.5 5.5 5.5 5.5 5.5 5.5 5.5 5.5 5.5
5.5 5.5 5.5 5.5 5.5 5.5 5.5 5.5 5.5 5.5
5.5 5.5 5.5 5.5 5.5 5.5 5.5 5.5 5.5 5.5
