1.91225 2.75 1.65 2.97892 3.2121 2.75 2.2 2.2 2.75 2.2
3.01378 3.26642 2.2 2.43277 2.11383 2.75 2.2 2.75 4.4 2.75
3.56694 4.3684 1.65 2.9867 2.11566 4.4 2.75 4.4 4.4 2.75
4.10881 3.85 1.1 3.54167 3.21792 4.4 2.75 5.5 4.4 2.2
4.11486 3.85 1.65 4.10743 3.79779 4.4 2.75 5.5 4.95 3.3
4.12133 3.85 1.65 4.10918 2.70728 3.3 2.75 5.5 4.95 3.3
3.04249 3.85 1.65 3.01102 3.3 4.95 3.85 3.85 4.4 4.4
4.14746 1.65 3.3 4.66312 2.72621 3.85 3.85 3.85 4.95 3.3
1.95098 4.4 2.2 4.66569 3.3 4.4 3.85 3.3 3.85 3.3
4.16259 3.85 3.3 4.4 3.3 4.4 4.4 3.3 3.85 3.85
3.85 3.3 3.85 4.70278 4.95 3.85 5.5 3.85 4.4 2.2
4.24043 4.4 2.75 4.207 2.75 3.85 4.95 3.85 4.4 2.75
5.39557 4.4 4.95 4.80577 4.95 3.85 4.95 2.75 4.95 3.85
5.42784 4.95 4.4 5.42092 5.5 4.95 4.95 5.5 5.5 4.4
5.45538 5.5 5.5 5.47051 4.95 5.5 4.95 4.95 4.95 4.95
5.47769 4.95 5.5 5.48547 5.5 4.95 4.95 4.95 5.5 4.95
5.5 5.5 5.5 5.5 5.5 5.5 5.5 5.5 5.5 5.5
5.5 5.5 5.5 5.5 5.5 5.5 5.5 5.5 5.5 5.5
5.5 5.5 5.5 5.5 5.5 5.5 5.5 5.5 5.5 5.5
5.5 5.5 5.5 5.5 5.5 5.5 5.5 5.5 5.5 5.5
5.5 5.5 5.5 5.5 5.5 5.5 5.5 5.5 5.5 5.5
