3.85 4.95 4.85705 4.38113 4.2655 4.95 4.4 5.5 4.95 4.4
4.4 4.95 4.85735 5.42362 5.37243 5.5 3.85 4.95 4.95 4.4
5.5 4.95 4.31624 5.43473 4.4 5.5 4.4 5.5 4.4 4.95
4.4 5.5 5.44762 4.34459 4.81759 4.95 4.95 4.95 5.5 3.85
4.95 5.5 4.95 5.5 5.41825 5.5 5.5 5.5 5.5 4.4
4.95 5.5 5.5 5.5 4.9465 4.95 5.5 5.5 5.5 5.5
5.5 5.5 4.95 5.5 5.5 5.5 5.5 4.95 4.95 3.85
5.5 5.5 4.95 4.95 5.5 5.5 5.5 5.5 5.5 5.5
4.95 4.95 5.5 5.5 5.5 4.95 5.5 5.5 5.5 5.5
5.5 5.5 4.95 5.5 4.95 5.5 5.5 5.5 5.5 4.95
5.5 5.5 5.5 5.5 4.95 5.5 5.5 5.5 5.5 5.5
5.5 5.5 5.5 5.5 5.5 5.5 4.95 4.95 5.5 5.5
5.5 5.5 5.5 5.5 5.5 5.5 5.5 5.5 5.5 4.95
5.5 5.5 5.5 5.5 5.5 5.5 5.5 5.5 5.5 5.5
5.5 5.5 5.5 5.5 5.5 5.5 5.5 5.5 5.5 5.5
5.5 5.5 5.5 5.5 5.5 5.5 5.28014 5.5 4.95172 4.95147
5.39008 5.5 5.5 5.5 4.95181 5.5 5.26096 5.5 4.61811 4.69444
5.5 5.17632 4.95146 5.08245 4.33811 5.5 4.95097 5.16201 3.84633 4.62895
5.5 5.05878 4.95087 5.5 4.90073 5.5 4.95095 5.28589 4.45087 4.59254
5.5 5.08514 4.95082 5.19099 4.8806 5.5 4.98408 5.33086 4.79327 4.59893
5.5 5.08514 4.95082 5.19099 4.8806 5.5 4.98408 5.33086 4.79327 4.59893
