2.75 2.2 1.1 2.09024 2.73437 3.29835 3.3 2.18196 1.1 2.2
3.85 2.2 2.75 3.1803 2.75 4.4 2.75 3.2844 2.2 3.3
3.3 3.3 2.72881 3.18243 3.3 4.4 2.75 3.28685 2.2 3.85
3.3 3.85 2.73129 3.18476 3.3 4.95 2.75 3.28948 2.2 3.85
3.85 3.85 2.7339 3.23568 2.75 3.85 2.75 3.29193 2.2 3.85
3.85 3.85 3.28627 3.20323 2.2 5.5 2.75 3.3 2.75 3.85
4.4 2.75 2.75 2.69846 2.75 3.85 2.2 2.75 2.75 3.85
4.4 2.75 2.74131 3.24946 2.75 3.85 3.3 3.3 3.85 2.75
3.85 3.85 3.3 3.80222 2.2 4.4 3.85 3.3 2.2 2.75
2.2 3.3 2.75 2.68004 3.3 4.4 4.4 2.2 3.85 3.3
2.75 3.85 4.4 4.92209 2.75 3.3 3.85 3.3 3.85 2.2
3.85 4.95 4.4 3.3 4.4 4.4 3.3 3.3 3.85 3.85
4.95 4.95 5.5 4.95 4.4 3.85 4.95 5.5 3.3 5.5
5.5 5.5 5.5 5.5 5.5 4.95 4.95 4.4 5.5 4.4
5.5 5.5 5.5 5.5 5.5 5.5 5.5 5.5 5.5 5.5
5.5 5.5 5.5 5.5 5.5 5.5 5.5 5.5 5.5 5.5
5.5 5.5 5.5 5.5 5.5 5.5 5.5 5.5 5.5 5.5
5.5 5.5 5.5 5.5 5.5 5.5 5.5 5.5 5.5 5.5
5.5 5.5 5.5 5.5 5.5 5.5 5.5 5.5 5.5 5.5
5.5 5.5 5.5 5.5 5.5 5.5 5.5 5.5 5.5 5.5
5.5 5.5 5.5 5.5 5.5 5.5 5.5 5.5 5.5 5.5
