4.4 5.5 5.47592 4.4 4.95 4.95 4.95 3.85 3.85 3.85
4.4 4.95 5.47834 4.4 4.4 4.95 3.85 4.4 4.95 4.95
4.4 4.95 4.91279 4.95 5.5 5.5 3.3 4.95 5.5 4.4
5.5 3.85 5.46569 4.95 4.95 3.85 3.3 5.5 4.95 4.95
4.4 4.95 4.95 4.95 4.95 4.4 5.5 2.75 4.95 5.5
4.95 4.95 5.48806 4.95 5.5 5.5 5.5 5.5 5.5 5.5
5.5 5.5 4.4 4.95 5.5 5.5 4.95 4.4 4.4 4.4
4.4 4.95 4.95 4.95 5.5 2.75 5.5 4.95 4.95 4.4
4.4 5.5 5.5 4.95 5.5 5.5 5.5 5.5 4.95 5.5
4.95 4.95 4.95 4.95 5.5 5.5 4.95 5.5 4.95 5.5
4.95 5.5 5.5 4.95 5.5 5.5 5.5 5.5 4.95 4.4
5.5 5.5 4.95 5.5 4.95 4.95 5.5 4.95 5.5 5.5
5.5 5.5 5.5 5.5 5.5 4.4 5.5 3.85 5.5 5.5
5.5 5.5 5.5 4.95 5.5 4.95 4.95 4.95 5.5 5.5
5.5 5.5 5.5 5.5 5.5 4.95 5.5 4.95 5.5 4.95
5.5 5.5 5.5 4.95 5.5 4.95 5.5 5.5 5.5 5.5
5.5 5.5 5.5 5.5 5.5 5.5 5.5 5.5 5.5 5.5
5.5 5.5 5.5 5.5 5.5 5.5 5.5 5.5 5.5 5.5
5.5 5.5 5.5 5.5 5.5 5.5 5.5 5.5 5.5 5.5
4.95065 4.40457 4.01296 4.95114 4.40044 3.30501 3.85187 3.46375 4.40131 2.75781
3.30981 2.76619 3.6315 2.76275 4.1317 2.92727 3.85187 3.45151 3.85241 2.757
