4.4 1.65 1.65 0.55 1.65 2.2 2.2 2.2 2.75 1.65
4.4 2.2 2.2 1.1 1.65 2.75 1.65 4.4 2.75 2.2
3.85 3.19635 2.75 1.1 1.65 3.3 2.2 4.4 3.3 2.2
2.75 3.74953 2.2 1.65 1.65 3.3 1.65 4.4 3.3 2.75
2.75 3.75244 2.2 2.2 1.65 3.3 1.65 3.85 2.75 2.2
3.3 4.30493 3.14887 2.75 2.2 3.85 2.2 3.85 4.4 2.2
2.75 3.78974 3.15162 3.3 3.3 2.75 2.2 1.65 4.4 3.25365
4.4 3.76074 2.60441 2.75 2.75 3.3 3.3 4.4 2.75 2.15896
2.2 3.24394 3.15723 1.65 2.75 3.85 2.75 2.75 3.85 3.27065
4.81547 2.75 4.26603 3.85 4.4 2.2 4.95 2.2 2.2 2.18282
4.4 5.5 3.3 3.85 4.4 3.85 1.1 4.4 4.95 4.4
4.95 3.85 4.4 4.8929 3.85 4.4 5.5 5.5 2.2 4.95
5.5 5.5 4.95 5.5 5.5 4.4 3.85 4.4 5.5 3.3
5.5 5.5 5.5 5.5 4.95 5.5 4.4 4.95 5.5 4.4
5.5 5.5 5.5 5.5 4.95 5.5 5.5 5.5 5.5 5.5
5.5 5.5 5.5 5.5 5.5 5.5 5.5 5.5 5.5 5.5
5.5 5.5 5.5 5.5 5.5 5.5 5.5 5.5 5.5 5.5
5.5 5.5 5.5 5.5 5.5 5.5 5.5 5.5 5.5 5.5
5.5 5.5 5.5 5.5 5.5 5.5 5.5 5.5 5.5 5.5
5.5 5.5 5.5 5.2478 4.04253 5.15363 4.10036 5.5 4.95755 2.78571
5.5 4.96396 5.5 4.95103 3.85359 4.95025 3.88031 4.04268 4.41668 2.78868
