5.26678 4.35404 3.85 5.5 5.5 3.8316 5.5 4.95 4.05397 4.39402
4.71681 4.4 4.95 4.4 4.95 4.34946 5.5 4.95 5.16236 4.39801
4.17832 4.35502 4.82658 4.95 3.85 3.85 4.4 4.95 4.63345 4.95
4.72322 5.45999 5.36042 4.95 4.95 4.95 5.5 4.95 4.64055 5.5
4.74272 5.47395 5.36512 4.95 4.95 5.45565 5.5 4.95 4.623 4.4
4.77221 4.95 4.83846 4.4 4.4 4.37751 4.95 5.5 3.55913 4.95
5.35893 4.95 5.42908 4.95 4.95 4.4 5.5 4.4 4.12337 4.95
4.4 3.85 5.47499 5.5 4.95 5.5 5.5 5.5 5.28131 5.5
5.43754 4.4 5.5 4.95 5.5 4.95 5.5 5.5 5.30478 3.85
5.47012 5.5 5.5 4.95 5.5 5.5 5.5 4.95 4.7956 4.95
5.5 5.5 5.5 5.5 5.5 5.5 5.5 5.5 5.37465 4.95
5.5 5.5 5.5 5.5 5.5 5.5 4.95 4.95 4.8309 4.95
5.5 4.95 4.95 5.5 5.5 4.95 5.5 5.5 5.4209 4.4
5.5 5.5 5.5 5.5 4.4 5.5 5.5 5.5 5.43351 4.4
5.5 4.95 5.5 5.5 5.5 5.5 4.95 5.5 5.46414 5.5
5.5 5.5 5.5 5.5 5.5 5.5 5.5 4.95 5.5 5.5
5.5 5.5 5.5 5.5 5.5 5.5 5.5 5.5 5.5 5.5
5.5 5.5 5.5 5.5 5.5 5.5 5.5 5.5 5.5 5.5
5.5 5.5 5.5 5.5 5.5 5.5 5.5 5.5 5.5 5.5
5.5 5.5 5.5 5.5 5.5 5.5 5.5 5.5 5.5 5.5
5.5 5.5 5.5 5.5 5.5 5.5 5.5 5.5 5.5 5.5
