4.34809 5.41725 5.37164 5.44721 4.4 4.37119 4.95 4.4 3.47352 5.40634
4.14268 4.86723 5.37168 4.91124 4.4 4.4 3.85 4.4 4.0209 4.85636
4.69548 4.86742 4.82158 3.85 4.4 4.34499 5.5 5.5 4.95 5.4187
4.70113 4.86888 3.85 4.36171 4.95 3.82422 4.95 4.4 5.17701 3.83857
4.73318 5.43354 5.37662 4.35767 4.4 5.47474 3.85 5.5 5.17864 4.39864
5.327 5.46331 5.39998 5.49371 5.5 5.49573 5.5 4.95 5.19152 4.4
5.36675 5.5 5.45246 4.4 4.95 4.4 5.5 5.5 5.19801 4.9149
5.40461 4.95 5.48306 5.5 5.5 4.95 5.5 4.95 5.2381 4.95
5.44212 3.85 5.5 4.95 5.5 4.95 5.5 4.95 5.28337 3.85
4.92438 5.5 5.5 5.5 5.5 4.95 4.95 5.5 5.29203 4.95
5.5 5.5 5.5 4.95 5.5 5.5 4.95 4.95 4.22498 4.95
5.5 4.95 5.5 5.5 5.5 5.5 5.5 5.5 5.35345 4.4
5.5 5.5 5.5 5.5 5.5 5.5 5.5 5.5 5.37201 4.95
5.5 5.5 5.5 5.5 5.5 5.5 5.5 5.5 4.85576 4.95
5.5 5.5 5.5 5.5 5.5 5.5 5.5 4.95 5.45569 5.5
5.5 5.5 5.5 5.5 5.5 5.5 5.5 5.5 5.48578 5.5
5.5 5.5 5.5 5.5 5.5 5.5 5.5 5.5 5.5 5.5
5.5 5.5 5.5 5.5 5.5 5.5 5.5 5.5 5.5 5.5
5.5 5.5 5.5 5.5 5.5 5.5 5.5 5.5 5.5 5.5
5.5 5.5 5.5 5.5 5.5 5.5 5.5 5.5 5.5 5.5
5.5 5.5 5.5 5.5 5.5 5.5 5.5 5.5 5.5 5.5
