1.65 2.75 1.5445 2.05309 2.60051 1.65 1.1 1.1 2.75 2.75
1.09711 2.2 2.09865 2.62201 2.60318 2.75 1.1 2.75 3.3 1.1
1.65 2.75 3.20288 3.73604 2.60879 3.3 1.1 3.85 3.3 1.65
1.65 3.3 3.75871 3.20887 3.17355 3.85 1.65 4.4 3.3 1.1
1.65 3.3 4.3136 3.21875 2.75 4.4 2.75 4.4 3.85 1.65
1.1 3.3 3.84118 3.27079 3.18006 4.4 3.3 4.95 3.85 1.1
2.2 3.85 3.84345 3.27646 3.21785 4.4 2.75 4.4 3.3 2.75
2.75 3.3 2.74507 1.63249 2.63729 4.95 3.3 4.95 3.85 1.65
3.3 2.2 2.73342 1.65 3.74061 3.85 3.85 2.75 2.75 2.2
3.85 4.4 3.3 3.3 2.65055 4.4 2.75 4.95 3.3 3.3
4.4 3.85 2.2 3.3 4.91403 2.75 4.4 2.2 4.4 3.85
4.95 3.3 2.75 3.85 3.85 2.75 2.2 3.85 4.4 4.4
5.5 4.4 5.5 4.4 3.85 4.95 2.2 4.95 4.4 3.3
5.5 5.5 5.5 5.5 5.5 5.5 3.85 4.95 4.95 4.95
5.5 5.5 5.5 5.5 5.5 5.5 4.4 4.95 5.5 4.95
5.5 5.5 5.5 5.5 5.5 5.5 3.85 4.95 5.5 5.5
5.5 5.5 5.5 5.5 5.5 5.5 5.5 5.5 5.5 5.5
5.5 5.5 5.5 5.5 5.5 5.5 5.5 5.5 5.5 5.5
5.5 5.5 5.5 5.5 5.5 5.5 5.5 5.5 5.5 5.5
5.5 5.5 5.5 5.5 5.5 5.5 5.5 5.5 5.5 5.5
5.5 5.5 5.5 5.5 5.5 5.5 5.5 5.5 5.5 5.5
