0.55 0.55 1.65 0.55 2.75 2.2 2.2 0.55 0.55 3.21295
1.46419 0.55 1.1 2.2 2.2 1.65 3.3 1.65 1.1 3.76488
2.57943 1.1 1.1 3.3 1.65 1.65 3.3 2.2 1.1 3.2177
3.13684 1.1 1.65 3.3 1.65 1.65 2.75 3.85 2.2 3.76986
3.13918 1.1 2.2 3.3 1.65 2.2 2.2 4.4 2.2 3.77301
3.13016 1.65 2.75 3.3 2.75 2.75 2.75 3.85 2.2 3.22548
3.13236 1.65 2.2 2.75 2.2 2.75 3.85 3.85 1.1 3.85
3.68455 1.1 3.77139 2.75 2.2 3.3 3.85 3.85 1.1 3.3
3.13677 3.3 4.38349 3.3 3.85 3.85 3.85 3.3 2.2 3.3
3.69469 1.65 4.95 3.85 3.3 4.4 3.85 2.2 2.75 2.75
3.21483 4.4 4.95 3.85 3.85 3.85 4.4 2.75 2.2 4.4
3.24404 4.95 3.85 4.4 3.85 3.85 3.85 2.75 2.09241 2.2
5.5 4.95 3.3 4.4 3.85 4.4 3.85 3.3 3.8031 3.85
5.5 2.75 4.95 4.4 5.5 3.85 5.5 3.85 3.3 2.75
5.5 4.95 5.5 5.5 4.95 4.95 4.4 3.85 3.85 4.4
5.5 4.95 5.5 4.4 5.5 4.4 4.4 3.85 5.5 4.4
5.5 5.5 5.5 5.5 4.95 5.5 5.5 5.5 5.5 4.4
5.5 5.5 5.5 5.5 5.5 5.5 5.5 5.5 5.5 4.4
5.5 5.5 5.5 5.5 5.5 5.5 5.5 5.5 5.5 5.5
5.5 5.5 5.5 5.5 5.5 5.5 5.5 5.5 5.5 5.5
5.5 5.5 5.5 5.5 5.5 5.5 5.5 5.5 5.5 5.5
