4.4 4.4 4.95 4.4 5.37006 4.95 5.5 4.4 3.3 5.44633
4.95 5.5 5.5 4.4 4.36403 4.95 4.4 4.4 4.4 5.44633
5.5 4.4 4.95 4.95 4.31828 5.5 4.95 4.4 4.4 4.38037
5.5 4.95 5.5 4.4 5.44167 4.95 4.95 5.5 5.5 4.95
5.5 5.5 5.5 4.95 4.93582 5.5 4.95 5.5 5.5 5.5
5.5 5.5 4.95 5.5 5.5 5.5 4.4 4.95 5.5 5.5
5.5 5.5 5.5 5.5 4.95 5.5 4.95 4.95 4.95 4.95
4.95 4.95 5.5 5.5 5.5 5.5 4.95 4.95 5.5 5.5
4.95 4.95 5.5 5.5 5.5 5.5 5.5 5.5 5.5 4.95
4.95 4.95 5.5 5.5 5.5 5.5 5.5 4.95 5.5 4.95
4.4 5.5 5.5 5.5 5.5 5.5 5.5 5.5 4.95 5.5
5.5 5.5 5.5 5.5 5.5 5.5 5.5 5.5 5.5 5.5
5.5 5.5 5.5 5.5 5.5 5.5 5.5 5.5 5.5 5.5
5.5 5.5 5.5 5.5 5.5 5.5 5.5 5.5 5.5 5.5
5.5 5.5 5.5 5.5 5.5 5.5 5.5 5.5 5.5 5.5
5.5 5.5 5.5 5.5 5.5 5.5 5.5 4.95052 5.5 5.17387
5.5 5.5 4.95123 4.40233 4.95104 3.8521 5.40923 5.38855 4.51399 4.56438
4.9508 5.5 4.79737 4.40098 4.65613 4.79159 5.15452 5.19262 4.58846 4.55187
4.98266 5.5 4.69042 4.40038 4.66906 4.66994 5.5 5.06697 4.98608 4.7535
5.04739 5.5 4.78109 4.40055 4.65716 4.75275 5.5 5.5 4.91713 4.40701
5.04739 5.5 4.78109 4.40055 4.65716 4.75275 5.5 5.5 4.91713 4.40701
