4.18157 4.4 3.3 4.20712 5.5 4.4 4.95 3.85 5.5 4.77924
4.18247 4.71579 3.17784 5.0568 4.95 5.5 4.95 4.4 5.5 5.38828
3.63248 4.37873 5.37837 4.51632 4.4 4.4 4.95 5.5 5.5 3.20387
4.73254 5.30494 4.83496 5.07872 5.5 5.5 5.44329 5.5 4.95 5.42637
5.28745 4.93389 4.95 4.54626 5.5 3.85 4.34646 5.5 4.4 4.87614
4.95 4.25258 4.87055 4.74231 4.95 4.95 4.9167 5.5 5.5 4.89299
5.40722 5.39913 4.9064 5.23158 5.5 5.5 4.95 5.5 5.5 5.45467
4.34949 5.43711 4.95 4.91081 5.5 5.5 5.5 4.95 5.5 5.5
5.43024 5.46439 4.95 5.35996 5.5 5.5 5.5 4.4 5.5 4.95
5.5 5.5 4.4 5.48081 5.5 4.95 4.4 5.5 5.5 5.5
4.95 5.5 5.5 5.5 5.5 5.5 4.95 5.5 5.5 4.95
5.5 5.5 5.5 5.5 5.5 4.95 4.95 4.95 5.5 5.5
5.5 5.5 5.5 5.5 5.5 5.5 5.5 5.5 5.5 4.95
5.5 5.5 5.5 5.5 5.5 4.95 5.5 5.5 5.5 5.5
5.5 5.5 5.5 5.5 5.5 4.95 5.5 5.5 5.5 5.5
5.5 5.5 5.5 5.5 5.5 5.5 5.5 5.5 5.5 5.5
5.5 5.5 5.5 5.5 5.5 5.5 5.5 5.5 5.5 5.5
5.5 5.5 5.5 5.5 5.5 5.5 5.5 5.5 5.5 5.5
5.5 5.5 5.5 5.5 5.5 5.5 5.5 5.5 5.5 5.5
5.5 5.5 5.5 5.5 5.5 5.5 5.5 5.5 5.5 5.5
5.5 5.5 5.5 5.5 5.5 5.5 5.5 5.5 5.5 5.5
