4.64464 4.4 4.80544 4.39506 3.3 3.85 3.85 3.85 4.11352 4.93084
4.71407 5.43193 4.2559 4.39892 5.5 4.4 4.95 4.95 4.11749 4.39258
4.64456 4.33198 5.36955 4.39514 5.5 4.4 4.95 4.95 5.25451 4.4
4.63476 4.88316 5.39607 4.95 4.95 4.95 5.5 5.5 5.25527 4.95
4.65847 5.44012 3.75804 4.4 5.5 4.95 4.95 4.4 5.24821 4.4
4.35123 4.94668 5.43894 5.5 4.95 4.4 4.95 4.95 4.95 5.5
5.31987 4.95 5.48097 5.5 4.95 5.5 5.5 5.5 5.2948 4.95
5.37597 4.95 4.95 4.95 5.5 5.5 5.5 4.95 4.4 5.5
5.41725 5.5 5.5 4.95 5.5 5.5 5.5 5.5 4.8197 5.5
5.44407 5.5 5.5 5.5 5.5 4.95 5.5 5.5 4.95 4.95
5.49371 5.5 5.5 4.95 5.5 5.5 4.95 5.5 5.45009 5.5
5.5 5.5 5.5 5.5 5.5 4.95 5.5 5.5 5.5 5.5
5.5 5.5 5.5 5.5 5.5 5.5 4.95 5.5 5.5 5.5
5.5 5.5 5.5 5.5 5.5 5.5 5.5 5.5 5.5 5.5
5.5 5.5 5.5 5.5 5.5 5.5 4.95 5.5 5.5 5.5
5.5 5.5 5.5 5.5 5.5 5.5 5.5 4.95 5.5 5.5
5.5 5.5 5.5 5.5 5.5 5.5 5.5 5.5 5.5 5.5
5.5 5.5 5.5 5.5 5.5 5.5 5.5 5.5 5.5 5.5
5.5 5.5 5.5 5.5 5.5 5.5 5.5 5.5 5.5 5.5
5.5 5.5 5.5 5.5 5.5 5.5 5.5 5.5 5.5 5.5
5.5 5.5 5.5 5.5 5.5 5.5 5.5 5.5 5.5 5.5
