3.26304 2.2 2.2 3.3 2.2 2.2 1.65 2.2 1.65 0.55
3.81568 2.18333 3.26429 3.3 2.00215 4.4 3.83393 2.2 2.75 2.2
3.81862 2.73607 3.81668 3.85 2.00445 4.4 3.29711 2.75 3.3 2.75
3.82159 2.75 4.36805 3.85 2.05469 4.4 3.85 2.75 3.85 2.75
3.82793 2.75 4.4 3.85 2.00978 4.95 3.85 3.85 3.85 2.75
3.85 3.3 4.4 3.3 2.01228 4.95 3.3 3.85 3.85 2.75
3.85 3.85 3.85 4.4 2.56695 4.95 3.85 3.3 2.75 2.75
2.75 3.3 2.75 2.75 2.08158 4.4 2.2 2.75 4.4 3.3
3.3 2.2 2.75 3.3 3.73398 4.4 2.75 3.3 2.2 2.2
3.3 4.95 4.4 3.3 1.1 3.85 4.4 4.4 3.85 4.4
4.4 2.2 1.65 4.95 4.32587 4.95 3.85 3.3 4.95 3.85
3.3 4.4 5.5 4.4 3.29508 4.4 3.3 4.4 3.3 4.95
4.95 4.95 4.95 5.5 5.5 4.4 4.95 4.95 4.95 4.95
4.95 5.5 5.5 5.5 5.5 5.5 4.95 4.95 4.4 4.95
5.5 5.5 5.5 5.5 5.5 5.5 5.5 5.5 5.5 4.95
5.5 5.5 5.5 5.5 5.5 5.5 5.5 5.5 4.95 5.5
5.5 5.5 5.5 5.5 5.5 5.5 5.5 5.5 5.5 5.5
5.5 5.5 5.5 5.5 5.5 5.5 5.5 5.5 5.5 5.5
5.5 5.5 5.5 5.5 5.5 5.5 5.5 5.5 5.5 5.5
5.5 5.5 5.5 5.5 5.5 5.5 5.5 5.5 5.5 5.5
5.5 5.5 5.5 5.5 5.5 5.5 5.5 5.5 5.5 5.5
