4.93354 5.25314 3.85 3.98465 4.84969 4.4 4.95 3.85 3.85 4.04744
3.85 3.20783 4.86472 3.9849 4.28601 4.4 4.95 4.4 4.95 4.04738
5.48364 3.75728 4.89395 5.08638 4.89086 4.95 5.5 4.95 4.4 4.18756
4.93411 5.27135 4.86659 3.54589 5.448 4.95 4.4 4.95 5.5 4.05201
4.93712 4.32241 4.87415 4.56077 4.4 4.95 4.95 3.85 4.95 2.75
4.95 4.80721 4.89889 4.08914 4.94086 5.5 4.4 4.95 5.5 4.66183
5.5 5.41661 5.5 5.27026 4.95 4.95 5.5 5.5 4.95 4.73139
5.5 4.92332 5.5 4.75116 4.95 5.5 5.5 4.4 5.5 5.3556
5.5 5.5 5.5 4.77673 5.5 5.5 5.5 5.5 5.5 5.43696
5.5 4.95 5.5 5.36704 4.95 5.5 5.5 4.95 5.5 5.4672
4.95 4.95 5.5 5.38374 5.5 5.5 4.95 4.95 5.5 5.5
5.5 5.5 5.5 5.40174 5.5 5.5 5.5 4.95 4.95 5.5
5.5 4.4 5.5 5.42992 5.5 5.5 5.5 5.5 5.5 5.5
5.5 4.95 5.5 5.5 5.5 5.5 5.5 5.5 5.5 5.5
5.5 5.5 5.5 5.5 5.5 5.5 5.5 5.5 4.95 5.5
5.5 5.5 5.5 5.5 5.5 5.5 5.5 5.5 5.5 5.5
5.5 5.5 5.5 5.5 5.5 5.5 5.5 5.5 5.5 5.5
5.5 5.5 5.5 5.5 5.5 5.5 5.5 5.5 5.5 5.5
5.5 5.5 5.5 5.5 5.5 5.5 5.5 5.5 5.5 5.5
5.5 5.5 5.5 5.5 5.5 5.5 5.5 5.5 5.5 5.5
5.5 5.5 5.5 5.5 5.5 5.5 5.5 5.5 5.5 5.5
