4.4 4.95 3.85 3.3 4.95 4.95 5.5 5.5 3.85 4.95
4.4 4.95 5.5 4.33511 5.5 4.95 4.95 4.95 5.5 4.4
4.95 5.5 4.95 3.78698 4.95 4.95 5.5 4.95 4.95 4.4
4.95 5.5 5.5 4.34119 4.95 4.95 4.95 4.95 4.4 5.5
4.4 4.95 5.5 5.5 4.4 5.5 4.95 5.5 5.5 5.5
4.95 4.4 5.5 5.5 4.95 4.95 4.95 5.5 5.5 4.4
4.95 5.5 4.95 5.5 5.5 5.5 5.5 5.5 5.5 4.95
4.95 5.5 5.5 5.5 5.5 5.5 5.5 5.5 5.5 4.95
5.5 5.5 5.5 5.5 5.5 5.5 5.5 5.5 5.5 5.5
5.5 4.95 5.5 5.5 5.5 5.5 4.95 4.95 5.5 5.5
5.5 5.5 5.5 5.5 5.5 5.5 5.5 5.5 5.5 5.5
5.5 4.95 5.5 5.5 5.5 5.5 5.5 5.5 5.5 4.95
5.5 5.5 5.5 5.5 5.5 5.5 5.5 5.5 5.5 5.5
5.5 5.5 5.5 5.5 5.5 5.45261 4.95297 5.5 4.4026 5.5
5.5 4.95194 5.5 5.5 4.95248 3.85718 4.40484 4.29448 4.44212 4.40398
5.5 4.95174 5.5 5.13217 4.36393 3.65579 4.40334 4.25189 3.85452 4.40305
5.5 3.85532 4.67645 5.12723 3.8565 4.17313 4.40326 4.25213 3.85424 4.40305
5.5 3.68604 4.12961 5.31157 4.1104 5.01648 4.40359 4.46885 4.97924 3.85498
5.5 5.30751 5.5 5.5 4.40384 5.5 4.40358 4.79938 4.95 3.8538
5.5 5.5 5.5 5.5 4.40384 5.5 4.40358 4.79937 4.95 3.85387
5.5 5.5 5.5 5.5 4.40384 5.5 4.40358 4.79937 4.95 3.85387
