4.95 4.71925 3.69811 4.21469 5.37961 5.5 5.42859 4.4 4.95 3.67509
4.76501 5.26674 5.3482 4.53306 4.82948 4.95 4.87856 5.5 4.4 4.77489
5.31528 4.74544 4.79857 3.93214 4.84777 5.5 4.87873 4.4 5.5 4.225
4.77428 4.74817 4.2492 5.11496 5.39835 5.5 4.87922 4.95 5.5 4.94576
4.797 4.24408 5.38563 5.18917 4.88621 5.5 4.89981 5.5 4.95 4.30498
5.40855 4.85013 4.4 5.31085 5.5 5.5 4.95 4.95 5.5 4.95
4.93186 5.46911 5.5 4.86272 5.5 4.95 4.4 5.5 4.95 5.5
5.5 5.5 5.5 5.43786 5.5 4.95 4.95 4.4 4.95 5.5
5.5 4.95 5.5 5.48088 4.95 4.95 5.5 4.95 5.5 5.5
4.4 5.5 4.4 5.5 4.4 4.95 4.95 5.5 5.5 5.5
4.95 4.95 4.95 5.5 5.5 4.95 4.95 5.5 5.5 5.5
5.5 5.5 5.5 5.5 5.5 4.4 5.5 5.5 4.95 5.5
4.95 5.5 5.5 5.5 4.95 5.5 5.5 5.5 5.5 4.95
5.5 5.5 5.5 5.5 5.5 5.5 5.5 5.5 5.5 5.5
5.5 5.5 5.5 5.5 5.5 5.5 5.5 5.5 5.5 5.5
5.5 5.26623 5.5 5.5 5.5 5.5 5.5 5.5 5.06344 4.57561
5.5 4.4007 5.5 4.95144 4.5364 5.01829 5.5 4.95043 5.5 4.74241
4.6244 3.56002 4.95108 5.117 4.58843 5.16779 5.5 5.27419 5.40016 4.43787
4.58991 3.92334 4.9504 5.5 4.5763 5.34797 5.5 5.18969 5.43925 4.41831
4.6207 3.9914 4.95057 5.5 4.57457 5.40029 5.5 5.22404 5.43925 4.43105
4.6207 3.9914 4.95057 5.5 4.57457 5.40029 5.5 5.22404 5.43925 4.43105
