1.65 3.25964 1.65 1.1 2.75 2.2 0.55 2.2 1.65 1.58612
3.14246 2.1618 2.56915 1.97439 3.3 2.75 1.58151 2.2 1.65 1.60225
3.1453 1.65 3.12813 1.98751 3.74854 2.75 1.58427 2.2 1.65 2.55948
4.24836 2.75 2.5932 2.0022 4.3009 3.3 1.58782 3.85 2.2 2.58061
4.26813 2.75 2.59889 2.01554 3.7532 3.3 2.14109 3.85 3.3 3.185
4.27056 2.75 2.60104 2.02952 3.75448 3.3 3.24427 3.85 3.3 3.73759
4.26679 2.75 2.06847 2.06087 3.27129 2.75 2.6974 3.85 3.3 4.29073
3.71917 3.3 2.60537 3.16951 2.72501 3.3 3.80056 3.3 3.3 3.74312
4.27228 1.1 3.15817 2.62976 4.37602 1.65 3.80376 4.4 3.3 4.29534
4.29176 3.3 2.2 3.75182 3.29833 3.85 3.80787 2.75 3.3 3.1977
3.76801 2.2 4.33463 1.50894 3.3 1.65 3.85 3.3 1.65 4.95
2.75 3.8071 1.65 1.56 3.85 4.4 3.3 4.4 3.85 4.36938
4.95 5.5 4.95 4.87124 2.75 3.3 3.85 4.4 4.95 3.85
5.5 4.95 5.5 5.5 4.95 4.95 4.95 3.85 4.4 4.95
5.5 4.95 5.5 5.5 4.95 4.4 3.85 4.95 4.4 3.3
5.5 5.5 5.5 5.5 5.5 5.5 5.5 5.5 5.5 3.85
5.5 5.5 5.5 5.5 5.5 5.5 5.5 5.5 5.5 4.4
5.5 5.5 5.5 5.5 5.5 5.5 5.5 5.5 5.5 5.5
5.5 5.5 5.5 5.5 5.5 5.5 5.5 5.5 5.5 5.5
5.5 5.5 5.5 5.5 5.5 5.5 5.5 5.5 5.5 5.5
5.5 5.5 5.5 5.5 5.5 5.5 5.5 5.5 5.5 5.5
