4.4 4.95 4.4 4.4 3.7969 4.3349 4.95 4.95 4.4 4.4
4.95 4.95 5.5 4.95 4.90267 3.85 3.85 5.5 4.95 4.4
5.5 4.4 4.95 5.5 3.80648 5.43539 3.85 4.95 3.85 3.85
5.5 5.5 5.5 5.5 5.44048 5.43647 5.5 4.95 5.5 5.5
4.95 4.95 5.5 5.5 4.95 5.5 5.5 4.95 5.5 4.95
4.95 5.5 4.95 4.95 4.95 4.95 5.5 4.4 5.5 5.5
5.5 4.95 5.5 5.5 4.4 5.5 5.5 4.95 5.5 5.5
5.5 5.5 5.5 5.5 4.95 5.5 5.5 4.95 5.5 5.5
5.5 5.5 5.5 5.5 5.5 5.5 5.5 4.95 5.5 5.5
5.5 4.95 5.5 5.5 5.5 5.5 5.5 5.5 5.5 5.5
5.5 5.5 5.5 5.5 5.5 5.5 4.95 5.5 5.5 5.5
5.5 5.5 5.5 5.5 4.95 5.5 5.5 5.5 5.5 5.5
5.5 5.5 5.5 5.5 5.5 5.5 5.5 5.5 5.5 5.5
5.5 5.5 5.5 5.5 5.5 4.77865 5.5 5.5 5.5 5.5
5.27309 5.5 3.85338 4.78658 5.5 4.03478 5.5 4.40305 3.81794 4.95084
4.85391 4.95367 3.30161 3.99702 3.85792 3.3054 5.5 4.69452 4.21701 4.95187
4.85325 4.828 3.30195 4.95047 4.95182 4.00951 5.5 3.85447 4.40224 5.5
4.85427 4.58278 3.30297 4.53969 5.5 5.5 5.5 4.67932 4.95008 5.5
5.5 4.9522 3.30319 4.95037 5.5 5.5 5.5 4.95063 4.95008 5.5
5.5 4.9522 3.30319 4.95037 5.5 5.5 5.5 4.95063 4.95008 5.5
5.5 4.9522 3.30319 4.95037 5.5 5.5 5.5 4.95063 4.95008 5.5
