2.2 2.01687 2.2 2.75 2.69958 2.75 2.14741 2.75 1.61411 2.2
3.82789 2.03562 3.85 3.22706 1.62277 3.3 3.79318 2.75 2.74639 3.3
3.75069 2.5963 3.85 4.33939 4.05054 3.3 2.69834 3.85 4.4 1.65
3.82888 3.14666 2.75 3.82981 3.50993 3.3 3.79885 4.4 3.29744 2.2
5.13319 2.58213 3.3 4.94344 2.75 3.3 4.3758 4.95 4.95 3.3
4.01316 3.3 2.75 4.44599 3.58808 4.4 3.3 4.4 3.3 3.3
1.3235 2.75 4.4 4.54655 3.3 3.85 4.4 3.85 2.75 2.2
4.64657 4.95 4.4 4.12465 3.26338 4.95 3.85 4.95 4.4 4.4
5.23276 5.5 4.4 5.27492 4.95 4.4 3.85 5.5 4.95 4.4
5.27061 5.5 3.85 5.31684 4.95 4.95 4.4 4.4 3.85 5.5
5.33088 4.95 4.95 5.36286 5.5 5.5 5.5 5.5 3.85 4.95
5.4211 5.5 5.5 5.48719 5.5 5.5 5.5 5.5 5.5 5.5
5.5 5.5 5.5 5.5 5.5 5.5 5.5 5.5 5.5 5.5
5.5 5.5 5.5 5.5 5.5 5.5 5.5 5.5 5.5 5.5
5.5 5.5 5.5 5.5 5.5 5.5 5.5 5.5 5.5 5.5
5.5 4.95012 5.5 4.9665 4.96365 5.5 5.5 4.41535 4.61663 4.96077
4.4106 4.95012 5.5 3.87302 4.95904 5.5 4.95305 4.40738 4.21198 4.95818
4.40792 4.945 5.5 2.77838 4.95673 4.96238 4.41484 3.86796 3.86971 4.95736
4.40706 4.95012 3.57953 2.77789 4.41798 4.9604 4.4063 3.86291 3.86818 4.95966
4.958 4.95012 3.3116 4.4078 4.67102 5.5 5.5 3.86054 5.35999 4.95954
5.5 5.5 3.30826 4.95744 5.5 5.5 5.5 5.5 5.38348 5.5
