4.5617 4.83559 4.4 4.00222 4.1518 4.95 4.27653 5.5 5.5 4.4
4.56343 5.38753 5.5 4.46858 3.07776 3.85 4.83329 4.4 5.5 4.4
5.11834 3.75667 3.3 3.49701 4.91646 3.85 4.83524 5.5 4.4 3.3
4.02453 5.392 3.85 4.53691 4.14998 5.5 5.3872 4.95 5.5 4.95
5.1307 4.29435 4.4 5.11586 4.70414 4.95 4.28924 5.5 5.5 4.95
4.58687 4.86346 5.5 4.54749 4.92312 5.5 5.5 4.95 5.5 5.5
4.59318 3.76746 5.5 5.08869 3.6459 4.95 4.95 5.5 5.5 5.5
4.95 4.4 4.95 4.3373 4.74717 4.4 5.5 5.5 4.95 5.5
4.95 5.41971 4.4 4.59448 4.74874 4.95 4.95 4.95 4.95 4.95
5.19277 4.36445 4.95 4.61713 4.78447 5.5 5.5 4.95 4.95 5.5
4.66362 5.5 4.95 5.22181 4.81689 5.5 5.5 5.5 4.95 4.4
5.22526 4.4 5.5 5.28992 4.331 4.95 5.5 5.5 5.5 5.5
4.68857 5.5 5.5 5.33818 4.38466 5.5 5.5 5.5 4.95 5.5
5.25242 4.95 5.5 5.38673 5.5 5.5 5.5 5.5 5.5 5.5
5.2741 5.5 5.5 5.42929 5.5 5.5 5.5 5.5 5.5 4.95
5.31746 5.5 5.5 5.5 5.5 5.5 5.5 5.5 5.5 5.5
5.36471 5.5 5.5 5.5 5.5 5.5 5.5 5.5 5.5 5.5
5.5 5.5 5.5 5.5 5.5 5.5 5.5 5.5 5.5 5.5
5.5 5.5 5.5 5.5 5.5 5.5 5.5 5.5 5.5 5.5
5.5 5.5 5.5 5.5 5.5 5.5 5.5 5.5 5.5 5.5
5.5 5.5 5.5 5.5 5.5 5.5 5.5 5.5 5.5 5.5
