4.37503 4.63574 5.3724 3.87563 5.37507 3.3 4.8826 4.95 4.95 3.49285
4.89599 4.85775 4.27243 3.87358 4.4 4.4 3.23261 3.85 4.95 5.22547
4.89446 5.23072 4.82307 4.42447 4.87312 4.95 3.78203 4.95 5.5 4.12617
4.32098 5.24367 4.8251 2.81069 4.87546 5.5 4.33324 4.4 5.5 3.59823
5.42816 5.2803 5.38257 4.47951 5.43791 5.5 4.8856 4.95 5.5 4.72047
5.4679 4.33959 4.85479 5.03746 4.92696 4.4 5.45433 5.5 5.5 4.20914
5.5 4.88288 4.95 4.5884 5.49515 4.4 5.48828 4.95 5.5 4.81895
4.95 4.92283 5.47348 5.18846 4.95 4.4 4.95 5.5 4.95 5.40149
4.95 5.48429 5.5 5.24704 4.95 5.5 5.5 4.4 5.5 4.88334
5.5 5.5 4.4 5.29532 4.95 5.5 4.95 5.5 5.5 5.46085
5.5 5.5 4.95 5.36707 4.4 5.5 4.95 4.95 5.5 5.5
4.95 5.5 5.5 5.39709 5.5 4.95 5.5 5.5 5.5 5.5
5.5 4.95 5.5 5.5 5.5 5.5 4.95 5.5 5.5 5.5
5.5 5.5 5.5 5.5 4.95 4.95 5.5 5.5 5.5 5.5
5.5 5.5 5.5 5.5 5.5 5.5 5.5 4.95 4.95 5.5
5.5 5.5 5.5 5.5 5.5 4.95 5.5 5.5 5.5 5.5
5.5 5.5 5.5 5.5 5.5 5.5 5.5 5.5 5.5 5.5
5.5 5.5 5.5 5.5 5.5 5.5 5.5 5.5 5.5 5.5
5.5 5.5 5.5 5.5 5.5 5.5 5.5 5.5 5.5 5.5
5.5 5.5 5.5 5.5 5.5 5.5 5.5 5.5 5.5 5.5
5.5 5.5 5.5 5.5 5.5 5.5 5.5 5.5 5.5 5.5
