1.65 1.1 1.65 2.2 1.65 2.2 0.52067 2.09964 2.2 0.55
2.2 2.75 2.72183 2.50912 2.2 3.19194 1.62331 3.20235 3.3 1.1
2.75 3.85 3.29179 3.06122 2.2 3.74357 2.176 3.75494 3.85 2.10707
3.85 3.85 3.29686 3.15092 2.2 4.29534 2.72888 3.75767 4.95 2.67818
3.85 3.85 3.85 2.60295 2.2 4.29704 3.85 3.76027 4.95 2.69778
3.85 3.85 3.85 2.6058 1.65 4.86192 3.85 3.76295 4.4 2.72469
2.75 4.4 3.85 3.17887 1.65 3.75048 4.95 4.86577 3.85 2.72881
2.75 4.4 4.4 3.18136 1.1 4.3038 3.85 4.86842 4.95 3.28213
3.3 2.75 4.95 3.16344 3.3 3.21159 3.85 3.85 3.85 3.28489
3.85 4.4 4.4 3.72815 3.85 3.22065 3.85 3.85 4.4 3.28879
3.85 3.3 3.85 2.75 2.2 3.78623 3.3 3.85 3.3 3.3
4.4 3.3 4.95 4.38655 2.75 3.82699 3.85 3.3 4.4 3.3
5.5 4.95 5.5 4.95 3.85 4.4 2.75 4.4 3.85 3.3
5.5 4.95 5.5 5.5 5.5 5.5 4.95 3.85 4.4 4.95
5.5 5.5 5.5 5.5 4.95 4.95 4.4 5.5 5.5 5.5
5.5 5.5 5.5 5.5 4.95 5.5 5.5 5.5 5.5 5.5
5.5 5.5 5.5 5.5 5.5 5.5 5.5 5.5 5.5 5.5
5.5 5.5 5.5 5.5 5.5 5.5 5.5 5.5 5.5 5.5
5.5 5.5 5.5 5.5 5.5 5.5 5.5 5.5 5.5 5.5
5.5 5.5 5.5 5.5 5.5 5.5 5.5 5.5 5.5 5.5
5.5 5.5 5.5 5.5 5.5 5.5 5.5 5.5 5.5 5.5
