4.79099 4.4 5.38527 4.95 4.4 4.4 4.95 4.4 3.59565 4.95
4.79077 4.95 4.4 3.85 3.85 4.4 4.95 4.4 5.24564 3.3
4.24143 4.95 4.4 3.85 4.4 5.5 3.85 5.5 5.25398 4.95
5.34368 4.95 4.84081 5.5 4.4 5.5 4.4 4.4 4.4 4.4
4.95 4.4 4.92511 4.95 5.5 4.95 4.4 4.4 5.36735 4.95
5.5 4.4 5.5 4.4 4.95 4.95 4.4 4.4 4.9018 5.5
5.5 5.5 4.95 5.5 4.4 4.95 5.5 5.5 4.95 4.95
4.95 5.5 5.5 5.5 4.4 4.4 4.95 5.5 5.5 5.5
4.95 5.5 5.5 5.5 4.4 4.95 5.5 5.5 4.95 4.95
4.4 5.5 5.5 4.95 4.95 4.95 5.5 4.95 4.95 4.4
5.5 5.5 5.5 5.5 5.5 5.5 5.5 5.5 5.5 4.95
5.5 5.5 5.5 5.5 5.5 5.5 5.5 5.5 5.5 5.5
5.5 5.5 5.5 5.5 5.5 5.5 5.5 5.5 5.5 5.5
5.5 5.5 5.5 5.5 5.5 5.5 4.95453 5.5 4.71453 5.5
4.40275 2.65458 4.40127 3.85857 4.40296 4.40762 3.85362 4.40198 3.8534 5.5
4.40293 2.01912 3.30818 3.30737 3.95777 4.40473 3.85463 4.40174 3.85505 5.5
4.76068 2.97262 4.02055 4.27343 4.40256 4.95111 4.40213 4.80376 3.47508 5.5
4.40307 2.97574 4.95049 5.5 4.9506 5.01216 4.95227 4.95011 4.40377 5.5
4.40309 3.56142 4.95049 5.5 4.9506 5.5 4.98254 4.95011 4.40398 5.5
4.40309 3.56142 4.95049 5.5 4.9506 5.5 4.98254 4.95011 4.40398 5.5
4.40309 3.56142 4.95049 5.5 4.9506 5.5 4.98254 4.95011 4.40398 5.5
