2.2 1.65 2.2 1.65 1.47264 2.16866 1.1 1.1 1.65 0
2.75 2.75 2.75 3.3 0.55 3.27642 1.65 2.75 2.75 1.54574
3.85 3.85 3.3 3.85 0.55 3.8422 1.65 3.3 3.3 2.65779
3.85 4.4 3.3 3.85 1.03108 5.5 2.2 3.85 3.85 3.76694
4.4 3.85 3.3 3.3 1.04608 5.5 2.2 4.4 3.3 3.77006
4.95 3.85 2.75 3.3 2.15794 5.5 3.3 3.85 4.4 3.77369
3.85 2.75 3.3 3.3 2.74069 4.4 1.65 4.4 3.3 4.4
4.4 3.85 3.85 4.4 3.83474 3.85 2.75 2.75 4.4 2.2
3.3 2.2 3.85 2.75 4.36583 2.75 3.3 3.3 3.3 2.2
3.3 3.85 2.2 4.95 3.3 3.3 4.4 3.3 4.4 3.3
5.5 3.3 4.95 3.85 4.90042 3.85 3.3 2.2 2.75 3.3
5.5 4.4 4.95 4.95 5.5 4.95 3.85 4.95 5.5 2.75
5.5 5.5 5.5 5.5 5.5 4.95 3.85 4.95 4.95 5.5
5.5 5.5 5.5 5.5 5.5 5.5 5.5 5.5 5.5 5.5
5.5 5.5 5.5 5.5 5.5 5.5 5.5 5.5 5.5 5.5
5.5 5.5 5.5 5.5 5.5 5.5 5.5 5.5 5.5 5.5
5.5 5.5 5.5 5.5 5.5 5.5 5.5 5.5 5.5 5.5
5.5 5.5 5.5 5.5 5.5 5.5 5.5 5.5 5.5 5.5
5.5 5.5 5.5 5.5 5.5 5.5 5.5 5.5 5.5 5.5
5.5 4.96243 5.5 5.5 4.95019 4.54423 5.5 5.1427 4.96274 5.35515
4.93929 4.96113 3.8639 4.42728 2.77888 3.86689 5.5 4.6065 3.8791 4.96444
