1.65 1.1 0.55 2.2 1.05291 3.3 1.1 3.85 2.2 0
2.75 2.2 1.65 2.75 1.05486 3.85 1.1 4.4 3.3 0
3.3 2.2 3.85 2.75 1.6076 3.85 1.1 4.4 3.85 1.1
3.3 3.3 4.4 2.75 1.61038 4.4 2.75 4.4 3.85 1.65
3.3 3.3 4.4 2.75 2.17749 3.85 2.75 4.4 3.85 3.3
3.3 3.3 4.4 3.3 1.62999 4.4 3.3 3.85 3.3 3.3
2.2 2.2 4.4 2.2 3.3 4.95 3.3 4.95 3.3 2.75
2.75 2.75 3.85 3.3 2.2 4.4 2.2 3.3 3.3 3.85
3.3 4.4 4.4 3.85 4.4 3.85 4.95 2.2 3.3 2.75
3.3 3.3 2.75 2.2 2.2 4.95 2.75 3.85 4.4 3.3
2.2 4.4 3.3 3.85 4.4 3.85 2.75 2.75 3.85 2.75
4.95 2.75 4.95 4.4 3.85 4.4 3.85 5.5 4.4 3.85
4.4 4.95 5.5 4.95 4.4 4.4 3.3 5.5 4.95 4.95
5.5 4.95 5.5 4.95 4.95 4.95 4.4 5.5 4.95 4.95
4.95 5.5 5.5 5.5 4.95 5.5 4.4 5.5 5.5 4.4
4.95 5.5 5.5 5.5 5.5 5.5 5.5 5.5 5.5 5.5
5.5 5.5 5.5 5.5 5.5 5.5 5.5 5.5 5.5 5.5
5.5 5.5 5.5 5.5 5.5 5.5 5.5 5.5 5.5 5.5
5.5 5.5 5.5 5.5 5.5 5.5 5.5 5.5 5.5 5.5
5.5 5.5 5.5 5.5 5.5 5.5 5.5 5.5 5.5 5.5
5.5 5.5 5.5 5.5 5.5 5.5 5.5 5.5 5.5 5.5
