2.92287 5.40914 5.5 3.84272 3.2793 4.95 4.88135 5.5 5.5 5.5
5.12286 4.4 4.95 5.01461 4.19922 4.4 4.87403 3.85 5.5 4.95
4.57881 4.84194 4.4 4.48322 4.22 4.95 4.33168 4.95 5.5 4.95
4.58657 4.29309 4.4 4.52653 5.32031 5.5 4.88395 5.5 5.5 5.5
5.14731 2.64989 3.85 4.02961 5.32523 5.5 5.43983 4.95 4.95 4.95
4.4 4.88876 4.95 4.522 5.35224 4.95 5.47617 5.5 4.4 4.95
5.19038 5.45966 5.5 5.14236 4.84206 4.95 5.5 4.95 5.5 5.5
4.66445 4.95 5.5 5.20864 4.87788 5.5 4.95 4.95 4.95 5.5
4.66819 4.95 4.95 4.62473 5.47794 5.5 4.95 4.95 4.95 5.5
4.65067 4.4 5.5 5.24599 4.4 5.5 4.95 5.5 5.5 4.95
4.65967 4.95 4.95 5.276 5.5 5.5 4.95 5.5 5.5 5.5
5.24923 4.95 5.5 5.30022 5.5 5.5 5.5 5.5 5.5 5.5
5.29386 4.95 5.5 5.3278 5.5 4.95 5.5 5.5 5.5 5.5
5.34449 5.5 5.5 5.37266 5.5 5.5 5.5 5.5 5.5 5.5
5.36943 5.5 5.5 5.42323 5.5 5.5 4.95 5.5 5.5 5.5
5.44591 5.5 5.5 5.5 5.5 5.5 5.5 5.5 5.5 5.5
5.5 5.5 5.5 5.5 5.5 5.5 5.5 5.5 5.5 5.5
5.5 5.5 5.5 5.5 5.5 5.5 5.5 5.5 5.5 5.5
5.5 5.5 5.5 5.5 5.5 5.5 5.5 5.5 5.5 5.5
5.5 5.5 5.5 5.5 5.5 5.5 5.5 5.5 5.5 5.5
5.5 5.5 5.5 5.5 5.5 5.5 5.5 5.5 5.5 5.5
