3.52318 2.75 3.85 3.79492 2.51957 3.3 1.65 2.75 1.65 2.2
3.52566 3.12627 4.4 4.35546 2.75 4.4 2.2 4.4 3.3 2.2
4.62823 3.27008 3.85 3.81164 2.2 4.95 2.75 5.5 4.4 2.2
4.63137 3.82949 3.3 3.83764 2.2 4.95 2.75 5.5 4.4 2.2
4.63421 3.84526 3.3 3.85 1.65 4.4 3.85 4.95 3.85 2.75
4.4 3.3 2.75 3.3 2.75 4.4 3.3 4.95 3.85 2.75
3.3 4.4 3.3 2.95207 3.3 2.75 2.2 3.85 4.4 2.75
2.75 3.3 2.2 4.05422 1.65 2.75 3.3 4.4 3.3 2.75
2.75 4.4 2.75 4.07286 3.3 4.4 3.85 3.85 4.4 2.75
3.58256 2.2 1.65 4.67226 3.85 4.4 3.3 3.3 2.75 3.85
4.16847 2.75 4.4 3.3 4.95 3.85 3.85 3.3 4.4 4.95
5.31379 4.4 5.5 4.77561 4.4 4.4 4.95 4.95 4.95 4.4
5.34779 4.95 5.5 5.37152 4.95 5.5 3.85 4.95 4.95 5.5
5.38068 5.5 5.5 5.5 5.5 5.5 5.5 5.5 5.5 4.4
5.40509 4.95 5.5 5.5 5.5 5.5 5.5 5.5 5.5 5.5
5.47786 5.5 5.5 5.5 5.5 5.5 5.5 5.5 5.5 5.5
5.5 5.5 5.5 5.5 5.5 5.5 5.5 5.5 5.5 5.5
5.5 5.5 5.5 5.5 5.5 5.5 5.5 5.5 5.5 5.5
5.5 5.5 5.5 5.5 5.5 5.5 5.5 5.5 5.5 4.95
5.5 4.22344 4.95009 5.5 5.28981 4.08824 4.68793 5.02343 4.86792 4.41187
4.41599 3.86612 4.95009 4.37662 4.41355 3.86573 4.43166 3.38824 3.85274 4.64749
