1.65 2.2 1.46664 1.50169 2.61311 2.2 3.3 2.75 1.65 2.63202
1.65 2.2 2.56878 0.96702 2.75 3.3 3.3 2.75 2.2 3.18663
1.65 2.2 2.57096 0.98491 2.75 3.85 2.75 2.2 2.75 3.19239
1.65 1.65 2.2 2.09594 2.2 4.4 3.3 2.2 2.75 3.23683
1.65 1.65 1.65 2.10692 2.2 4.4 2.75 2.75 2.75 3.23937
2.2 1.53599 1.65 2.12252 2.2 4.4 2.75 2.75 2.75 3.79141
1.1 1.56 1.65 2.1549 2.1366 3.3 2.75 3.3 3.85 3.79724
3.85 2.1166 1.1 3.26373 2.13918 2.75 2.2 3.85 1.65 3.25285
3.3 3.21919 1.65 2.69995 3.82579 3.85 3.3 3.3 3.85 3.3
3.85 2.68173 2.2 3.26972 2.74562 3.3 1.65 3.3 3.85 3.26486
3.85 2.75 1.65 2.75 3.85 3.85 3.85 2.75 3.3 3.28375
4.4 2.75 4.39055 4.4 4.4 2.75 3.3 4.4 3.85 3.85
5.5 2.75 5.5 4.95 3.3 4.4 2.75 2.75 3.3 3.3
5.5 4.95 5.5 4.4 4.95 4.95 4.4 4.95 3.3 2.2
5.5 4.4 4.4 4.95 4.95 4.95 3.85 4.4 3.85 4.4
5.5 4.4 5.5 5.5 4.95 4.95 4.4 4.95 5.5 3.3
5.5 5.5 5.5 5.5 5.5 4.95 4.95 5.5 5.5 5.5
5.5 5.5 5.5 5.5 4.95 5.5 4.95 5.5 5.5 5.5
5.5 5.5 5.5 5.5 5.5 5.5 5.5 5.5 5.5 5.5
5.5 5.5 5.5 5.5 5.5 5.5 5.5 5.5 5.5 5.5
5.5 5.5 5.5 5.5 5.5 5.5 5.5 5.5 5.5 5.5
