1.65 1.65 1.65 2.2 1.1 0.55 0.55 2.2 2.2 1.1
2.75 1.65 2.2 3.85 1.05756 1.1 2.2 1.65 2.2 2.2
2.75 1.65 2.2 4.4 2.71072 2.2 2.75 1.1 2.75 2.2
2.75 1.65 2.75 4.4 3.26431 2.75 2.75 2.2 2.75 3.3
2.75 1.65 2.75 4.4 3.2679 2.75 3.3 1.65 2.75 3.85
2.75 1.1 2.2 4.4 3.27132 2.75 2.2 1.65 3.3 3.3
3.3 2.75 2.2 4.4 3.27472 2.2 3.3 2.2 4.95 3.3
3.3 2.75 2.2 2.75 3.27823 3.3 2.2 3.3 4.4 3.85
2.75 3.3 2.75 4.95 3.28339 1.65 4.4 2.2 4.95 3.3
4.4 2.75 2.2 2.75 3.3 2.2 2.75 3.85 4.4 3.3
4.4 3.3 3.83509 3.85 3.3 3.3 3.85 2.75 4.95 3.3
4.4 3.3 3.3 2.75 3.85 1.65 3.85 3.3 3.85 2.75
4.95 4.4 3.85 5.5 4.4 4.95 3.85 3.85 5.5 3.85
5.5 3.85 4.4 4.4 4.95 3.85 4.95 3.85 4.95 3.85
5.5 5.5 5.5 5.5 4.95 4.4 4.95 3.3 4.95 3.3
5.5 4.95 4.95 5.5 4.95 4.95 3.85 3.3 4.95 3.85
5.5 4.4 5.5 5.5 4.95 5.5 4.95 5.5 5.5 4.95
5.5 5.5 5.5 5.5 5.5 5.5 5.5 5.5 5.5 5.5
5.5 5.5 5.5 5.5 5.5 5.5 5.5 5.5 5.5 5.5
5.5 5.5 5.5 5.5 5.5 5.5 5.5 5.5 5.5 5.5
5.5 5.5 5.5 5.5 5.5 5.5 5.5 5.5 5.5 5.5
