2.2 2.2 3.3 2.08585 2.2 1.65 1.1 2.75 1.1 1.65
1.65 2.2 2.75 4.32461 1.65 1.65 3.8253 2.75 2.2 2.75
2.2 3.3 2.2 4.35585 1.1 2.75 3.27629 3.3 2.2 2.75
1.65 2.2 3.73317 3.82017 1.65 3.85 3.27682 2.75 3.3 2.75
1.65 2.75 4.4 4.39416 3.78368 3.3 2.72985 3.3 2.2 3.3
2.75 2.2 2.75 3.85 2.75 3.85 4.4 3.3 2.75 4.4
4.4 5.5 2.73035 2.75 3.85 4.4 4.4 3.85 4.95 3.85
3.85 4.4 4.4 4.95 4.95 4.95 4.4 3.85 2.2 5.5
3.85 3.85 3.85 4.95 4.4 3.85 5.5 4.4 3.85 4.95
4.95 4.4 4.95 4.95 4.4 3.85 4.95 3.3 4.4 4.4
4.95 3.3 5.5 5.5 3.85 5.5 5.5 4.95 4.4 4.4
5.5 3.85 5.5 4.95 4.95 5.5 5.5 4.4 4.95 5.5
5.5 4.95 5.5 5.5 5.5 5.5 5.5 5.5 5.5 5.5
5.5 5.5 4.95 5.5 5.5 5.5 5.5 5.5 5.5 5.5
5.5 5.5 5.5 5.5 5.5 5.5 4.5079 5.5 5.5 4.96318
5.5 5.5 5.5 5.5 5.31899 4.95038 4.80995 4.20561 5.5 4.95837
5.5 5.5 5.5 5.5 5.06582 4.95038 4.81137 4.42212 5.5 3.87386
4.41717 4.96691 4.95996 4.41188 5.08983 4.14511 4.73376 4.418 5.5 3.44727
3.86102 3.32794 4.95637 3.87016 3.67581 5.5 5.5 4.41438 5.38245 5.5
5.5 4.95562 5.5 5.5 4.47312 5.5 4.95 5.5 5.5 4.95
5.5 5.5 5.5 5.5 5.5 5.5 4.95 5.5 5.5 4.95
