3.85 4.95 3.83088 4.95 4.95 3.85 4.95 4.95 4.95 4.95
4.95 4.4 4.93026 3.85 4.95 5.5 4.95 5.5 4.95 4.95
4.4 5.5 4.93165 5.5 5.45076 5.5 5.5 4.95 4.4 3.85
4.95 4.95 5.48336 5.5 4.35119 5.5 4.4 4.4 3.85 4.95
4.95 4.95 5.48693 4.4 4.89947 4.95 4.4 5.5 5.5 4.95
4.95 4.95 4.38836 4.4 4.35107 4.4 4.95 4.95 4.4 5.5
4.95 4.95 4.39278 4.4 4.90073 4.4 5.5 4.4 5.5 5.5
5.5 4.95 4.94891 3.85 4.89915 5.5 4.95 4.95 4.4 5.5
5.5 4.95 5.5 4.95 5.44959 5.5 5.5 4.95 4.4 5.5
5.5 5.5 5.5 4.95 4.9047 4.95 4.95 4.95 4.95 5.5
5.5 5.5 4.4 4.4 5.48493 4.95 5.5 5.5 5.5 4.95
5.5 5.5 5.5 5.5 4.95 5.5 5.5 5.5 4.95 5.5
5.5 5.5 5.5 5.5 5.5 5.5 4.95 5.5 5.5 5.5
5.5 5.5 5.5 5.5 5.5 5.5 5.5 5.5 5.5 4.95
5.5 5.5 5.5 5.5 5.5 5.5 5.5 5.5 5.5 4.95
5.5 5.5 5.5 5.5 5.5 5.5 5.5 5.5 5.5 5.5
5.5 5.5 5.5 5.5 5.5 5.5 5.5 5.5 5.5 5.5
5.5 5.5 5.5 5.5 5.5 5.5 5.5 5.5 5.5 5.5
5.5 5.5 5.5 5.5 5.5 5.5 5.5 5.5 5.5 5.5
5.5 5.5 5.5 5.5 5.5 5.5 5.5 5.5 5.5 5.5
5.5 5.5 5.5 5.5 5.5 5.5 5.5 5.5 5.5 5.5
