1.1 1.65 1.54479 2.06776 1.65 1.1 1.65 1.1 3.3 1.65
2.2 2.13954 2.7352 2.6232 2.2 2.2 1.65 2.2 2.75 1.65
2.75 2.2 2.73704 3.18605 2.75 2.2 1.65 2.2 2.75 1.65
2.75 2.2 3.2898 3.2095 3.3 3.85 3.3 3.85 2.75 2.2
3.3 2.2 3.3 3.21792 3.3 4.95 3.85 3.85 2.75 2.2
3.3 2.2 2.75 3.24419 3.3 4.95 3.3 4.4 2.75 2.2
2.75 2.2 3.3 3.27789 3.3 4.4 3.85 3.85 3.85 1.65
2.75 1.65 3.3 2.18308 1.65 5.5 3.3 3.85 3.3 2.2
3.3 2.75 2.75 3.85 2.75 3.85 3.85 4.4 2.2 3.3
3.3 3.85 3.3 2.75 2.75 4.4 4.95 3.85 4.4 3.3
3.3 3.3 4.4 3.85 3.85 2.75 3.3 4.4 1.65 3.3
4.95 3.3 3.85 2.75 4.95 4.4 4.4 2.75 4.4 3.85
5.5 4.4 5.5 3.85 4.4 3.85 4.4 3.85 3.3 2.75
5.5 4.95 5.5 5.5 4.95 5.5 4.4 4.95 4.95 3.85
5.5 5.5 5.5 5.5 5.5 4.95 4.4 5.5 5.5 4.4
5.5 5.5 5.5 5.5 4.95 5.5 4.95 5.5 5.5 5.5
5.5 5.5 5.5 5.5 5.5 5.5 4.95 5.5 5.5 4.4
5.5 5.5 5.5 5.5 5.5 5.5 5.5 5.5 5.5 5.5
5.5 5.5 5.5 5.5 5.5 5.5 5.5 5.5 5.5 5.5
5.5 5.5 5.5 5.5 5.5 5.5 5.5 5.5 5.5 5.5
5.5 5.5 5.5 5.5 5.5 5.5 5.5 5.5 5.5 5.5
