5.5 4.95 3.70473 3.75211 4.87837 5.40344 4.8215 4.95 4.36958 4.95
3.3 4.93544 4.77505 4.36424 3.85 4.87793 4.82104 4.95 4.36855 4.4
4.95 4.93531 5.35612 4.87437 5.42787 3.77787 4.30055 4.95 5.5 5.5
4.4 4.4 5.35661 3.78046 3.82554 5.42704 4.8771 4.4 4.95 5.5
4.95 3.85 5.36118 5.49472 5.48164 4.34301 4.89383 5.5 3.3 4.4
4.4 4.95 5.39218 4.95 5.5 4.95 3.85 5.5 4.4 4.95
5.5 5.5 5.43246 4.95 5.5 5.49662 5.5 4.95 5.5 5.5
5.5 4.95 5.48149 5.5 5.5 5.5 4.95 4.95 5.5 5.5
4.95 5.5 4.95 3.3 5.5 5.5 5.5 4.95 4.4 5.5
4.95 4.95 4.95 5.5 5.5 5.5 4.95 4.95 4.4 5.5
5.5 5.5 5.5 5.5 5.5 5.5 5.5 4.95 5.5 5.5
5.5 5.5 5.5 5.5 5.5 5.5 5.5 5.5 5.5 5.5
5.5 5.5 5.5 5.5 5.5 5.5 5.5 5.5 5.5 5.5
5.5 5.5 5.5 5.5 5.5 5.5 5.5 5.5 5.5 5.5
5.5 5.5 5.5 5.5 5.5 5.5 5.5 5.5 5.5 5.5
5.5 5.5 5.5 5.5 5.5 5.5 5.5 5.5 5.5 5.5
5.5 5.5 5.5 5.5 5.5 5.5 5.5 5.5 5.5 5.5
5.5 5.5 5.5 5.5 5.5 5.5 5.5 5.5 5.5 5.5
5.5 5.5 5.5 5.5 5.5 5.5 5.5 5.5 5.5 5.5
5.5 5.5 5.5 5.5 5.5 5.5 5.5 5.5 5.5 5.5
5.5 5.5 5.5 5.5 5.5 5.5 5.5 5.5 5.5 5.5
