4.36863 2.75 2.2 2.75 2.0595 2.2 2.67224 2.75 3.3 1.65
2.71865 3.83168 3.20965 2.75 2.61195 2.75 3.3 2.75 3.3 2.2
3.81925 3.85 2.75 3.2692 2.61261 4.95 2.75 3.3 3.85 2.75
4.91955 4.4 3.27306 3.3 2.15349 3.85 3.85 3.85 4.95 3.85
4.85755 4.4 4.348 3.85 2.18154 4.4 3.28199 3.85 4.4 3.3
4.38328 4.39115 4.94872 4.4 3.73663 3.85 3.83434 4.4 3.85 2.75
5.5 3.85 4.4 3.85 4.4 3.3 4.4 2.75 3.3 3.26197
5.5 4.95 3.85 4.4 4.95 1.65 3.85 3.3 4.95 3.85
4.95 4.4 5.5 4.4 5.5 3.85 4.4 4.4 4.95 4.4
5.5 4.95 4.95 4.95 5.5 4.95 4.4 5.5 4.95 4.95
5.5 4.95 4.95 5.5 5.5 5.5 5.5 4.95 4.95 5.5
5.5 5.5 5.5 5.5 5.5 5.5 5.5 4.95 5.5 5.5
5.5 5.5 5.5 5.5 5.5 5.5 5.5 4.95 5.5 5.5
5.5 5.5 5.5 5.5 5.5 5.5 5.5 5.5 5.5 5.5
5.5 5.5 5.5 5.5 5.5 5.29059 5.5 5.5 5.5 5.5
5.5 5.5 4.95038 5.5 5.5 5.29064 5.5 5.5 5.5 5.5
4.95071 5.5 4.95038 5.5 5.5 5.29064 4.44489 5.5 4.95 5.5
3.85241 4.41383 4.40066 5.07093 5.5 5.29063 4.87466 4.96107 4.81442 4.96548
3.74369 3.8633 3.85326 4.95043 4.40378 5.29052 5.5 4.95716 3.96799 5.5
4.40197 4.98574 5.5 5.5 4.95356 5.5 5.5 4.95811 4.40062 5.5
5.5 5.5 5.5 5.5 5.5 5.5 5.5 5.5 5.5 5.5
