1.65 1.1 0.55 2.2 1.61264 0.55 2.75 1.65 2.18 1.1
2.91732 1.5304 2.2 3.3 2.16535 0.55 3.3 2.75 3.28192 0.55
3.47094 1.53222 3.85 3.3 2.1683 2.75 3.3 3.85 3.83388 1.65
3.47675 2.08662 3.85 3.66389 2.75 3.85 3.3 3.85 3.85 1.65
4.03371 2.09873 3.85 3.1163 2.75 3.85 2.75 3.85 4.4 2.2
4.03921 2.65234 3.85 3.19888 2.75 4.4 2.2 3.85 4.95 2.75
4.04529 2.10482 3.85 3.21216 2.75 2.75 2.75 3.3 3.3 2.2
3.50145 3.20906 3.3 3.77496 2.75 3.3 1.65 3.85 3.3 4.95
2.40999 3.21246 3.85 3.23232 2.75 3.85 3.85 2.75 3.3 2.75
4.07994 2.66944 3.3 2.75 3.85 3.85 2.75 4.4 4.4 4.4
3.54144 2.75 1.1 5.19539 3.85 2.75 4.95 3.85 4.4 3.85
2.45672 4.4 3.85 2.51396 2.2 4.4 3.85 3.85 4.4 4.4
5.22472 3.85 4.95 5.24901 4.9124 5.5 4.4 3.85 4.95 5.5
5.24446 4.95 5.5 4.75485 4.95 4.95 3.85 4.4 3.85 4.95
5.27162 5.5 5.5 5.32639 4.95 4.95 4.95 5.5 5.5 4.95
5.31326 4.95 5.5 5.41995 4.95 4.95 5.5 4.95 5.5 5.5
5.35961 5.5 5.5 5.40519 4.95 5.5 5.5 5.5 5.5 4.95
5.39668 5.5 5.5 5.5 5.5 5.5 5.5 5.5 5.5 5.5
5.5 5.5 5.5 5.5 5.5 5.5 5.5 5.5 5.5 5.5
5.5 5.5 5.5 5.5 5.5 5.5 5.5 5.5 5.5 5.5
5.5 5.5 5.5 5.5 5.5 5.5 5.5 5.5 5.5 5.5
