4.4 4.95 4.88112 5.5 4.95 4.95 4.95 4.4 4.95 4.95
5.5 4.95 4.90396 4.95 5.5 4.95 4.95 3.3 5.5 3.85
5.5 4.4 5.45302 4.95 4.4 4.95 4.4 4.95 4.95 4.95
5.5 4.4 5.45702 4.95 4.95 4.4 3.3 4.95 4.4 4.4
5.5 5.5 5.49853 5.5 5.5 5.5 5.5 5.5 4.4 5.5
5.5 5.5 4.95 4.95 3.85 4.95 5.5 4.95 5.5 5.5
5.5 5.5 4.4 4.4 4.95 5.5 4.95 4.95 5.5 5.5
5.5 5.5 5.5 5.5 4.4 5.5 4.4 5.5 5.5 4.95
5.5 5.5 4.95 5.5 4.4 5.5 4.95 4.95 5.5 3.85
5.5 4.95 4.95 5.5 5.5 5.5 5.5 5.5 5.5 4.95
5.5 4.95 4.95 5.5 5.5 5.5 5.5 5.5 4.95 4.95
5.5 5.5 5.5 5.5 5.5 5.5 5.5 5.5 5.5 4.4
5.5 4.95 5.5 5.5 5.5 5.5 5.5 5.5 5.5 5.5
5.5 5.5 5.5 5.5 5.5 5.5 5.5 5.5 5.5 5.5
5.5 5.5 5.5 5.5 5.5 5.5 5.5 5.5 5.5 5.5
5.5 5.5 5.5 5.5 5.5 4.95139 5.5 5.5 4.73787 5.5
3.90235 5.5 4.67592 5.5 4.95089 5.04376 5.5 5.5 4.95061 5.5
4.01468 5.5 4.57884 4.47732 5.00778 4.24687 5.5 5.5 5.09049 5.5
4.4021 5.5 4.63205 4.53957 5.27504 4.88388 5.5 5.5 5.14878 5.5
4.40163 5.5 4.63182 4.51317 5.5 4.88388 5.5 5.5 5.14878 5.5
4.40163 5.5 4.63182 4.51317 5.5 4.88388 5.5 5.5 5.14878 5.5
