4.68314 4.63485 3.11188 4.1671 4.27313 5.45057 4.4 3.3 3.85 4.95698
5.23133 4.62965 5.23797 4.97242 5.37249 5.46181 4.74704 4.95 4.95 4.35646
4.33365 4.4 5.31249 4.38044 4.82375 4.4 4.1972 5.5 4.95 4.12469
4.68201 5.21203 4.21476 3.88582 4.29123 5.46682 4.19753 5.5 5.5 5.03827
4.68636 5.22775 4.22325 5.05758 5.3994 4.95 4.75078 5.5 5.5 4.52031
4.38496 3.63104 4.79414 5.07224 4.32341 4.95 5.3159 5.5 4.95 5.08542
4.95 5.35735 5.37656 4.05502 5.48403 5.5 5.34704 5.5 5.5 5.17542
5.38943 4.86427 5.41522 5.22338 3.85 5.5 4.83355 5.5 4.95 4.16181
5.43184 5.46725 5.45514 5.3025 5.5 5.5 4.86882 4.95 5.5 5.31667
4.91466 5.48904 5.489 5.35976 4.95 5.5 5.45147 5.5 4.95 4.83646
5.5 5.5 4.95 5.33075 5.5 4.95 5.5 5.5 5.5 5.4488
5.5 5.5 5.5 5.5 5.5 5.5 5.5 5.5 5.5 5.49797
5.5 5.5 5.5 5.5 5.5 5.5 5.5 5.5 5.5 5.5
5.5 5.5 5.5 5.5 5.5 5.5 5.5 5.5 5.5 5.5
5.5 5.5 5.5 5.5 5.5 5.5 5.5 5.5 5.5 5.5
5.5 5.5 5.5 5.5 5.5 5.5 5.5 5.5 5.5 5.5
5.5 5.5 5.5 5.5 5.5 5.5 5.5 5.5 5.5 5.5
5.5 5.5 5.5 5.5 5.5 5.5 5.5 5.5 5.5 5.5
5.5 5.5 5.5 5.5 5.5 5.5 5.5 5.5 5.5 5.5
5.5 5.5 5.5 5.5 5.5 5.5 5.5 5.5 5.5 5.5
5.5 5.5 5.5 5.5 5.5 5.5 5.5 5.5 5.5 5.5
