0 0.55 1.65 1.1 1.65 1.52126 2.75 0 0.17835 1.08452
1.41645 2.2 1.65 2.2 2.2 2.02545 2.75 0.55 1.28046 1.64072
1.42904 2.2 2.75 2.2 2.2 2.06636 3.3 0.55 1.8326 2.19808
1.99187 2.2 2.75 2.2 2.2 1.61626 3.3 2.2 1.65 2.75
2.00376 2.2 2.75 2.2 1.65 1.63013 3.3 2.75 2.2 2.75
2.02554 2.2 2.75 1.65 1.65 2.73484 3.3 3.3 2.2 2.75
3.1434 2.75 2.2 0.55 2.75 2.73741 2.75 3.3 2.75 2.2
4.26469 2.75 2.75 2.2 1.65 3.29338 1.65 3.3 2.75 2.2
2.59772 2.75 1.1 2.2 1.65 3.29653 3.3 2.2 1.65 2.2
3.17854 3.85 4.4 3.85 3.85 3.3 2.2 3.3 2.75 3.3
3.85 4.4 2.75 2.75 2.75 2.75 3.3 3.85 3.85 3.3
3.3 4.4 3.85 4.4 4.4 3.3 2.75 4.4 4.20608 3.85
4.95 4.4 4.95 3.3 4.95 2.75 3.85 2.75 4.82933 2.2
5.5 4.95 4.95 4.95 4.4 4.4 2.2 4.4 4.36833 3.85
5.5 5.5 5.5 5.5 5.5 3.85 3.3 3.85 4.95 2.75
5.5 5.5 5.5 5.5 5.5 4.95 4.95 3.85 4.95 5.5
5.5 5.5 5.5 5.5 5.5 4.95 5.5 5.5 5.5 5.5
5.5 5.5 5.5 5.5 5.5 5.5 5.5 5.5 5.5 5.5
5.5 5.5 5.5 5.5 5.5 5.5 5.5 5.5 5.5 5.5
5.5 5.5 5.5 5.5 5.5 5.5 5.5 5.5 5.5 5.5
5.5 5.5 5.5 5.5 5.5 5.5 5.5 5.5 5.5 5.5
