4.95 4.95 4.4 4.95 4.32639 4.4 5.5 4.4 5.5 4.95
3.85 4.4 5.47657 3.85 4.87639 4.95 3.3 4.95 4.95 4.4
5.5 3.85 4.9267 5.5 3.77648 4.4 5.5 3.85 4.95 5.5
4.95 4.95 4.92714 5.5 4.87701 4.4 5.5 4.95 5.5 4.4
4.95 4.4 4.9326 4.95 4.88194 4.95 4.4 4.4 4.95 4.95
4.95 4.95 4.95 4.95 5.45407 4.95 5.5 5.5 4.95 4.95
4.95 4.95 4.95 5.5 5.49781 4.95 4.4 4.95 4.4 5.5
5.5 5.5 5.5 5.5 5.5 5.5 4.4 4.95 5.5 4.4
5.5 4.4 5.5 5.5 5.5 5.5 4.4 5.5 4.95 4.95
5.5 5.5 5.5 5.5 5.5 5.5 5.5 5.5 5.5 4.95
4.95 4.95 5.5 4.4 5.5 5.5 4.95 4.95 5.5 5.5
5.5 5.5 5.5 4.95 5.5 5.5 4.4 4.95 4.4 5.5
5.5 4.4 5.5 5.5 5.5 5.5 5.5 5.5 5.5 4.95
5.5 5.5 5.5 5.5 5.5 5.5 4.4 5.5 4.95 5.5
5.5 4.95 5.5 5.5 5.5 4.95 4.95 5.5 5.5 4.95
5.5 5.5 5.5 5.5 5.5 5.5 4.95 4.95 5.5 4.95
5.5 5.5 5.5 5.5 5.5 5.5 5.5 5.5 5.5 5.5
5.5 5.5 5.5 5.5 5.5 5.5 5.5 5.5 5.5 5.5
5.5 5.5 5.5 5.5 5.5 5.5 5.5 5.5 5.5 5.5
5.5 5.5 5.5 5.5 5.5 5.5 5.5 5.5 5.5 5.5
5.5 5.5 5.5 5.5 5.5 5.5 5.5 5.5 5.5 5.5
