2.75 1.65 1.1 0 1.1 1.65 0.55 1.65 1.65 0.44022
3.3 2.2 2.75 0.39812 2.2 2.2 1.1 3.3 2.75 0.99259
3.85 3.3 2.75 2.60639 2.75 3.3 1.64916 3.3 2.2 1.1
3.85 3.85 3.21278 3.17085 3.3 3.85 2.2 3.85 2.75 1.65
3.3 3.85 3.22818 3.18099 3.3 3.85 2.2 3.85 3.3 1.65
3.3 3.3 3.23342 3.18939 3.3 3.85 1.65 3.85 3.3 1.65
3.3 3.85 3.24243 3.2212 3.85 3.85 2.2 3.85 3.85 2.2
3.85 2.75 4.34444 2.68042 2.75 3.3 3.3 4.4 3.85 2.75
2.75 2.2 2.6983 2.14469 3.85 2.75 3.3 3.85 4.4 2.75
3.85 3.19084 3.83663 2.75 2.75 3.3 2.75 4.95 3.3 2.75
1.65 2.2 2.75 1.65 2.75 2.2 3.85 3.3 3.3 3.3
4.4 3.3 3.85 4.93758 3.3 3.85 3.85 4.95 4.4 2.75
4.95 4.4 4.95 4.95 3.3 3.85 4.4 4.4 1.65 3.85
4.4 4.95 5.5 5.5 3.85 4.95 4.95 4.95 4.4 2.75
4.95 4.95 5.5 5.5 5.5 4.95 4.4 5.5 3.3 4.95
5.5 5.5 5.5 5.5 5.5 5.5 4.4 5.5 4.95 4.95
5.5 5.5 5.5 5.5 5.5 4.95 5.5 5.5 5.5 5.5
5.5 5.5 5.5 5.5 5.5 5.5 5.5 5.5 5.5 5.5
5.5 5.5 5.5 5.5 5.5 5.5 5.5 5.5 5.5 5.5
5.5 5.5 5.5 5.5 5.5 5.5 5.5 5.5 5.5 5.5
5.5 5.5 5.5 5.5 5.5 5.5 5.5 5.5 5.5 5.5
