1.65 2.2 0.55 1.1 1.1 1.64635 2.16308 2.2 3.85 1.65
2.96235 2.14353 1.65 2.65551 0.55 4.39852 2.16545 2.75 3.85 2.75
2.98366 2.14626 2.75 3.20787 0.55 4.4 3.3 4.4 3.85 2.2
2.97197 3.26434 3.3 3.20998 1.1 3.85 2.75 4.95 4.95 2.75
3.52802 3.81793 3.85 3.21177 1.1 3.85 2.2 4.95 4.95 3.85
3.53374 4.369 3.85 3.26942 1.1 3.85 2.2 5.5 4.4 4.4
3.53927 4.92169 3.85 3.81126 1.1 3.85 2.2 3.85 3.85 3.85
1.89468 3.82558 2.75 4.36844 2.75 2.75 1.65 3.85 3.3 2.2
4.66318 4.37915 2.75 1.65 3.85 3.3 3.3 2.2 2.75 3.85
3.02043 3.3 3.3 4.95 2.75 3.3 2.75 3.3 3.85 3.85
5.26293 3.85 3.85 2.46094 3.3 4.4 2.75 4.4 2.75 3.85
4.21166 3.3 3.85 4.68922 3.85 3.85 2.75 4.4 4.4 4.4
4.77951 3.3 4.95 5.27882 5.5 3.85 3.85 3.3 4.4 4.95
5.34747 5.5 5.5 5.27861 4.95 4.95 4.4 3.85 4.95 4.95
5.36749 4.4 5.5 5.36732 5.5 4.95 4.4 5.5 5.5 4.95
5.39446 4.95 5.5 5.44649 5.5 5.5 4.95 5.5 4.95 5.5
5.41678 5.5 5.5 5.42446 5.5 5.5 5.5 5.5 5.5 5.5
5.5 5.5 5.5 5.5 5.5 5.5 5.5 5.5 5.5 5.5
5.5 5.5 5.5 5.5 5.5 5.5 5.5 5.5 5.5 5.5
5.5 5.5 5.5 5.5 5.5 5.5 5.5 5.5 5.5 5.5
5.5 5.5 5.5 5.5 5.5 5.5 5.5 5.5 5.5 5.5
