0.55 1.6098 1.09209 2.10151 2.75 1.1 1.65 1.65 2.2 0.55
1.65 1.1 0.55 2.11051 1.1 2.75 1.1 2.75 2.2 1.65
2.2 1.65 1.1 2.12143 1.65 3.85 1.1 3.3 3.3 2.2
2.2 1.65 1.65 2.65498 1.65 4.4 1.65 4.4 3.85 2.2
2.75 2.2 2.2 2.66912 1.65 5.5 1.65 4.4 3.85 2.75
3.3 2.75 1.65 2.71391 1.65 5.5 2.2 4.95 3.85 2.2
3.85 3.3 1.65 3.26858 1.65 4.4 2.75 4.4 3.3 3.3
3.3 4.95 2.75 1.64678 2.75 4.4 3.85 4.95 3.85 2.2
3.3 3.85 3.3 4.4 2.68611 5.5 3.3 1.65 3.85 3.3
4.4 3.3 1.65 3.3 3.80421 3.3 3.85 4.4 4.4 4.4
3.3 3.85 3.85 2.75 4.4 4.95 2.75 2.75 3.85 3.85
4.4 4.4 3.85 3.85 4.4 2.2 4.4 4.4 3.85 3.85
4.95 5.5 4.95 5.5 4.95 4.4 3.85 4.95 5.5 4.95
5.5 5.5 4.95 5.5 4.95 4.95 4.95 5.5 4.4 4.4
5.5 5.5 5.5 5.5 5.5 5.5 4.4 4.95 5.5 5.5
5.5 5.5 5.5 5.5 5.5 5.5 4.95 5.5 5.5 5.5
5.5 5.5 5.5 5.5 5.5 5.5 5.5 5.5 5.5 5.5
5.5 5.5 5.5 5.5 5.5 5.5 5.5 5.5 5.5 5.5
5.5 5.5 5.5 5.5 5.5 5.5 5.5 5.5 5.5 5.5
5.5 5.5 5.5 5.5 5.5 5.5 5.5 5.5 5.5 5.5
5.5 5.5 5.5 5.5 5.5 5.5 5.5 5.5 5.5 5.5
