4.95 4.95 4.85173 3.85 4.4 4.95 4.95 5.5 4.4 4.4
4.4 4.95 5.402 4.4 4.4 5.5 4.4 4.95 4.4 5.5
5.5 4.4 4.4 4.4 5.5 4.4 5.5 4.95 5.5 3.3
4.95 5.5 4.4 4.95 5.5 4.4 4.4 4.95 4.95 4.95
4.4 5.5 4.34991 4.95 5.5 5.5 5.5 4.4 4.4 4.95
5.5 5.5 5.5 4.95 5.5 5.5 4.95 4.4 5.5 4.4
4.95 5.5 4.95 4.95 5.5 5.5 5.5 5.5 5.5 4.4
5.5 4.95 5.5 5.5 5.5 5.5 5.5 4.95 5.5 4.95
5.5 5.5 5.5 4.95 5.5 4.95 4.95 4.95 5.5 5.5
5.5 5.5 5.5 5.5 5.5 5.5 4.95 4.95 5.5 5.5
5.5 4.4 5.5 5.5 4.95 5.5 4.95 5.5 4.4 5.5
5.5 5.5 5.5 5.5 4.95 5.5 4.4 4.95 5.5 4.95
5.5 4.95 5.5 5.5 5.5 5.5 5.5 5.5 5.5 5.5
5.5 5.5 5.5 5.5 5.5 5.5 5.5 5.5 5.5 5.5
5.5 5.5 5.5 5.5 5.5 5.5 5.5 5.5 5.5 5.5
5.5 5.5 5.5 5.5 5.5 5.5 4.83473 5.5 5.5 4.40108
4.95169 3.85267 5.00373 5.13487 5.11657 4.54659 4.95004 5.01382 5.5 4.98695
4.95065 3.75549 4.81125 4.53702 4.09071 4.61188 4.95109 5.2075 5.5 4.94981
4.75725 4.54897 4.86478 4.62791 4.28507 4.95082 4.95104 5.07495 5.5 4.95015
5.16455 4.6229 4.85282 4.61222 4.2344 4.95077 4.95104 5.33986 5.5 4.95015
5.16455 4.6229 4.85282 4.61222 4.2344 4.95077 4.95104 5.33986 5.5 4.95015
