1.1 1.1 2.75 1.1 3.3 2.2 2.75 0.55 1.28136 0.5093
0.55 1.65 3.3 1.1 2.2 2.75 2.75 1.65 1.2834 1.61233
1.1 2.2 3.3 1.1 2.2 2.75 3.85 2.2 1.28551 1.61481
2.55616 1.65 2.75 1.64888 2.75 2.75 3.85 3.85 2.43608 2.16749
2.01731 1.65 2.2 2.2 2.75 1.65 3.85 3.85 1.88816 2.75
3.13652 2.2 2.2 2.2 2.75 1.65 4.4 3.3 1.94393 1.62177
3.14196 3.3 2.2 2.2 3.85 1.65 4.4 3.3 3.06841 2.75
3.13388 2.2 2.75 2.75 4.95 2.75 3.3 3.3 1.96068 2.75
3.13617 3.3 2.2 3.3 2.75 2.2 3.3 3.3 1.9749 3.85
3.85 3.3 3.3 3.85 4.4 3.85 3.85 2.2 1.97199 3.85
2.75 3.85 3.8443 2.75 2.2 3.85 4.4 3.85 4.73364 3.85
3.79264 2.75 4.4 4.95 2.75 3.85 3.85 2.75 2.2 4.4
4.4 4.95 5.5 3.85 3.85 3.85 4.4 3.85 2.75 4.4
4.95 4.95 5.5 5.5 4.4 4.4 4.95 4.95 3.28159 4.4
5.5 4.95 5.5 4.95 4.95 4.95 4.95 3.85 4.4 3.85
5.5 4.95 5.5 4.95 4.4 5.5 5.5 5.5 4.4 4.95
5.5 5.5 5.5 4.95 5.5 5.5 5.5 4.95 5.5 4.95
5.5 5.5 5.5 5.5 5.5 5.5 5.5 5.5 5.5 4.95
5.5 5.5 5.5 5.5 5.5 5.5 5.5 5.5 5.5 5.5
5.5 5.5 5.5 5.5 5.5 5.5 5.5 5.5 5.5 5.5
5.5 5.5 5.5 5.5 5.5 5.5 5.5 5.5 5.5 5.5
