1.1 3.3 3.83145 2.19244 2.686 2.2 3.85 3.3 2.2 3.3
1.65 2.75 1.64788 2.19435 2.68887 2.75 4.4 4.4 2.75 1.65
2.75 3.3 1.65 1.64655 2.2 3.3 4.4 4.4 2.75 2.2
2.75 3.3 1.65 1.1 2.75 4.4 4.4 4.4 3.85 3.3
3.3 3.3 1.65 1.1 2.2 4.4 4.4 4.4 3.85 3.85
3.85 2.75 1.65 1.65 2.2 3.3 3.3 4.4 4.4 3.85
3.85 2.75 2.2 1.65 2.2 3.3 4.4 4.4 4.4 3.85
4.4 2.75 3.3 2.75 2.2 3.3 4.95 4.95 3.3 4.4
3.3 3.3 2.2 3.85 3.84009 3.3 3.85 2.2 4.95 2.75
3.3 4.4 1.65 2.2 2.2 3.85 3.85 5.5 3.3 4.4
3.3 3.3 4.95 2.75 3.85 4.4 3.3 2.75 4.4 3.3
3.3 4.95 3.3 3.3 2.75 4.4 3.85 4.4 3.85 3.3
4.4 4.95 4.4 4.95 4.4 4.95 3.3 3.85 4.4 4.4
5.5 5.5 5.5 5.5 3.85 4.4 4.4 5.5 4.95 3.85
5.5 4.95 5.5 5.5 4.95 5.5 5.5 4.95 4.4 4.4
5.5 5.5 5.5 5.5 4.95 5.5 5.5 5.5 5.5 4.95
5.5 5.5 5.5 5.5 4.95 5.5 5.5 5.5 5.5 4.95
5.5 5.5 5.5 5.5 5.5 5.5 5.5 5.5 5.5 5.5
5.5 5.5 5.5 5.5 5.5 5.5 5.5 5.5 5.5 5.5
5.5 5.5 5.5 5.5 5.5 5.5 5.5 5.5 5.5 5.5
5.5 5.5 5.5 5.5 5.5 5.5 5.5 5.5 5.5 5.5
