0 0.55 1.1 1.1 1.65 1.1 2.75 0.55 1.35498 0.55
0 2.18009 2.75 1.65 1.1 1.1 3.3 0.55 1.90775 0.55
0 3.28319 1.65 2.2 1.65 1.65 3.3 1.65 1.91207 1.65
0 3.28684 1.65 2.75 2.2 1.65 3.3 2.2 1.92632 2.2
0 3.29268 2.0961 3.3 2.75 1.65 3.3 2.2 1.9585 2.2
1.1 3.8461 3.24881 2.2 3.3 2.2 3.3 2.2 1.99618 2.2
2.75 2.72674 2.1725 3.3 3.3 1.65 2.75 3.3 1.99858 3.3
2.75 2.73054 3.25838 3.3 2.2 2.75 2.75 3.85 4.19935 2.75
4.4 3.3 3.84602 4.4 3.85 2.75 4.4 1.65 3.65283 2.2
2.2 3.3 3.85 2.2 3.3 3.3 3.85 3.85 4.19263 3.85
4.78373 3.85 4.4 4.4 3.85 3.85 4.4 1.65 4.21103 3.3
4.86339 3.85 5.5 4.4 3.85 3.3 2.75 3.3 2.75 3.85
5.4978 5.5 5.5 5.5 4.95 3.85 4.4 3.85 4.95 4.95
5.5 4.95 5.5 5.5 4.95 4.4 4.95 5.5 5.5 5.5
5.5 4.4 5.5 5.5 5.5 4.95 4.95 5.5 5.5 4.95
5.5 4.95 5.5 5.5 5.5 5.5 5.5 5.5 5.5 5.5
5.5 5.5 5.5 5.5 5.5 5.5 5.5 5.5 5.5 5.5
5.5 5.5 5.5 5.5 5.5 5.5 5.5 5.5 5.5 5.5
5.5 5.5 5.5 5.5 5.5 5.5 5.5 5.5 5.5 5.0213
5.5 4.41292 5.5 4.96959 4.64375 4.58079 3.15777 5.5 3.75467 4.4817
5.44728 4.41392 4.96609 4.41303 4.37925 4.42767 2.41342 5.5 3.34128 4.48226
