4.13485 4.88168 4.26338 4.82296 4.4 4.38201 5.5 4.4 4.06149 4.92844
4.68486 4.348 4.81337 3.72369 3.85 4.38202 4.4 4.4 5.17449 4.92842
4.15621 4.95 5.36356 5.38019 4.95 4.93234 5.5 5.5 5.1738 3.3
4.4 4.89189 5.364 4.30784 5.5 5.48398 4.4 5.5 4.62854 5.48416
4.75341 5.5 3.74642 5.45234 5.5 4.4 4.95 3.85 3.85 5.5
4.82931 5.5 5.47005 5.5 5.5 5.5 5.5 4.95 4.72887 4.95
4.33339 5.5 5.5 5.5 3.85 4.95 4.4 4.4 4.7993 4.95
4.95 5.5 4.95 4.95 4.95 4.95 4.95 5.5 4.83548 5.5
5.5 5.5 4.95 5.5 5.5 4.4 5.5 4.95 5.41715 4.95
5.5 5.5 5.5 5.5 4.95 4.95 4.95 4.95 4.89153 4.4
5.5 5.5 5.5 5.5 5.5 5.5 4.4 4.4 5.48403 4.95
5.5 5.5 5.5 5.5 5.5 5.5 5.5 5.5 4.4 4.95
5.5 5.5 5.5 5.5 5.5 5.5 5.5 5.5 5.5 5.5
5.5 5.5 5.5 5.5 5.5 5.5 5.5 5.5 5.5 5.5
5.5 5.5 5.5 5.5 5.5 5.5 5.5 5.5 5.5 5.5
5.5 5.5 5.5 5.5 5.5 5.5 5.5 5.5 4.95115 5.5
5.5 5.02685 5.06444 4.4009 4.95008 5.23482 4.95027 5.09695 4.95046 5.5
4.95014 4.15005 4.6545 4.40235 4.14849 5.45144 4.95058 5.5 4.95072 5.5
5.00057 4.87586 4.51875 4.4027 4.37168 5.1627 5.06813 5.5 4.95132 5.5
4.95019 4.87795 4.52577 4.40253 4.34191 5.15837 5.06813 5.5 4.95132 5.5
4.95019 4.87795 4.52577 4.40253 4.34191 5.15837 5.06813 5.5 4.95132 5.5
