4.95 4.95 4.95 2.75 5.3469 4.4 4.38226 5.5 5.5 4.4
4.59507 3.3 4.4 4.0241 4.79691 4.4 4.93227 4.95 3.3 3.85
4.02094 4.4 4.95 4.45933 4.24693 4.95 4.38228 5.5 4.95 4.95
4.59574 4.30199 4.4 4.34122 4.80648 4.4 5.48211 5.5 5.5 4.95
5.14443 4.85167 4.4 5.11075 3.69705 3.85 4.4 4.95 3.3 3.85
5.14598 4.85186 5.5 5.11492 4.25665 5.5 5.5 4.95 5.5 5.5
5.14647 4.32014 4.95 5.12909 3.69737 4.95 4.4 5.5 4.95 4.95
5.14779 4.30195 4.95 4.59375 5.35731 4.95 4.4 4.95 5.5 5.5
5.12989 4.87075 5.5 5.13576 4.4 5.5 4.95 4.4 5.5 4.4
4.03978 5.42276 5.5 5.16152 4.8137 5.5 4.4 5.5 5.5 4.95
5.17504 5.43433 4.4 4.60628 4.81283 5.5 5.5 4.4 4.95 5.5
5.20366 5.475 5.5 5.1796 5.40091 5.5 5.5 5.5 5.5 4.95
5.22834 5.5 5.5 5.22966 5.45251 5.5 5.5 5.5 5.5 5.5
5.24196 5.5 5.5 5.2752 5.5 5.5 5.5 5.5 5.5 5.5
5.24934 5.5 5.5 5.33046 5.5 5.5 5.5 5.5 5.5 5.5
5.25737 5.5 5.5 5.39663 5.5 5.5 5.5 5.5 5.5 5.5
5.30029 5.5 5.5 5.5 5.5 5.5 5.5 5.5 5.5 5.5
5.49439 5.5 5.5 5.5 5.5 5.5 5.5 5.5 5.5 5.5
5.5 5.5 5.5 5.5 5.5 5.5 5.5 5.5 5.5 5.5
5.5 5.5 5.5 5.5 5.5 5.5 5.5 5.5 5.5 5.5
5.5 5.5 5.5 5.5 5.5 5.5 5.5 5.5 5.5 5.5
