3.76137 4.80832 4.36042 4.8595 4.37615 4.95 4.95 4.95 4.4 4.93408
4.31132 4.26761 4.4 4.70213 4.95 5.5 4.4 4.95 4.95 3.85
5.41175 4.95 4.4 4.86331 5.5 4.95 5.5 4.95 4.95 4.93467
4.86222 4.8696 4.93252 4.72434 4.95 5.5 4.95 5.5 5.5 5.48856
5.49172 3.83633 4.4 5.41868 4.95 4.95 4.95 5.5 5.5 4.4
5.5 4.95 5.5 5.49765 5.5 5.5 4.4 5.5 5.5 4.95
4.4 5.5 4.4 5.5 4.95 5.5 4.95 5.5 4.95 4.95
4.95 5.5 5.5 5.5 4.95 4.95 5.5 5.5 5.5 4.95
4.95 4.95 5.5 5.5 4.95 5.5 5.5 5.5 5.5 4.95
4.4 4.95 5.5 5.5 5.5 5.5 4.95 5.5 5.5 5.5
5.5 5.5 5.5 5.5 4.95 5.5 5.5 5.5 5.5 4.95
5.5 5.5 5.5 5.5 5.5 5.5 5.5 5.5 5.5 5.5
5.5 5.5 5.5 5.5 5.5 5.5 5.5 5.5 5.5 5.5
5.5 5.5 5.5 5.5 5.5 4.89743 5.5 5.5 5.5 5.5
4.95134 5.5 5.5 3.85556 4.95144 3.34785 4.40256 5.5 4.95195 4.95601
3.85764 4.95152 5.5 2.75905 4.40312 3.12768 4.40262 5.5 4.95282 4.70616
4.40397 4.40522 4.40085 3.23095 3.73897 3.2938 4.40334 5.5 4.40205 4.9527
4.95125 4.404 4.40117 3.30737 4.28436 4.95 4.4031 5.18645 4.95 5.5
4.97753 5.5 5.5 3.76623 4.28423 4.95 4.40309 4.99941 4.95 5.5
4.97528 5.5 5.5 4.20194 4.28445 4.95 4.40309 4.99941 4.95 5.5
4.97528 5.5 5.5 4.20194 4.28445 4.95 4.40309 4.99941 4.95 5.5
