3.75 3.75 3.75 3.74248 3.75 3.75 3.75 3.75 3.75 3.75
3.75 3.75 3.75 3.74247 3.75 3.75 3.75 3.75 3.75 3.75
3.75 3.75 3.75 3.74252 3.75 3.75 3.75 3.75 3.75 3.75
3.75 3.75 3.75 3.74233 3.75 3.75 3.75 3.75 3.75 3.75
3.75 3.75 3.75 3.72342 3.75 3.75 3.75 3.75 3.75 3.75
3.75 3.75 3.75 3.72401 3.75 3.75 3.75 3.75 3.75 3.75
3.75 3.75 3.75 3.74875 3.75 3.75 3.75 3.75 3.75 3.75
3.75 3.75 3.75 3.74926 3.75 3.75 3.75 3.75 3.75 3.75
3.75 3.75 3.75 3.74869 3.75 3.75 3.75 3.75 3.75 3.75
3.75 3.75 3.75 3.75 3.75 3.75 3.75 3.75 3.75 3.75
3.75 3.75 3.75 3.75 3.75 3.75 3.75 3.75 3.75 3.75
3.75 3.75 3.75 3.75 3.75 3.75 3.75 3.75 3.75 3.75
3.75 3.75 3.75 3.75 3.75 3.75 3.75 3.75 3.75 3.75
3.75 3.75 3.75 3.75 3.75 3.75 3.75 3.75 3.75 3.75
3.75 3.75 3.75 3.75 3.75 3.75 3.75 3.75 3.75 3.75
3.75 3.75 3.75 3.75 3.75 3.75 3.75 3.75 3.75 3.75
3.75 3.75 3.75 3.75 3.75 3.75 3.75 3.75 3.75 3.75
3.75 3.75 3.75 3.75 3.75 3.75 3.75 3.75 3.75 3.75
3.75 3.75 3.75 3.75 3.75 3.75 3.75 3.75 3.75 3.75
3.75 3.75 3.75 3.75 3.75 3.75 3.75 3.75 3.75 3.75
3.75 3.75 3.75 3.75 3.75 3.75 3.75 3.75 3.75 3.75
