0.375 0.75 1.125 0.75 1.875 1.125 1.5 0.75 0.75 1.125
1.5 1.5 1.5 1.5 1.875 2.625 1.5 1.5 1.5 1.125
0.75 1.875 2.25 1.5 2.625 1.5 1.5 0.75 0.75 1.875
0.75 0.75 1.5 1.875 1.875 1.875 2.625 1.125 1.5 2.25
0.375 0.75 1.5 1.875 3 1.875 1.875 0.75 0.375 1.125
0.75 1.125 1.5 1.5 2.25 2.25 1.5 1.125 0.375 1.5
0.75 1.5 1.5 2.25 2.25 1.875 1.5 1.5 1.125 1.875
0.375 1.125 1.5 1.875 2.25 2.25 1.875 1.5 0.75 1.5
1.5 0.75 1.5 1.875 1.875 2.25 1.5 1.5 1.125 2.25
1.875 1.5 2.25 2.625 3.75 1.875 2.625 1.5 1.125 1.5
3 2.625 3 2.625 2.25 2.25 2.25 2.25 2.625 2.25
3.375 3.375 3.75 3.375 3 2.25 3.375 3.75 3.375 3
3.75 3.75 3.75 3.75 3.75 3.75 3.375 3.75 3.375 3.75
3.75 3.375 3.75 3.75 3.75 3.75 3.375 3.75 3.75 3.75
3.75 3.75 3.75 3.75 3.75 3.75 3.75 3.75 3.75 3.75
3.75 3.75 3.75 3.75 3.75 3.75 3.75 3.75 3.75 3.75
3.75 3.75 3.75 3.75 3.75 3.75 3.75 3.75 3.75 3.75
3.75 3.75 3.75 3.75 3.75 3.75 3.75 3.75 3.75 3.75
3.75 3.75 3.75 3.75 3.75 3.75 3.75 3.75 3.75 3.75
3.75 3.75 3.75 3.69137 3.40722 3.75 3.75 3.75 3.75 3.75
3.11422 3.75 3.75 3.20147 3.37527 3.75 3.5172 3.75 3.75 3.75
