0.30748 0.75 0.375 0.375 0.375 0 0 0 0 1.125
0.75 0.375 0.75 0.375 0.75 0.375 0.375 0.375 0 1.5
0.75 0.375 0.75 0.375 0.75 0.375 0.375 0.375 0 1.5
0.75 0.75 1.125 0.375 1.5 0.375 0.375 0.375 0 1.125
0.75 0.75 1.125 0.375 1.875 0.375 0.375 0.375 0 1.125
0.75 0.75 1.125 0.375 1.875 0.375 0.375 0.375 0 1.125
0.75 0.75 1.125 0.375 1.875 0.75 0.375 0.375 0 1.125
1.125 1.5 1.125 1.5 1.875 0.375 0.75 0.75 0.75 1.125
2.25 1.5 1.875 1.875 2.625 2.625 1.125 1.5 3 1.5
3 1.875 2.25 2.625 1.5 3.375 2.625 3 3 1.875
2.625 3.75 3 3 3 3.375 3 3.375 3.75 3
3 3.75 3.75 3.75 3.75 3.375 3.375 3.75 3.75 3.375
3.75 3.75 3.75 3.75 3.75 3.75 3.75 3.75 3.75 3.75
3.75 3.75 3.75 3.75 3.75 3.75 3.75 3.75 3.75 3.75
3.75 3.75 3.75 3.75 3.75 3.75 3.75 3.75 3.75 3.75
3.75 3.75 3.75 3.75 3.75 3.75 3.75 3.75 3.75 3.75
3.75 3.75 3.75 3.75 3.75 3.75 3.75 3.75 3.75 3.75
3.75 3.75 3.75 3.75 3.75 3.75 3.75 3.75 3.75 3.75
3.75 3.75 3.75 3.75 3.75 3.75 3.75 3.75 3.75 3.75
2.88094 3.75 2.54931 2.53374 3.37643 3.18901 2.2571 3.62573 3.2075 3.01948
2.76089 3.75 2.54412 2.52514 3.3765 3.17709 2.25659 3.5999 3.1706 3.00694
