3.71855 3 3.75 2.625 3 3.375 3 3 3 3.375
2.97036 3.375 3.375 3.75 3.375 3.375 3 2.25 2.625 3.375
2.97314 3 3.375 2.625 2.625 2.625 3.375 3.75 3.75 3.375
3.35128 3 3.375 3.375 3.75 3.375 3 3.75 3 3.75
3.72445 3.375 3.75 3.375 3.75 3.375 3.375 3.75 3.75 3.75
3.36245 3.375 3.75 2.25 3.75 3 3 3.75 3.375 3.375
3.375 3.375 3.375 3.75 3 3 3.375 3.375 3 3.375
2.9968 3.75 3.375 3.75 3.75 2.25 3.75 3.375 3.375 3.375
3 3.75 3 3.75 3.75 3 3.375 3.375 3.375 3.375
3.75 3.75 3.375 3.75 2.25 3.375 3 3.375 3.75 3.75
3.75 3.75 3.75 3.375 3.375 3 3.375 3.375 2.25 3.75
3.75 3.75 3.75 3.75 3.375 3.75 3.75 3.75 3.375 3.75
3.75 3.75 3.75 3.75 3.75 3.75 3.75 3.75 3.75 3.75
3.75 3.75 3.75 3.75 3.75 3.75 3.75 3.75 3.75 3.75
3.75 3.75 3.75 3.75 3.75 3.75 3.75 3.75 3.75 3.75
3.75 3.75 3.75 3.75 3.75 3.75 3.75 3.75 3.75 3.75
3.75 3.75 3.75 3.75 3.75 3.75 3.75 3.75 3.75 3.75
3.75 3.75 3.75 3.75 3.75 3.75 3.75 3.75 3.75 3.75
3.75 3.75 3.75 3.75 3.75 3.75 3.75 3.75 3.75 3.75
3.75 3.75 3.75 3.75 3.75 3.75 3.75 3.75 3.75 3.75
3.75 3.75 3.75 3.54925 3.75 3.75 3.75 3.75 3.75 3.75
