1.875 1.125 1.875 1.71896 0.375 0.375 1.5 1.5 0.75 1.5
1.125 0.75 2.25 1.35033 1.5 0.375 0.75 1.5 1.5 2.25
1.875 0.75 2.25 1.72481 1.875 0 0.75 1.875 1.875 2.25
1.38464 1.875 2.25 2.47464 1.125 0 0.75 2.25 1.5 2.25
3 1.875 2.25 1.125 1.125 0.75 0.75 0.75 1.875 2.25
2.90393 2.25 2.25 1.125 0.75 1.125 0.75 1.125 1.5 2.25
2.53931 1.875 3 1.875 1.5 0.75 0.75 0.75 1.5 1.875
2.17436 2.25 2.625 1.125 1.125 1.125 1.125 1.125 1.5 2.625
2.17003 1.875 2.625 1.125 2.25 1.125 1.125 1.875 1.5 2.625
2.94461 1.875 2.625 1.125 2.25 1.5 1.875 1.875 1.5 1.875
2.20915 2.25 2.625 2.90106 2.625 3 2.625 3 1.5 3.375
3.73092 3.75 2.625 3.29914 3.375 3.375 3 3.375 3.375 3
3.375 3.75 3.75 3.72025 3.75 3.75 3.75 3.375 3.75 3.75
3.75 3.75 3.75 3.75 3.75 3.75 3.75 3.75 3.75 3.75
3.75 3.75 3.75 3.75 3.75 3.75 3.75 3.75 3.75 3.75
3.75 3.75 3.75 3.75 3.75 3.75 3.75 3.75 3.75 3.75
3.75 3.75 3.75 3.75 3.75 3.75 3.75 3.75 3.75 3.75
3.75 3.75 3.75 3.75 3.75 3.75 3.75 3.75 3.75 3.75
3.75 3.75 3.75 3.75 3.75 3.75 3.75 3.75 3.75 3.75
3.75 3.75 3.75 3.75 3.75 3.75 3.75 3.75 3.75 3.75
3.37582 3.75 3.75 3.75 3.75 3.54352 3.75 3.68405 3.72359 3.75
