3.75 3.75 3.75 3.75 3.75 3.75 3.59244 3.75 3.75 3.75
3.75 3.75 3.75 3.75 3.75 3.75 3.59244 3.75 3.75 3.75
3.75 3.75 3.75 3.75 3.75 3.75 3.59244 3.75 3.75 3.75
3.75 3.75 3.75 3.75 3.75 3.75 3.59244 3.75 3.75 3.75
3.75 3.75 3.75 3.75 3.75 3.75 3.59243 3.75 3.75 3.75
3.75 3.75 3.75 3.75 3.75 3.75 3.59241 3.75 3.75 3.75
3.75 3.75 3.75 3.75 3.75 3.75 3.5924 3.75 3.75 3.75
3.75 3.75 3.75 3.75 3.75 3.75 3.5924 3.75 3.75 3.75
3.75 3.75 3.75 3.75 3.75 3.75 3.59242 3.75 3.75 3.75
3.75 3.75 3.75 3.75 3.75 3.75 3.75 3.75 3.75 3.75
3.75 3.75 3.75 3.75 3.75 3.75 3.75 3.75 3.75 3.75
3.75 3.75 3.75 3.75 3.75 3.75 3.75 3.75 3.75 3.75
3.75 3.75 3.75 3.75 3.75 3.75 3.75 3.75 3.75 3.75
3.75 3.75 3.75 3.75 3.75 3.75 3.75 3.75 3.75 3.75
3.75 3.75 3.75 3.75 3.75 3.75 3.75 3.75 3.75 3.75
3.75 3.75 3.75 3.75 3.75 3.75 3.75 3.75 3.75 3.75
3.75 3.75 3.75 3.75 3.75 3.75 3.75 3.75 3.75 3.75
3.75 3.75 3.75 3.75 3.75 3.75 3.75 3.75 3.75 3.75
3.75 3.75 3.75 3.75 3.75 3.75 3.75 3.75 3.75 3.75
3.75 3.75 3.75 3.75 3.75 3.75 3.75 3.75 3.75 3.75
3.75 3.75 3.75 3.75 3.75 3.75 3.75 3.75 3.75 3.75
