3.375 3.75 3.75 3.75 3 3.375 2.625 3.75 3.75 3
3.375 3.375 3 3.375 3.75 3.375 3.75 3.75 3.75 2.625
3 2.625 3 3 2.25 3.375 3.375 3.75 3.75 2.25
3 3 3 3.375 3.375 2.25 3 2.625 3.75 2.25
3.75 3.375 3.375 3.75 3 3.75 3 3.375 3.375 2.625
2.625 3.375 3.375 3.375 3.375 3.75 3.375 2.625 3.75 2.625
3.75 3.75 3.75 3.75 3.375 3 3.375 3.375 3.75 2.625
2.25 3.375 3.75 3.375 3 3.75 3.375 3 3.75 2.625
2.25 3.375 3.375 3.75 3.75 3.375 3.375 3.75 3.75 2.625
3.375 3.75 3.375 3.75 3 3.375 3.75 3.375 3.75 2.625
3.75 3 3.375 3.75 3.375 3.75 3.75 3.75 3.75 2.625
3.75 3.75 3.75 3.75 3.75 3.75 3.75 3.75 3.75 3
3.75 3.75 3.75 3.75 3.75 3.75 3.75 3.75 3.75 3.75
3.75 3.75 3.75 3.75 3.75 3.75 3.75 3.75 3.75 3.75
3.75 3.75 3.75 3.75 3.75 3.75 3.75 3.75 3.75 3.75
3.75 3.75 3.75 3.75 3.75 3.75 3.75 3.75 3.75 3.75
3.75 3.75 3.75 3.75 3.75 3.75 3.75 3.75 3.75 3.75
3.75 3.75 3.75 3.75 3.75 3.75 3.75 3.75 3.75 3.75
3.75 3.75 3.75 3.75 3.75 3.75 3.75 3.75 3.75 3.57121
3.17251 2.09292 2.98606 3.75 2.914 3.19352 2.41152 2.22556 2.35591 3.32544
3.17254 2.05824 2.93528 3.75 2.89695 2.81712 2.40894 2.28518 2.35087 3.32241
