1.125 2.24311 1.5 1.11458 1.125 1.5 1.125 0.75 1.125 1.5
1.86491 1.125 1.11009 0.75 0.375 0.75 1.875 0.75 1.125 1.875
1.48978 2.6183 1.5 1.5 0.375 1.125 1.5 1.125 1.125 2.625
1.86506 1.875 1.125 1.875 1.875 1.5 2.25 0.375 1.125 2.625
1.87333 2.25 1.5 1.125 1.5 1.125 2.25 0.75 2.25 3.375
1.875 2.25 1.875 0.375 2.625 1.5 1.5 1.875 0.75 3.375
2.25 1.875 1.5 1.125 1.875 2.625 2.625 1.125 1.125 2.625
2.25 2.625 1.875 1.5 2.25 1.5 1.5 0.75 0.75 3
2.625 2.25 1.875 2.25 2.625 1.875 1.5 0.75 0.75 3
2.25 1.5 3 1.125 1.875 1.5 2.25 2.25 1.125 3.375
3.75 2.625 2.25 3 2.25 1.875 2.625 2.625 2.625 2.625
3.75 2.625 3.375 3 3.75 3 3.375 3.375 3.75 3
3.375 3 3.75 3.75 3.375 3.375 3 3.75 3.375 3.375
3.75 3.75 3.75 3.75 3.75 3.75 3.75 3.75 3.75 3.75
3.75 3.75 3.75 3.75 3.75 3.75 3.75 3.75 3.75 3.75
3.75 3.75 3.75 3.75 3.75 3.75 3.75 3.75 3.75 3.75
3.75 3.75 3.75 3.75 3.75 3.75 3.75 3.75 3.75 3.75
3.75 3.75 3.75 3.75 3.75 3.75 3.75 3.75 3.75 3.75
3.75 3.75 3.75 3.75 3.75 3.75 3.75 3.75 3.75 3.75
3.75 3.75 3.75 3.75 3.75 3.75 3.75 3.75 3.75 3.75
3.70315 3.75 3.75 3.75 3.75 3.75 3.75 3.641 3.75 3.75
