0.375 0.375 0.375 0.75 1.125 0.75 1.5 0.375 0.375 0.75
0.375 0.75 0.75 0.75 2.25 0.75 1.5 0.75 0.375 0.75
0.375 0.75 0.75 0.75 2.25 0.75 1.5 0.75 0.375 0.75
0.375 0.75 0.75 0.75 2.25 0.75 1.5 0.75 0.375 0.75
0.375 1.125 0.75 1.125 2.25 0.375 1.5 0.75 0.75 0.75
0.375 1.125 1.125 1.5 3 0.375 1.5 0.75 0.75 1.125
0.75 1.875 1.125 1.125 3 0.375 1.5 0.75 0.75 1.5
0.375 1.875 1.125 1.125 2.625 1.125 2.25 1.5 0.75 1.5
1.125 2.625 1.875 1.5 3 2.25 1.125 2.25 0.75 1.5
2.25 1.875 2.25 1.875 1.875 2.25 2.25 1.125 2.25 1.125
3.75 3.75 2.625 2.625 3 3.375 3.375 3 3 2.25
3.75 3.75 3.375 3.375 3.75 3.75 3.375 3.75 3.75 3
3.75 3.75 3.75 3.75 3.75 3.75 3.75 3.75 3.75 3.75
3.75 3.75 3.75 3.75 3.75 3.75 3.75 3.75 3.75 3.75
3.75 3.75 3.75 3.75 3.75 3.75 3.75 3.75 3.75 3.75
3.75 3.75 3.75 3.75 3.75 3.75 3.75 3.75 3.75 3.75
3.75 3.75 3.75 3.75 3.75 3.75 3.75 3.75 3.75 3.75
3.75 3.75 3.75 3.75 3.75 3.75 3.75 3.75 3.75 3.75
3.75 3.75 3.75 3.75 3.75 3.75 3.75 3.75 3.75 3.37502
3.37666 3.61716 2.81778 2.63062 2.74215 3.00165 3.11659 3.24065 3.14101 2.62771
3.37669 3.60435 2.76426 2.63076 2.35179 3.00173 2.94945 3.2356 3.08996 2.62774
