0.75 0.375 0.375 1.5 0.375 0.375 0.75 1.125 1.125 1.125
0.75 1.125 0.375 1.5 0.375 1.5 1.5 0.75 1.5 1.125
0.75 1.125 0.375 1.5 0.375 1.5 1.5 0.75 1.5 1.125
0.75 1.875 0.375 1.5 0.375 1.5 1.125 0.75 1.5 1.125
0.375 2.25 0.375 1.125 0.375 1.125 1.125 0.75 1.125 1.125
0.375 2.25 0.375 1.125 0.375 1.125 1.125 0.375 1.125 1.125
0.375 2.625 0.375 1.125 0.375 1.125 1.5 0.375 1.125 1.5
0.375 3 0.375 0.375 0.75 1.125 1.875 1.125 1.125 1.5
1.5 2.625 1.5 1.125 1.875 1.5 1.5 1.125 1.875 1.5
2.625 2.625 2.25 2.25 2.625 1.5 2.25 3 3 2.25
3 2.25 3.375 3.75 3 2.625 2.625 3.375 3 2.625
3.75 3.375 3.75 3.75 3 3.75 3 3.75 3.375 3.375
3.75 3.75 3.75 3.75 3.75 3.75 3.75 3.75 3.75 3.75
3.75 3.75 3.75 3.75 3.75 3.75 3.75 3.75 3.75 3.75
3.75 3.75 3.75 3.75 3.75 3.75 3.75 3.75 3.75 3.75
3.75 3.75 3.75 3.75 3.75 3.75 3.75 3.75 3.75 3.75
3.75 3.75 3.75 3.75 3.75 3.75 3.75 3.75 3.75 3.75
3.75 3.75 3.75 3.75 3.75 3.75 3.75 3.75 3.75 3.75
3.75 3.75 3.75 3.75 3.75 3.75 3.75 3.75 3.75 3.75
3.00417 2.86603 1.99975 3.37524 3.0034 2.62867 2.80935 3.37632 3.65291 3.26254
3.00251 2.85704 1.98329 3.37524 3.00342 2.49004 2.68631 3.37589 3.5256 3.25583
