3.61917 3.75 3.75 3.61701 3.72935 3.75 3.75 3.75 3.75 3.75
3.62082 3.75 3.75 3.60383 3.7419 3.75 3.75 3.75 3.75 3.75
3.62335 3.75 3.75 3.60923 3.75 3.75 3.75 3.75 3.75 3.75
3.62588 3.75 3.75 3.59415 3.75 3.75 3.75 3.75 3.75 3.75
3.6292 3.75 3.75 3.60402 3.75 3.75 3.75 3.75 3.75 3.75
3.63121 3.75 3.75 3.60463 3.73191 3.75 3.75 3.75 3.75 3.75
3.63275 3.75 3.75 3.60998 3.73247 3.75 3.75 3.75 3.75 3.75
3.63403 3.75 3.75 3.61275 3.73611 3.75 3.75 3.75 3.75 3.75
3.63575 3.75 3.75 3.60937 3.75 3.75 3.75 3.75 3.75 3.75
3.62897 3.75 3.75 3.61627 3.75 3.75 3.75 3.75 3.75 3.75
3.64218 3.75 3.75 3.61598 3.75 3.75 3.75 3.75 3.75 3.75
3.65386 3.75 3.75 3.62601 3.75 3.75 3.75 3.75 3.75 3.75
3.67994 3.75 3.75 3.65358 3.75 3.75 3.75 3.75 3.75 3.75
3.72041 3.75 3.75 3.69603 3.75 3.75 3.75 3.75 3.75 3.75
3.75 3.75 3.75 3.74824 3.75 3.75 3.75 3.75 3.75 3.75
3.75 3.75 3.75 3.75 3.75 3.75 3.75 3.75 3.75 3.75
3.75 3.75 3.75 3.75 3.75 3.75 3.75 3.75 3.75 3.75
3.75 3.75 3.75 3.75 3.75 3.75 3.75 3.75 3.75 3.75
3.75 3.75 3.75 3.75 3.75 3.75 3.75 3.75 3.75 3.75
3.75 3.75 3.75 3.75 3.75 3.75 3.75 3.75 3.75 3.75
3.75 3.75 3.75 3.75 3.75 3.75 3.75 3.75 3.75 3.75
