3.375 3.375 3 2.625 3.375 3.75 3.375 3.375 3.375 2.25
3 3 3.75 3.75 3.375 3.375 3.375 3 3.375 3.375
3.375 3.75 2.625 1.875 3.75 3.375 3.375 3.75 3.375 3.375
3 3.75 3 2.625 3.375 3 3.375 3.75 3.375 3.375
3.375 3 3 2.625 3.375 3.75 3.375 3.375 3.375 3.375
3 3.375 3.75 2.625 3 3.375 3.75 3.375 3.75 2.625
3.75 3.75 3.375 2.25 3 3 3 3.375 3.375 3
3.75 3.75 3.75 3.75 3.75 3.75 3 3 3.375 3.375
3 3.75 3.75 3 3.75 3.375 3.75 3.375 3.75 3
3.75 3.75 3.75 3.75 3.75 3.375 3.375 3.75 3.375 3.75
3.375 3.75 3.75 3.75 3.75 3.75 3.75 3.75 3.75 3.375
3.375 3.75 3.75 3.75 3.75 3.75 3.75 3.75 3.75 2.25
3.75 3.75 3.75 3.75 3.75 3.75 3.75 3.75 3.75 3.75
3.75 3.75 3.75 3.75 3.75 3.75 3.75 3.75 3.75 3.75
3.75 3.75 3.75 3.75 3.75 3.75 3.75 3.75 3.75 3.75
3.75 3.75 3.75 3.75 3.75 3.75 3.75 3.75 3.75 3.75
3.75 3.75 3.75 3.75 3.75 3.75 3.75 3.75 3.75 3.75
3.75 3.75 3.75 3.75 3.75 3.75 3.75 3.75 3.75 3.75
3.75 3.75 3.75 3.75 3.75 3.375 3.75 3.75 3.75 3.75
2.62635 3.75 2.90677 2.78103 2.56376 3.375 3.61618 3.36027 2.72936 1.56307
2.62644 3.73783 2.87689 2.79556 2.53919 3.23789 3.48132 3.34654 2.72851 1.5442
