3.63884 3.75 3.75 3.67429 3.75 3.75 3.75 3.75 3.75 3.75
3.63885 3.75 3.75 3.67426 3.75 3.75 3.75 3.75 3.75 3.75
3.63887 3.72528 3.75 3.67438 3.75 3.75 3.75 3.75 3.75 3.75
3.64793 3.75 3.75 3.67448 3.75 3.75 3.75 3.75 3.75 3.75
3.64844 3.75 3.75 3.67459 3.75 3.75 3.75 3.75 3.75 3.75
3.64867 3.75 3.75 3.67476 3.75 3.75 3.75 3.75 3.75 3.75
3.65112 3.75 3.75 3.67494 3.75 3.75 3.75 3.75 3.75 3.75
3.65408 3.75 3.75 3.67505 3.75 3.75 3.75 3.75 3.75 3.75
3.65726 3.75 3.75 3.67516 3.75 3.75 3.75 3.75 3.75 3.75
3.66011 3.75 3.75 3.67517 3.75 3.75 3.75 3.75 3.75 3.75
3.66291 3.75 3.75 3.74655 3.75 3.75 3.75 3.75 3.75 3.75
3.66017 3.75 3.75 3.75 3.75 3.75 3.75 3.75 3.75 3.75
3.69967 3.75 3.75 3.75 3.75 3.75 3.75 3.75 3.75 3.75
3.74031 3.75 3.75 3.75 3.75 3.75 3.75 3.75 3.75 3.75
3.75 3.75 3.75 3.75 3.75 3.75 3.75 3.75 3.75 3.75
3.75 3.75 3.75 3.75 3.75 3.75 3.75 3.75 3.75 3.75
3.75 3.75 3.75 3.75 3.75 3.75 3.75 3.75 3.75 3.75
3.75 3.75 3.75 3.75 3.75 3.75 3.75 3.75 3.75 3.75
3.75 3.75 3.75 3.75 3.75 3.75 3.75 3.75 3.75 3.75
3.75 3.75 3.75 3.75 3.75 3.75 3.75 3.75 3.75 3.75
3.75 3.75 3.75 3.75 3.75 3.75 3.75 3.75 3.75 3.75
