3.75 3.75 3.75 3.75 3.74883 3.75 3.73789 3.75 3.75 3.68589
3.75 3.75 3.75 3.75 3.74889 3.75 3.73793 3.75 3.75 3.68611
3.75 3.75 3.75 3.75 3.74886 3.75 3.73807 3.75 3.75 3.68617
3.75 3.75 3.75 3.75 3.74895 3.75 3.73814 3.75 3.75 3.68178
3.75 3.75 3.75 3.75 3.74906 3.75 3.73854 3.75 3.75 3.68633
3.75 3.75 3.75 3.75 3.74952 3.75 3.73905 3.75 3.75 3.68677
3.75 3.75 3.75 3.75 3.74997 3.75 3.7395 3.75 3.75 3.68724
3.75 3.75 3.75 3.75 3.75 3.75 3.7398 3.75 3.75 3.68327
3.75 3.75 3.75 3.75 3.75 3.75 3.74008 3.75 3.75 3.69758
3.75 3.75 3.75 3.75 3.75 3.75 3.74263 3.75 3.75 3.70703
3.75 3.75 3.75 3.75 3.75 3.75 3.75 3.75 3.75 3.70907
3.75 3.75 3.75 3.75 3.75 3.75 3.75 3.75 3.75 3.73672
3.75 3.75 3.75 3.75 3.75 3.75 3.75 3.75 3.75 3.75
3.75 3.75 3.75 3.75 3.75 3.75 3.75 3.75 3.75 3.75
3.75 3.75 3.75 3.75 3.75 3.75 3.75 3.75 3.75 3.75
3.75 3.75 3.75 3.75 3.75 3.75 3.75 3.75 3.75 3.75
3.75 3.75 3.75 3.75 3.75 3.75 3.75 3.75 3.75 3.75
3.75 3.75 3.75 3.75 3.75 3.75 3.75 3.75 3.75 3.75
3.75 3.75 3.75 3.75 3.75 3.75 3.75 3.75 3.75 3.75
3.75 3.75 3.75 3.75 3.75 3.75 3.75 3.75 3.75 3.75
3.75 3.75 3.75 3.75 3.75 3.75 3.75 3.75 3.75 3.75
