3.75 3.75 3.75 3.75 3.75 3.75 3.75 3.75 3.75 3.75
3.75 3.75 3.75 3.75 3.75 3.75 3.75 3.75 3.75 3.75
3.75 3.75 3.75 3.75 3.75 3.75 3.75 3.75 3.75 3.75
3.75 3.75 3.75 3.75 3.75 3.75 3.75 3.75 3.75 3.75
3.75 3.75 3.75 3.75 3.75 3.75 3.75 3.75 3.75 3.75
3.75 3.75 3.75 3.75 3.75 3.75 3.75 3.75 3.75 3.75
3.75 3.75 3.75 3.75 3.75 3.75 3.75 3.75 3.75 3.75
3.75 3.75 3.75 3.75 3.75 3.75 3.75 3.75 3.75 3.75
3.75 3.75 3.375 3.75 3.75 3.75 3.75 3.75 3.75 3.75
3.75 3.75 3.75 3.75 3.75 3.75 3.75 3.75 3.75 3.75
3.75 3.75 3.75 3.75 3.75 3.75 3.75 3.75 3.75 3.75
3.75 3.75 3.75 3.75 3.75 3.75 3.75 3.75 3.75 3.75
3.75 3.75 3.75 3.75 3.75 3.75 3.75 3.75 3.75 3.75
3.75 3.75 3.75 3.75 3.75 3.75 3.75 3.75 3.75 3.75
3.75 3.75 3.75 3.75 3.75 3.75 3.75 3.75 3.75 3.75
3.75 3.75 3.75 3.75 3.75 3.75 3.75 3.75 3.75 3.75
3.75 3.75 3.75 3.75 3.75 3.75 3.75 3.75 3.75 3.75
3.75 3.75 3.75 3.75 3.75 3.75 3.75 3.75 3.75 3.75
3.75 3.75 3.75 3.75 3.75 3.75 3.75 3.75 3.75 3.75
3.75 3.75 3.75 3.75 3.75 3.75 3.75 3.75 3.75 3.75
3.75 3.75 3.75 3.75 3.75 3.75 3.75 3.75 3.75 3.75
