3.70793 3.75 3.75 3.75 3.75 3.75 3.75 3.75 3.68213 3.75
3.70793 3.75 3.75 3.75 3.75 3.75 3.75 3.75 3.68417 3.75
3.70796 3.75 3.75 3.75 3.75 3.75 3.75 3.75 3.68777 3.75
3.70804 3.75 3.75 3.75 3.75 3.75 3.75 3.75 3.69235 3.75
3.7083 3.75 3.75 3.75 3.75 3.75 3.75 3.75 3.69568 3.75
3.70887 3.75 3.75 3.75 3.75 3.75 3.75 3.75 3.69605 3.75
3.70944 3.75 3.75 3.75 3.75 3.75 3.75 3.75 3.70828 3.75
3.71198 3.75 3.75 3.75 3.75 3.75 3.75 3.75 3.71994 3.75
3.71695 3.75 3.75 3.75 3.75 3.75 3.75 3.75 3.69687 3.75
3.75 3.75 3.75 3.75 3.75 3.75 3.75 3.75 3.75 3.75
3.75 3.75 3.75 3.75 3.75 3.75 3.75 3.75 3.75 3.75
3.75 3.75 3.75 3.75 3.75 3.75 3.75 3.75 3.75 3.75
3.75 3.75 3.75 3.75 3.75 3.75 3.75 3.75 3.75 3.75
3.75 3.75 3.75 3.75 3.75 3.75 3.75 3.75 3.75 3.75
3.75 3.75 3.75 3.75 3.75 3.75 3.75 3.75 3.75 3.75
3.75 3.75 3.75 3.75 3.75 3.75 3.75 3.75 3.75 3.75
3.75 3.75 3.75 3.75 3.75 3.75 3.75 3.75 3.75 3.75
3.75 3.75 3.75 3.75 3.75 3.75 3.75 3.75 3.75 3.75
3.75 3.75 3.75 3.75 3.75 3.75 3.75 3.75 3.75 3.75
3.75 3.75 3.75 3.75 3.75 3.75 3.75 3.75 3.75 3.75
3.75 3.75 3.75 3.75 3.75 3.75 3.75 3.75 3.75 3.75
