1.5 0.75 1.5 1.125 2.25 1.5 1.5 0.75 1.875 2.25
0.75 1.5 1.875 1.5 3 1.5 2.25 1.125 1.875 0.75
1.5 1.5 1.5 1.125 2.625 1.5 1.875 1.125 1.5 1.875
2.25 1.875 1.125 1.125 2.625 1.5 1.5 0.375 1.5 1.125
2.25 2.25 1.125 1.125 2.625 2.25 2.625 0.75 1.875 1.125
1.5 2.25 1.875 0.75 3 1.875 2.25 0.75 1.875 0.75
2.25 2.625 2.25 2.625 2.25 1.875 2.25 0.75 1.875 1.5
1.875 2.625 2.25 1.5 2.25 1.875 1.5 1.125 1.125 1.125
2.25 2.625 1.875 1.5 2.25 2.25 1.875 1.875 2.25 0.75
2.25 2.625 1.5 2.25 2.625 1.875 2.625 2.25 1.875 1.875
2.625 2.25 3 2.625 2.25 2.25 3.375 2.25 2.25 1.875
3.75 3 3 3.75 3.375 3.75 2.625 3.75 3.375 3.375
3.75 3 3.75 3.75 3.75 3.75 3.375 3.75 3.75 3.75
3.75 3.75 3.75 3.75 3.75 3.75 3.375 3.75 3.75 3.75
3.75 3.75 3.75 3.75 3.75 3.75 3.75 3.75 3.75 3.75
3.75 3.75 3.75 3.75 3.75 3.75 3.75 3.75 3.75 3.75
3.75 3.75 3.75 3.75 3.75 3.75 3.75 3.75 3.75 3.75
3.75 3.75 3.75 3.75 3.75 3.75 3.75 3.75 3.75 3.75
3.75 3.75 3.75 3.75 3.75 3.75 3.75 3.75 3.75 3.75
3.75 3.61932 3.75 3.75 3.75 3.75 3.75 3.75 3.75 3.75
3.72274 3.57416 3.75 3.75 3.72455 3.75 3.75 3.75 3.64102 3.75
