3.75 3.75 3.75 3.75 3.75 3.75 3.75 3.75 3.68673 3.75
3.75 3.75 3.75 3.75 3.75 3.75 3.75 3.75 3.68674 3.75
3.75 3.75 3.75 3.75 3.75 3.75 3.75 3.75 3.68713 3.75
3.75 3.75 3.75 3.75 3.75 3.75 3.75 3.75 3.68719 3.75
3.75 3.75 3.75 3.75 3.75 3.75 3.75 3.75 3.6889 3.75
3.75 3.75 3.75 3.75 3.75 3.75 3.75 3.75 3.67234 3.75
3.75 3.375 3.75 3.75 3.75 3.75 3.75 3.75 3.69016 3.75
3.75 3.75 3.75 3.75 3.75 3.75 3.75 3.75 3.7118 3.75
3.75 3.75 3.75 3.75 3.75 3.75 3.75 3.75 3.72138 3.75
3.75 3.75 3.75 3.75 3.75 3.75 3.75 3.75 3.75 3.75
3.75 3.75 3.75 3.75 3.75 3.75 3.75 3.75 3.75 3.75
3.75 3.75 3.75 3.75 3.75 3.75 3.75 3.75 3.75 3.75
3.75 3.75 3.75 3.75 3.75 3.75 3.75 3.75 3.75 3.75
3.75 3.75 3.75 3.75 3.75 3.75 3.75 3.75 3.75 3.75
3.75 3.75 3.75 3.75 3.75 3.75 3.75 3.75 3.75 3.75
3.75 3.75 3.75 3.75 3.75 3.75 3.75 3.75 3.75 3.75
3.75 3.75 3.75 3.75 3.75 3.75 3.75 3.75 3.75 3.75
3.75 3.75 3.75 3.75 3.75 3.75 3.75 3.75 3.75 3.75
3.75 3.75 3.75 3.75 3.75 3.75 3.75 3.75 3.75 3.75
3.75 3.75 3.75 3.75 3.75 3.75 3.75 3.75 3.75 3.75
3.75 3.75 3.75 3.75 3.75 3.75 3.75 3.75 3.75 3.75
