3.743 3.75 3.73277 3.75 3.75 3.75 3.75 3.75 3.75 3.75
3.74414 3.75 3.73289 3.75 3.75 3.75 3.75 3.75 3.75 3.75
3.7396 3.75 3.73309 3.75 3.75 3.75 3.75 3.75 3.75 3.75
3.73969 3.75 3.73324 3.75 3.75 3.75 3.75 3.75 3.75 3.75
3.73994 3.75 3.73347 3.75 3.75 3.75 3.75 3.75 3.75 3.75
3.74047 3.75 3.73381 3.75 3.75 3.75 3.75 3.75 3.75 3.75
3.75 3.75 3.73395 3.75 3.75 3.75 3.75 3.75 3.75 3.75
3.75 3.75 3.73974 3.75 3.75 3.75 3.75 3.75 3.75 3.75
3.75 3.75 3.7442 3.75 3.75 3.75 3.75 3.75 3.75 3.75
3.75 3.75 3.74529 3.75 3.75 3.75 3.75 3.75 3.75 3.75
3.75 3.75 3.75 3.75 3.75 3.75 3.75 3.75 3.75 3.75
3.75 3.75 3.75 3.75 3.75 3.75 3.75 3.75 3.75 3.75
3.75 3.75 3.75 3.75 3.75 3.75 3.75 3.75 3.75 3.75
3.75 3.75 3.75 3.75 3.75 3.75 3.75 3.75 3.75 3.75
3.75 3.75 3.75 3.75 3.75 3.75 3.75 3.75 3.75 3.75
3.75 3.75 3.75 3.75 3.75 3.75 3.75 3.75 3.75 3.75
3.75 3.75 3.75 3.75 3.75 3.75 3.75 3.75 3.75 3.75
3.75 3.75 3.75 3.75 3.75 3.75 3.75 3.75 3.75 3.75
3.75 3.75 3.75 3.75 3.75 3.75 3.75 3.75 3.75 3.75
3.75 3.75 3.75 3.75 3.75 3.75 3.75 3.75 3.75 3.75
3.75 3.75 3.75 3.75 3.75 3.75 3.75 3.75 3.75 3.75
