3 3.75 3 2.25 3.22305 2.625 3 3.375 2.625 3.375
3 3.75 3.75 3 3.22303 3 3.375 2.625 3 3
3.375 3 3.75 2.625 3.598 3.375 3 3 3.375 2.625
2.625 3.75 3 3.375 3.59792 3 2.625 2.625 3.375 3
3.75 2.25 3.375 3.75 2.47288 3.375 2.25 3 3.75 3
3.75 3.75 3.375 3.375 3.22316 3.375 2.625 3 3.75 3.375
3 3 3.75 3 2.8478 3 3 3.375 2.625 3
3.75 3.375 3.75 3.75 3.59807 3 3 3.375 3 3.75
3.75 3.375 3.75 2.625 2.84802 3.375 3.375 3.75 3.375 3
3.375 3.375 3 3.75 3.22294 3.75 3.75 3 3.375 3.75
3.375 3.375 3.75 3.75 2.84787 3.375 3 3.75 3.75 3.75
3.75 3.375 3.75 3.375 3.75 3.75 3.75 3.75 3.75 3.375
3.75 3.375 3.75 3.75 3.75 3.75 3.75 3.75 3.75 3.75
3.75 3.75 3.75 3.75 3.75 3.75 3.75 3.75 3.75 3.75
3.75 3.75 3.75 3.75 3.75 3.75 3.75 3.75 3.75 3.75
3.75 3.75 3.75 3.75 3.75 3.75 3.75 3.75 3.75 3.75
3.75 3.75 3.75 3.75 3.75 3.75 3.75 3.75 3.75 3.75
3.75 3.75 3.75 3.75 3.75 3.75 3.75 3.75 3.75 3.75
3.75 3.75 3.75 3.75 3.75 3.75 3.75 3.75 3.75 3.75
3.75 3.75 3.75 3.75 3.75 3.75 3.75 3.75 3.75 3.75
3.75 3.75 3.75 3.75 3.75 3.75 3.75 3.75 3.75 3.75
