1.125 1.125 1.125 1.125 1.125 0.75 0.75 0.75 1.5 1.125
1.875 1.5 1.875 1.5 1.125 1.125 1.875 1.875 1.125 2.25
0.75 2.25 1.125 1.5 2.25 1.125 1.5 2.625 1.875 2.25
1.125 2.25 1.125 1.125 1.875 1.875 1.5 2.625 1.71862 1.5
1.48602 3.375 1.875 1.125 3 1.5 1.125 2.25 1.33545 1.5
1.48663 3 2.25 1.5 3 1.5 1.5 3 1.71815 1.5
1.8616 3.375 2.625 1.5 3 1.875 1.5 2.625 1.33599 1.875
1.48692 3.375 3 1.875 3 1.5 1.875 2.625 1.34398 1.875
1.48739 3 3.375 2.625 3 3.75 2.625 3.375 1.73992 2.625
2.61327 2.25 1.5 2.625 2.25 2.25 2.625 2.25 1.125 3
2.625 3.375 2.625 3 3 2.25 2.625 2.625 2.48709 3.75
3 3 3.75 3 3 2.625 1.5 3.375 2.625 3.375
3.75 3.75 3.75 3.375 3.75 3.375 2.25 3.75 3 3.375
3.75 3.375 3.75 3.75 3.75 3 3 3.75 3.375 3
3.75 3.75 3.75 3.75 3.75 3.375 3 3.375 3.6844 2.625
3.75 3.75 3.75 3.75 3.75 3.375 3.75 3.375 3.75 3.75
3.75 3.75 3.75 3.75 3.75 3.75 3.75 3.75 3.75 3.75
3.75 3.75 3.75 3.75 3.75 3.75 3.75 3.75 3.75 3.75
3.75 3.75 3.75 3.75 3.75 3.75 3.75 3.75 3.75 3.75
3.75 3.75 3.75 3.75 3.75 3.75 3.75 3.75 3.75 3.75
3.75 3.75 3.75 3.75 3.75 3.75 3.75 3.75 3.75 3.75
