3.75 2.625 2.95705 3.375 3 2.25 2.25 2.25 2.25 3.375
3 3.375 2.95671 1.875 3.375 2.625 2.625 2.625 2.625 3.75
3 3 3.375 3.75 3 2.625 2.25 3 2.625 2.625
3.375 3.375 3 2.625 3.375 3 2.625 3 3 3.375
3.375 3 3.375 3.375 3 3 2.625 2.25 3 3.375
3.75 3.75 3.70872 3 3.375 2.625 3 1.5 3.375 3.375
3 3.375 2.58471 3.375 3.75 3 2.625 2.625 3 3.75
3.75 3.75 2.98858 3 3.375 2.625 2.625 2.625 3 3.75
3.75 3.75 2.99474 3.75 3 3 3 3 3 3.75
3.75 3.75 3.375 3.75 3.75 3 2.625 2.625 3 3.75
3.75 3.375 3 3.375 3.75 3 2.625 2.625 2.25 3.375
3.75 3.75 3.75 3.75 3.75 3.75 3 3.75 3.375 3.375
3.375 3.75 3.75 3.75 3.75 3.375 3.375 3.75 3.75 3.75
3.75 3.75 3.75 3.75 3.75 3.75 3.75 3.75 3.75 3.75
3.75 3.75 3.75 3.75 3.75 3.75 3.75 3.75 3.75 3.75
3.75 3.75 3.75 3.75 3.75 3.75 3.75 3.75 3.75 3.75
3.75 3.75 3.75 3.75 3.75 3.75 3.75 3.75 3.75 3.75
3.75 3.75 3.75 3.75 3.75 3.75 3.75 3.75 3.75 3.75
3.75 3.75 3.3753 3.75 3.59441 3.75 3.75 3.46453 3.75 3.75
3.07507 3.35698 3.0008 2.95791 3.27257 2.54465 2.86564 1.95148 2.72879 2.78484
3.0644 3.35662 3.3756 3.02686 3.26303 2.55509 2.87909 1.94057 2.72901 2.78258
