2.89174 3.375 3.375 3 3.375 3.75 3.375 3.75 3 2.25
3.26817 2.625 3 2.91291 3 3.375 3.375 3.75 3 1.5
3 3.75 3 3.7203 3.375 3.75 3.75 3.375 3 1.5
3.27361 3 2.625 3.28822 3.375 3.375 3.75 3.375 2.625 1.5
3.27699 3 2.25 3.66363 3.375 3.75 3.75 3.75 2.625 1.5
3.32112 2.625 3.75 3.28912 3.75 3.75 3.375 3.375 3.375 2.625
3.32379 3.375 2.25 3.28932 3.375 3.75 3.375 3.75 3 2.25
3.29958 3 2.625 3.66453 3.75 3.375 3.75 3.75 3.75 2.625
3.3185 3.375 3.375 3.292 3.375 3.75 3.75 3.75 3.75 2.625
3.33887 3.75 3.75 2.9975 3.375 3.375 3.75 3.75 3.75 3.375
3.35656 3.75 3.75 3.75 3.375 3.375 3.75 3.75 3.75 3.375
3.75 3.75 3.75 3.70526 3.75 3.75 3.75 3.375 3.75 3.75
3.75 3.75 3.75 3.75 3.75 3.75 3.75 3.75 3.75 3.75
3.75 3.75 3.75 3.75 3.75 3.75 3.75 3.75 3.75 3.75
3.75 3.75 3.75 3.75 3.75 3.75 3.75 3.75 3.75 3.75
3.75 3.75 3.75 3.75 3.75 3.75 3.75 3.75 3.75 3.75
3.75 3.75 3.75 3.75 3.75 3.75 3.75 3.75 3.75 3.75
3.75 3.75 3.75 3.75 3.75 3.75 3.75 3.75 3.75 3.75
3.75 3.75 3.75 3.75 3.75 3.75 3.75 3.58189 3.67644 3.37588
2.62649 2.88042 3.00185 3.00116 2.89433 2.38775 2.6698 2.38176 2.31602 2.78338
2.62656 2.86648 3.00145 3.00119 2.81899 2.37238 2.66214 2.38102 2.26824 2.7787
