1.875 3.375 3 3.75 3.375 1.5 2.625 1.875 2.625 3.375
3.75 3.375 3.75 3.375 2.25 1.5 2.625 2.625 3 3.75
2.625 3 3 3.75 3.375 1.5 3 2.25 3 3.375
3 3 1.875 3.75 3.75 1.125 3 2.25 2.25 3.75
3.375 3.75 3.375 3 3.375 1.5 2.25 2.625 2.625 3.75
2.625 3 2.625 3 3.375 1.5 2.625 2.25 2.625 3.375
3.375 3.375 3.375 3.75 3.75 1.125 2.25 2.625 2.625 3.375
1.875 3.375 3.375 3.375 3 1.5 3.75 2.625 2.625 3.75
3 3.75 3.375 3 3.375 2.25 3 2.25 2.25 3
3.75 3.375 3 3.75 3.75 3.75 2.625 3.375 3.375 3.375
3.75 3 3.75 3.375 3.75 3.75 3.375 2.25 3.75 3.75
3.75 3.75 3.75 3.75 3.75 3.75 3.375 3.375 3.375 3.75
3.75 3.75 3.75 3.75 3.75 3.75 3.75 3.375 3.75 3.75
3.75 3.75 3.75 3.75 3.75 3.75 3.75 3.75 3.75 3.75
3.75 3.75 3.75 3.75 3.75 3.75 3.75 3.75 3.75 3.75
3.75 3.75 3.75 3.75 3.75 3.75 3.75 3.75 3.75 3.75
3.75 3.75 3.75 3.75 3.75 3.75 3.75 3.75 3.75 3.75
3.75 3.75 3.75 3.75 3.75 3.75 3.75 3.75 3.75 3.75
3.75 3.75 3.75 3.75 3.75 3.72404 3.75 3.75 3.75 3.75
3.2732 3.17914 1.95102 3.37539 2.8539 3.57608 3.0007 3.01551 2.58685 3.37576
3.26466 2.95091 1.9501 2.82183 2.82701 3.55585 3.00064 3.00672 2.58326 3.21071
