3.68457 3.75 3.75 3.75 3.75 3.75 3.75 3.75 3.65273 3.75
3.69085 3.75 3.75 3.75 3.75 3.75 3.75 3.75 3.65277 3.75
3.69827 3.75 3.75 3.75 3.75 3.75 3.75 3.75 3.65236 3.75
3.70567 3.75 3.75 3.75 3.75 3.75 3.75 3.75 3.6539 3.75
3.71145 3.75 3.75 3.75 3.75 3.75 3.75 3.75 3.65338 3.75
3.72352 3.75 3.75 3.75 3.75 3.75 3.75 3.75 3.66127 3.75
3.73607 3.75 3.75 3.75 3.75 3.75 3.75 3.75 3.66426 3.75
3.74326 3.75 3.75 3.75 3.75 3.75 3.75 3.75 3.66809 3.75
3.74325 3.75 3.75 3.75 3.75 3.75 3.75 3.75 3.67079 3.75
3.75 3.75 3.75 3.75 3.75 3.75 3.75 3.75 3.67696 3.75
3.75 3.75 3.75 3.75 3.75 3.75 3.75 3.75 3.70393 3.75
3.75 3.75 3.75 3.75 3.75 3.75 3.75 3.75 3.70514 3.75
3.75 3.75 3.75 3.75 3.75 3.75 3.75 3.75 3.70746 3.75
3.75 3.75 3.75 3.75 3.75 3.75 3.75 3.75 3.72039 3.75
3.75 3.75 3.75 3.75 3.75 3.75 3.75 3.75 3.75 3.75
3.75 3.75 3.75 3.75 3.75 3.75 3.75 3.75 3.75 3.75
3.75 3.75 3.75 3.75 3.75 3.75 3.75 3.75 3.75 3.75
3.75 3.75 3.75 3.75 3.75 3.75 3.75 3.75 3.75 3.75
3.75 3.75 3.75 3.75 3.75 3.75 3.75 3.75 3.75 3.75
3.75 3.75 3.75 3.75 3.75 3.75 3.75 3.75 3.75 3.75
3.75 3.75 3.75 3.75 3.75 3.75 3.75 3.75 3.75 3.75
