2.25 0.375 1.125 0.375 0.375 1.125 1.5 0.75 0.75 0.375
2.25 1.125 1.5 1.125 0.75 1.5 1.5 0.75 1.5 0.75
2.625 1.125 1.5 1.125 0.75 1.5 1.5 0.75 1.5 0.75
2.25 1.125 1.5 1.125 1.5 1.5 1.5 1.125 1.5 0.375
2.25 1.125 1.5 1.125 1.5 1.5 1.5 1.125 1.5 0.375
3 1.5 1.5 1.5 1.5 1.5 1.5 1.125 1.875 1.125
3 1.875 1.875 1.5 1.875 1.875 1.5 1.5 1.5 1.125
2.625 1.875 2.25 1.5 1.875 1.875 1.875 1.5 1.875 1.125
2.625 1.5 1.875 1.5 1.5 1.5 1.875 1.875 2.25 1.5
2.25 1.5 1.5 1.875 2.625 1.875 1.125 2.625 1.875 3
3.375 3 3 3 2.625 3.375 2.625 3 2.625 3.375
3.75 3.375 3.75 3.75 3.75 3 3.75 3.75 3.75 3.375
3.75 3.75 3.75 3.75 3.75 3.75 3.75 3.75 3.75 3.375
3.75 3.75 3.75 3.75 3.75 3.75 3.75 3.75 3.75 3.75
3.75 3.75 3.75 3.75 3.75 3.75 3.75 3.75 3.75 3.75
3.75 3.75 3.75 3.75 3.75 3.75 3.75 3.75 3.75 3.75
3.75 3.75 3.75 3.75 3.75 3.75 3.75 3.75 3.75 3.75
3.75 3.75 3.75 3.75 3.75 3.75 3.75 3.75 3.75 3.75
3.75 3.75 3.75 3.75 3.75 3.75 3.75 3.75 3.75 3.75
3.47922 2.57632 2.37346 2.84582 3.50138 3.64543 2.98606 3.2403 2.76557 3.21563
3.47248 2.55747 2.3364 2.83277 3.49806 3.5302 2.96874 3.04486 2.75654 3.2108
