3.375 3 2.625 3.20119 3 2.25 3.375 2.625 2.57609 3.375
3 3 3 3.57618 3 3 3.375 3.75 3.375 3.75
2.25 2.25 3.75 2.45122 3 3.375 3 3.375 3.71107 3.375
3 3.375 3.375 2.82624 3.375 3.75 3.375 3.375 3.70157 3
3.375 3.75 3.75 3.20124 3.75 3.75 3.75 3.375 2.625 3
3.375 3.75 3.75 2.45122 3.375 3 3.375 3 3.35162 3
3.375 3.75 3.75 2.82621 3.75 3.375 3.75 3.375 2.96427 3.375
3 3.375 3.75 3.20121 3.75 3.375 3.75 3.75 3.74329 3.75
3.75 3.75 3.75 3.57621 3.75 3.75 3 3 2.96572 3.375
2.625 3.375 3.75 3.5762 3.375 3.75 3.75 3 3.375 3.375
3.75 3.375 3.75 3.20129 3.375 3 3.75 3.75 3.75 3.75
3.75 3.75 3.75 3.67448 3.75 3.75 3.375 3.75 3.75 3.75
3.75 3.75 3.75 3.375 3.75 3.75 3.75 3.75 3.75 3.75
3.75 3.75 3.75 3.375 3.375 3.75 3.75 3.75 3.375 3.375
3.75 3.75 3.75 3.75 3.75 3.75 3.75 3.75 3.75 3.75
3.75 3.75 3.75 3.75 3.75 3.75 3.75 3.75 3.75 3.75
3.75 3.75 3.75 3.75 3.75 3.75 3.75 3.75 3.75 3.75
3.75 3.75 3.75 3.75 3.75 3.75 3.75 3.75 3.75 3.75
3.75 3.75 3.75 3.75 3.75 3.75 3.75 3.75 3.75 3.75
3.75 3.75 3.75 3.75 3.75 3.75 3.75 3.75 3.75 3.75
3.75 3.75 3.75 3.75 3.75 3.75 3.75 3.52568 3.75 3.75
