0.75 1.6007 2.25 0.75 0.42158 0.375 1.41909 0.375 1.67507 0.58947
0.70028 2.35068 1.5 1.125 1.92157 1.5 1.04409 0.75 1.668 1.33942
1.5 2.72569 2.25 1.875 1.17157 1.82489 1.79414 1.125 1.66865 0.96442
1.875 1.97568 2.25 2.625 1.54655 2.1978 1.41919 1.125 1.66801 1.33942
1.875 1.97561 2.625 2.25 1.17154 1.4499 1.79427 2.625 1.29295 1.33945
1.125 1.97557 2.625 2.25 1.54652 1.82385 1.79447 2.25 2.42927 0.96447
1.82537 2.35054 3 1.875 1.92157 2.57391 1.79444 2.625 2.4324 1.33949
1.4505 2.72552 3 2.25 2.29694 2.19908 1.41938 2.25 3.18708 1.33952
2.25 2.85016 3 2.625 1.67509 2.94922 1.80222 3.375 2.44068 2.08954
2.20559 2.85786 1.875 2.25 3.2066 2.95134 3.07423 2.25 2.45339 2.86784
2.25 2.11475 2.25 2.25 3.29154 1.875 3 1.5 2.82155 2.25
3.35856 2.87826 3.375 3.375 3 2.975 3.375 3.375 3.22228 3.75
3.75 3.29573 3.75 3 3.75 3.375 3.75 3.75 3.64745 3
3.75 3.75 3.75 3.75 3.75 3.75 3.75 3.75 3.68574 3.75
3.75 3.75 3.75 3.75 3.75 3.75 3.75 3.75 3.75 3.75
3.75 3.75 3.75 3.75 3.75 3.75 3.75 3.75 3.75 3.75
3.75 3.75 3.75 3.75 3.75 3.75 3.75 3.75 3.75 3.75
3.75 3.75 3.75 3.75 3.75 3.75 3.75 3.75 3.75 3.75
3.75 3.75 3.75 3.75 3.75 3.75 3.75 3.75 3.75 3.75
3.75 3.75 3.75 3.75 3.75 3.75 3.75 3.75 3.75 3.75
3.75 3.75 3.75 3.75 3.75 3.75 3.75 3.75 3.75 3.75
