0.375 0.375 0 0.75 0.75 0.75 1.5 0 0 0.375
0.75 0.375 0.375 0.375 1.125 1.125 1.125 1.125 0.75 0.375
0.75 0.375 0.375 0.375 1.125 1.125 1.125 1.125 0.75 0.375
0.75 0.375 0.375 0.375 1.125 1.5 1.125 1.125 0.75 0.375
0.75 0.375 0.375 0.375 1.125 1.5 1.125 1.5 1.125 0.375
0.75 0.375 0.375 0.375 2.25 1.5 1.125 1.5 1.125 0.375
0.75 0.375 0.75 0.75 2.25 1.5 1.875 1.5 1.125 0.375
1.125 0.75 1.125 0.75 2.25 1.875 1.875 1.5 1.5 0.375
0.75 1.125 1.875 1.5 1.875 1.875 2.25 2.625 1.875 1.5
0.75 2.25 2.25 2.25 2.25 1.875 2.25 2.25 3.375 2.25
3.375 3.375 3.375 2.625 3.375 2.25 2.625 2.625 2.625 2.625
3.75 3.75 3.75 3.75 1.875 3.375 3 3.375 3 3.375
3.75 3.75 3.75 3.75 3.375 3.75 3.75 3.75 3.75 3.75
3.75 3.75 3.75 3.75 3.375 3.75 3.75 3.75 3.75 3.75
3.75 3.75 3.75 3.75 3.75 3.75 3.75 3.75 3.75 3.75
3.75 3.75 3.75 3.75 3.75 3.75 3.75 3.75 3.75 3.75
3.75 3.75 3.75 3.75 3.75 3.75 3.75 3.75 3.75 3.75
3.75 3.75 3.75 3.75 3.37524 3.75 3.75 3.75 3.75 3.75
3.75 3.75 3.75 3.75 3.375 3.75 3.75 3.75 3.75 3.75
3.24425 3.00203 2.86127 3.24335 2.99881 3.52955 3.58962 2.92335 2.25639 3.20284
3.23884 3.00209 2.67574 3.22262 2.98132 3.5131 3.58405 2.87892 2.25636 3.19923
