2.95114 3.375 3 3.375 3.75 3.75 3 3.375 3.66559 2.625
2.94887 3.375 3.375 3.375 3.75 3 3 3.375 3.29067 3.75
3.69923 3.75 3 3 3.75 3.75 3.75 3.375 3.29083 3
3.71039 2.25 3.375 3.75 3 3 2.625 3.375 3.29115 3.375
3.33663 3.75 3.375 3.75 3.75 3 3.75 2.625 3.66794 3.75
2.96185 3.75 3.375 2.25 3.375 3 3.375 3.375 3.67189 3.375
3.7193 3.375 3.375 3.375 3.75 3.375 3.75 3 3.29836 3
3.72661 3.375 3.75 3.375 3.375 3.375 3.375 1.5 3.29832 3.75
3.36136 3.375 3.75 3.375 3 3.75 3.375 3.75 3.75 3.375
3.375 3.75 3 3.75 3.75 3.75 3.75 3.75 3.375 3.75
3.75 3.375 3.375 3.75 3.375 3.75 3.75 3.75 3.34961 3.75
3.75 3.75 3.75 3.75 3.75 3.75 3.75 3 3.75 3.75
3.75 3.75 3.75 3.75 3.75 3.75 3.75 3.75 3.73977 3
3.75 3.75 3.75 3.75 3.75 3.75 3.75 3.75 3.75 3.75
3.75 3.75 3.75 3.75 3.75 3.75 3.75 3.75 3.75 3.75
3.75 3.75 3.75 3.75 3.75 3.75 3.75 3.75 3.75 3.75
3.75 3.75 3.75 3.75 3.75 3.75 3.75 3.75 3.75 3.75
3.75 3.75 3.75 3.75 3.75 3.75 3.75 3.75 3.75 3.75
3.75 3.75 3.75 3.75 3.75 3.75 3.37502 3.75 3.75 3.22558
2.50087 2.40611 3.1599 3.14573 3.14542 2.98425 2.4186 3.16107 2.57673 2.83345
2.48865 2.5011 3.15235 3.14493 3.14518 2.92676 2.4183 3.15965 2.57611 2.82477
