3.68993 3.75 3.75 3.75 3.75 3.75 3.75 3.75 3.64811 3.75
3.6932 3.75 3.75 3.75 3.75 3.75 3.75 3.75 3.64558 3.75
3.6974 3.75 3.75 3.75 3.75 3.75 3.75 3.75 3.65104 3.75
3.70163 3.75 3.75 3.75 3.75 3.75 3.75 3.75 3.65401 3.75
3.70609 3.75 3.75 3.75 3.75 3.75 3.75 3.75 3.6585 3.75
3.71134 3.75 3.75 3.75 3.75 3.75 3.75 3.75 3.66557 3.75
3.71046 3.75 3.75 3.75 3.75 3.75 3.75 3.75 3.66817 3.75
3.7219 3.75 3.75 3.75 3.75 3.75 3.75 3.75 3.68019 3.75
3.72209 3.75 3.75 3.75 3.75 3.75 3.75 3.75 3.69201 3.75
3.73319 3.75 3.75 3.75 3.75 3.75 3.75 3.75 3.72853 3.75
3.73498 3.75 3.75 3.75 3.75 3.75 3.75 3.75 3.74479 3.75
3.75 3.75 3.75 3.75 3.75 3.75 3.75 3.75 3.7455 3.75
3.75 3.75 3.75 3.75 3.75 3.75 3.75 3.75 3.74783 3.75
3.75 3.75 3.75 3.75 3.75 3.75 3.75 3.75 3.75 3.75
3.75 3.75 3.75 3.75 3.75 3.75 3.75 3.75 3.75 3.75
3.75 3.75 3.75 3.75 3.75 3.75 3.75 3.75 3.75 3.75
3.75 3.75 3.75 3.75 3.75 3.75 3.75 3.75 3.75 3.75
3.75 3.75 3.75 3.75 3.75 3.75 3.75 3.75 3.75 3.75
3.75 3.75 3.75 3.75 3.75 3.75 3.75 3.75 3.75 3.75
3.75 3.75 3.75 3.75 3.75 3.75 3.75 3.75 3.75 3.75
3.75 3.75 3.75 3.75 3.75 3.75 3.75 3.75 3.75 3.75
