0.375 0.375 0 0.75 1.3403 0.75 1.875 0 0.375 0.58918
0.375 1.125 0.75 1.125 1.71529 0.75 1.875 0 0.75 0.96427
0.375 1.125 0.75 1.125 1.71529 0.75 1.875 0 0.75 1.33937
0.375 1.5 0.75 1.875 1.71528 1.125 1.5 0.375 0.75 1.33946
0.375 1.5 1.125 1.875 1.71526 1.125 1.5 0.75 1.125 1.33955
0.75 1.5 1.125 1.875 1.71523 1.125 1.875 0.75 1.5 2.08965
1.875 1.5 1.5 2.25 1.71523 1.5 1.875 1.125 1.5 2.08974
1.875 1.875 1.5 2.25 1.71518 1.5 1.875 1.5 1.875 2.46485
2.25 1.5 1.5 2.625 2.84013 1.125 1.875 1.5 1.875 2.625
1.875 2.25 1.875 1.875 2.09402 1.125 2.625 1.875 0.75 3
2.625 3.375 2.625 1.875 1.41551 1.875 2.625 2.25 3 2.25
3.75 3.375 3 3.375 2.625 2.25 3.375 2.625 3.75 3
3.75 3.375 3.75 3.75 3 3.375 3.375 3.75 3.75 3.375
3.75 3.375 3.75 3.75 3.375 3.75 3.75 3.75 3.75 3.75
3.75 3.75 3.75 3.75 3.375 3.75 3.75 3.75 3.75 3.75
3.75 3.75 3.75 3.75 3.75 3.75 3.75 3.75 3.75 3.75
3.75 3.75 3.75 3.75 3.75 3.75 3.75 3.75 3.75 3.75
3.75 3.75 3.75 3.75 3.75 3.75 3.75 3.75 3.75 3.75
3.75 3.75 3.75 3.75 3.25467 3.75 3.75 3.75 3.75 3.75
2.7612 2.76292 2.42397 3.19883 3.24562 3.00304 3.00238 3.35298 2.79503 3.33178
2.75431 2.75652 2.41946 3.18635 3.23347 3.00279 3.00196 3.3274 2.79175 3.32321
