3.64254 3.75 3.75 3.71869 3.75 3.71087 3.75 3.75 3.51951 3.75
3.64255 3.75 3.75 3.72228 3.75 3.71624 3.75 3.75 3.51942 3.75
3.64258 3.75 3.75 3.72557 3.75 3.72201 3.75 3.75 3.51949 3.75
3.64731 3.75 3.75 3.72899 3.75 3.7291 3.75 3.75 3.51974 3.75
3.65274 3.75 3.75 3.73195 3.75 3.73619 3.75 3.75 3.53651 3.75
3.6585 3.75 3.75 3.73479 3.75 3.74083 3.75 3.75 3.53809 3.75
3.66362 3.75 3.75 3.73718 3.75 3.74501 3.75 3.75 3.51914 3.75
3.67006 3.75 3.375 3.73916 3.75 3.74977 3.75 3.75 3.5442 3.75
3.67683 3.75 3.75 3.74062 3.75 3.75 3.75 3.75 3.5464 3.75
3.70124 3.75 3.75 3.74301 3.75 3.75 3.75 3.75 3.56988 3.75
3.70619 3.75 3.75 3.75 3.75 3.75 3.75 3.75 3.57515 3.75
3.72819 3.75 3.75 3.75 3.75 3.75 3.75 3.75 3.60122 3.75
3.75 3.75 3.75 3.75 3.75 3.75 3.75 3.75 3.64572 3.75
3.75 3.75 3.75 3.75 3.75 3.75 3.75 3.75 3.69231 3.75
3.75 3.75 3.75 3.75 3.75 3.75 3.75 3.75 3.73173 3.75
3.75 3.75 3.75 3.75 3.75 3.75 3.75 3.75 3.75 3.75
3.75 3.75 3.75 3.75 3.75 3.75 3.75 3.75 3.75 3.75
3.75 3.75 3.75 3.75 3.75 3.75 3.75 3.75 3.75 3.75
3.75 3.75 3.75 3.75 3.75 3.75 3.75 3.75 3.75 3.75
3.75 3.75 3.75 3.75 3.75 3.75 3.75 3.75 3.75 3.75
3.75 3.75 3.75 3.75 3.75 3.75 3.75 3.75 3.75 3.75
