1.125 0.375 0.375 1.125 0.375 1.125 0 0.375 0 0.375
1.125 0.375 0.375 1.125 1.125 0.75 0.375 0.75 0.375 0.75
1.125 0.375 0.375 1.125 1.875 0.75 0.375 0.75 0.375 0.75
1.875 0.75 0.375 1.5 1.875 0.75 0.75 0.75 0.375 1.125
1.875 1.125 0.375 1.5 1.875 0.75 0.75 0.375 0.375 1.125
1.875 0.75 0.75 1.5 2.625 1.125 0.75 0.375 0.375 1.125
1.875 1.125 1.125 1.5 2.625 1.125 1.125 0.375 0.375 1.125
1.5 0.75 2.25 1.5 3 1.5 1.5 0.375 0.75 1.125
2.25 1.875 2.25 1.125 2.625 2.625 1.125 0.75 1.125 1.125
3 2.625 1.875 2.25 1.5 2.625 1.875 2.625 2.625 2.625
3.375 3 1.875 3 2.625 2.625 3 3.375 3.375 3
3.375 3.75 3 3.75 3.375 3.375 3.75 3.75 3.375 3
3.75 3.75 3.375 3.75 3.75 3.75 3.75 3.75 3.75 3.75
3.75 3.75 3.75 3.75 3.75 3.75 3.75 3.75 3.75 3.75
3.75 3.75 3.75 3.75 3.75 3.75 3.75 3.75 3.75 3.75
3.75 3.75 3.75 3.75 3.75 3.75 3.75 3.75 3.75 3.75
3.75 3.75 3.75 3.75 3.75 3.75 3.75 3.75 3.75 3.75
3.75 3.75 3.75 3.75 3.75 3.75 3.75 3.75 3.75 3.75
3.75 3.75 3.75 3.75 3.75 3.75 3.75 3.75 3.75 3.37504
3.28416 3.37669 3.60489 2.25639 2.40022 3.12427 2.47028 2.43516 3.06599 2.76958
3.30092 3.37657 3.59836 2.25595 2.38818 3.02455 2.46418 2.42342 3.05058 2.76024
