0.375 1.875 0.75 0.75 3 0.375 1.5 1.875 1.125 1.875
1.125 1.5 1.875 1.125 2.25 0.375 2.25 2.25 1.5 1.875
1.5 1.125 1.5 2.25 3 0.75 1.875 1.125 1.875 2.25
1.5 1.875 1.5 1.875 2.25 1.125 1.5 1.5 1.5 1.875
1.125 1.5 1.5 1.875 2.625 1.5 2.625 1.125 1.875 2.625
1.5 1.875 0.375 2.25 3 0.75 1.5 2.25 1.5 2.625
1.5 1.5 0.75 2.25 2.625 0.375 2.25 1.5 1.5 1.125
1.5 1.5 0.375 2.25 3 1.125 2.25 1.5 1.125 1.5
2.25 1.875 1.875 2.625 2.625 0.375 2.25 1.125 2.25 1.875
2.25 1.5 2.25 1.875 3 1.125 2.625 1.125 2.25 1.5
3 2.625 3.375 3 2.25 3 2.25 2.625 2.25 0.375
3.375 3.75 2.625 3 3 2.625 2.625 2.25 3.375 3
3.75 3.75 3.75 3.75 3.75 3.75 3 3.75 3.75 3.75
3.75 3.75 3.75 3.75 3.75 3.75 3.375 3.75 3.75 3.75
3.75 3.75 3.75 3.75 3.75 3.75 3.375 3.75 3.75 3.75
3.75 3.75 3.75 3.75 3.75 3.75 3.75 3.75 3.75 3.75
3.75 3.75 3.75 3.75 3.75 3.75 3.75 3.75 3.75 3.75
3.75 3.75 3.75 3.75 3.75 3.75 3.75 3.75 3.75 3.75
3.75 3.75 3.75 3.75 3.75 3.75 3.75 3.75 3.75 3.75
3.75 3.75 3.75 3.75 3.75 3.75 3.75 3.60267 3.75 3.75
3.54668 3.75 3.75 3.19833 3.6564 3.75 3.70091 3.5703 3.37589 3.64858
