3.65403 3.75 3.75 3.66142 3.75 3.75 3.75 3.75 3.75 3.75
3.67479 3.75 3.75 3.65968 3.75 3.75 3.75 3.75 3.75 3.75
3.67436 3.75 3.75 3.66144 3.75 3.75 3.75 3.75 3.75 3.75
3.67485 3.75 3.75 3.66138 3.75 3.75 3.75 3.75 3.75 3.75
3.67796 3.75 3.75 3.66145 3.75 3.75 3.75 3.75 3.75 3.75
3.66048 3.375 3.75 3.66155 3.75 3.75 3.75 3.75 3.75 3.75
3.68336 3.75 3.75 3.6616 3.75 3.75 3.75 3.75 3.75 3.75
3.68759 3.75 3.75 3.66152 3.75 3.75 3.75 3.75 3.75 3.75
3.68995 3.75 3.75 3.286 3.75 3.75 3.75 3.75 3.75 3.75
3.67197 3.75 3.75 3.66039 3.75 3.75 3.75 3.75 3.75 3.75
3.69643 3.75 3.75 3.66458 3.75 3.75 3.75 3.75 3.75 3.75
3.70012 3.75 3.75 3.67359 3.75 3.75 3.75 3.75 3.75 3.75
3.72736 3.75 3.75 3.69769 3.75 3.75 3.75 3.75 3.75 3.75
3.75 3.75 3.75 3.73301 3.75 3.75 3.75 3.75 3.75 3.75
3.75 3.75 3.75 3.75 3.75 3.75 3.75 3.75 3.75 3.75
3.75 3.75 3.75 3.75 3.75 3.75 3.75 3.75 3.75 3.75
3.75 3.75 3.75 3.75 3.75 3.75 3.75 3.75 3.75 3.75
3.75 3.75 3.75 3.75 3.75 3.75 3.75 3.75 3.75 3.75
3.75 3.75 3.75 3.75 3.75 3.75 3.75 3.75 3.75 3.75
3.75 3.75 3.75 3.75 3.75 3.75 3.75 3.75 3.75 3.75
3.75 3.75 3.75 3.75 3.75 3.75 3.75 3.75 3.75 3.75
