3.6789 3.75 3.75 3.71333 3.75 3.75 3.75 3.75 3.75 3.75
3.67891 3.375 3.75 3.71353 3.75 3.75 3.75 3.75 3.75 3.75
3.67892 3.75 3.75 3.68897 3.75 3.75 3.75 3.75 3.75 3.75
3.67899 3.75 3.75 3.68905 3.75 3.75 3.75 3.75 3.75 3.75
3.68167 3.75 3.75 3.72115 3.75 3.75 3.75 3.75 3.75 3.75
3.68486 3.75 3.75 3.71392 3.75 3.75 3.75 3.75 3.75 3.75
3.67001 3.75 3.75 3.68955 3.75 3.75 3.75 3.75 3.75 3.75
3.69208 3.75 3.75 3.66288 3.75 3.75 3.75 3.75 3.75 3.75
3.69492 3.75 3.75 3.66342 3.75 3.75 3.75 3.75 3.75 3.75
3.72559 3.75 3.75 3.72977 3.75 3.75 3.75 3.75 3.75 3.75
3.7002 3.75 3.75 3.74311 3.375 3.75 3.75 3.75 3.75 3.75
3.74032 3.75 3.75 3.75 3.75 3.75 3.75 3.75 3.75 3.75
3.75 3.75 3.75 3.75 3.75 3.75 3.75 3.75 3.75 3.75
3.75 3.75 3.75 3.75 3.75 3.75 3.75 3.75 3.75 3.75
3.75 3.75 3.75 3.75 3.75 3.75 3.75 3.75 3.75 3.75
3.75 3.75 3.75 3.75 3.75 3.75 3.75 3.75 3.75 3.75
3.75 3.75 3.75 3.75 3.75 3.75 3.75 3.75 3.75 3.75
3.75 3.75 3.75 3.75 3.75 3.75 3.75 3.75 3.75 3.75
3.75 3.75 3.75 3.75 3.75 3.75 3.75 3.75 3.75 3.75
3.75 3.75 3.75 3.75 3.75 3.75 3.75 3.75 3.75 3.75
3.75 3.75 3.75 3.75 3.75 3.75 3.75 3.75 3.75 3.75
