3.58779 3.75 3.75 3.66886 3.75 3.75 3.75 3.75 3.75 3.75
3.5878 3.75 3.75 3.66866 3.75 3.75 3.75 3.75 3.75 3.75
3.58781 3.75 3.75 3.66843 3.75 3.75 3.75 3.75 3.75 3.75
3.58785 3.75 3.75 3.66824 3.75 3.75 3.75 3.75 3.75 3.75
3.58796 3.75 3.75 3.66813 3.75 3.75 3.75 3.75 3.75 3.75
3.5882 3.75 3.75 3.66822 3.75 3.75 3.75 3.75 3.75 3.75
3.58954 3.75 3.75 3.66965 3.75 3.75 3.75 3.75 3.75 3.75
3.59303 3.75 3.75 3.67493 3.75 3.75 3.75 3.75 3.75 3.75
3.60371 3.75 3.75 3.67577 3.75 3.75 3.75 3.75 3.75 3.75
3.6081 3.75 3.75 3.67578 3.75 3.75 3.75 3.75 3.75 3.75
3.61113 3.75 3.75 3.67577 3.75 3.75 3.75 3.75 3.75 3.75
3.60518 3.75 3.75 3.67063 3.75 3.75 3.75 3.75 3.75 3.75
3.62104 3.75 3.75 3.69791 3.75 3.75 3.75 3.75 3.75 3.75
3.65762 3.75 3.75 3.7349 3.75 3.75 3.75 3.75 3.75 3.75
3.70049 3.75 3.75 3.75 3.75 3.75 3.75 3.75 3.75 3.75
3.74049 3.75 3.75 3.75 3.75 3.75 3.75 3.75 3.75 3.75
3.75 3.75 3.75 3.75 3.75 3.75 3.75 3.75 3.75 3.75
3.75 3.75 3.75 3.75 3.75 3.75 3.75 3.75 3.75 3.75
3.75 3.75 3.75 3.75 3.75 3.75 3.75 3.75 3.75 3.75
3.75 3.75 3.75 3.75 3.75 3.75 3.75 3.75 3.75 3.75
3.75 3.75 3.75 3.75 3.75 3.75 3.75 3.75 3.75 3.75
