0.375 1.125 1.125 0.375 0.75 0 0.375 1.125 1.125 0.375
0.75 0.75 1.125 0.375 1.125 0.75 1.5 0.75 1.125 1.875
0.75 0.75 1.125 0.375 1.5 0.75 1.5 0.75 0.75 1.875
1.125 0.75 1.125 0.375 1.5 0.75 1.5 0.75 0.75 1.875
0.75 0.75 1.125 0.75 1.5 0.75 1.5 1.125 0.75 1.875
0.75 0.75 0.75 0.75 1.5 0.75 1.5 1.125 0.75 2.25
0.75 0.75 1.125 0.75 1.5 1.125 1.5 1.125 1.5 2.625
1.125 1.875 1.5 0.75 1.875 1.125 1.5 1.5 1.5 3.375
2.625 1.5 2.25 1.125 2.25 1.875 2.25 1.875 1.5 3
2.625 1.875 3 1.875 1.5 1.875 3.375 3.375 2.625 1.875
3.375 2.625 2.25 3 2.25 3.75 2.25 3.375 3.375 1.5
3.75 3.375 3.375 3.375 3.375 3.75 2.625 3.375 3.375 3.375
3.75 3.75 3.75 3.75 3.75 3.75 3.75 3.75 3.375 3.75
3.75 3.75 3.75 3.75 3.75 3.75 3.75 3.75 3.75 3.75
3.75 3.75 3.75 3.75 3.75 3.75 3.75 3.75 3.75 3.75
3.75 3.75 3.75 3.75 3.75 3.75 3.75 3.75 3.75 3.75
3.75 3.75 3.75 3.75 3.75 3.75 3.75 3.75 3.75 3.75
3.75 3.75 3.75 3.75 3.75 3.75 3.75 3.75 3.75 3.75
3.75 3.75 3.75 3.75 3.75 3.75 3.75 3.75 3.75 3.75
2.72362 3.40892 3.3766 2.90441 2.95803 3.14289 2.62883 3.75 3.20314 2.78567
2.2849 3.4089 3.37658 2.88808 2.95112 3.12145 2.62856 3.66611 3.15775 2.76671
