0.375 0.75 0.9696 0.375 0.75 0.75 1.875 1.5 0.375 0.98955
0.375 0.75 1.7196 0.75 1.5 1.5 1.875 1.875 0.75 0.98955
0.375 1.125 1.71961 0.75 1.875 1.5 1.875 1.875 0.75 0.98955
0.75 1.5 1.71961 0.75 2.25 1.5 1.875 1.875 1.125 0.61457
0.75 1.5 1.34459 1.125 2.25 1.5 1.875 1.875 1.125 0.61478
1.125 2.25 1.34456 2.625 1.875 1.5 2.25 1.875 1.125 1.36597
1.125 2.625 1.34455 2.625 2.625 1.5 2.25 1.5 1.125 1.36594
1.125 2.625 1.71952 2.625 3.375 1.5 2.625 1.5 1.125 1.36622
1.125 1.875 2.09448 2.625 3.375 1.875 2.625 1.125 1.875 2.49172
1.125 1.5 2.625 1.5 2.625 1.875 2.25 1.5 2.625 3.24224
2.625 3 3 3.375 2.625 1.875 3 1.875 2.625 1.74277
3.375 3.75 3.75 3 3.375 2.625 3 2.625 2.25 1.74687
3.75 3.75 3.75 3.375 3.375 3.375 3.375 3.75 3.375 2.88373
3.75 3.75 3.75 3.75 3.75 3.75 3.75 3.75 3.75 3.64466
3.75 3.75 3.75 3.75 3.75 3.75 3.75 3.375 3.75 3.75
3.75 3.75 3.75 3.75 3.75 3.75 3.75 3.75 3.75 3.75
3.75 3.75 3.75 3.75 3.75 3.75 3.75 3.75 3.75 3.75
3.75 3.75 3.75 3.75 3.75 3.75 3.75 3.75 3.75 3.75
3.75 3.75 3.75 3.75 3.75 3.75 3.75 3.75 3.75 3.75
2.46931 3.75 2.62025 3.37169 2.88561 3.15175 3.58062 3.2274 3.0086 3.75
2.46521 3.75 2.60156 3.36587 2.87964 3.1563 3.5763 3.22743 2.97694 3.75
