0.75 1.5 1.125 0.375 1.875 1.125 1.125 2.25 1.125 1.125
1.875 1.875 1.125 0.75 1.125 1.125 1.875 1.5 1.125 1.875
1.5 1.5 0.375 1.125 1.5 1.125 1.5 1.875 1.125 1.5
1.125 1.875 1.875 1.5 1.875 1.125 2.25 1.5 1.5 1.5
1.125 2.25 1.5 0.75 2.625 1.125 1.5 1.875 1.875 1.875
1.5 1.5 0.75 1.875 2.25 0.75 1.875 1.875 0.75 2.25
1.875 1.5 2.25 1.5 1.875 0.75 1.5 1.5 1.125 1.875
1.875 2.625 0.75 1.5 2.25 1.125 1.875 1.5 1.5 2.625
1.125 2.25 1.5 1.5 1.875 1.5 2.625 1.125 1.875 2.25
2.25 1.5 1.5 1.5 2.25 2.625 2.25 1.5 1.5 1.875
2.625 2.625 2.25 1.875 3.375 3 3 3.375 2.625 3.375
3.75 3.75 3.75 3.75 3.75 3.375 1.875 3.375 3.75 2.625
3.75 3.375 3 3.375 3.75 3 3.75 3.375 3.75 3.75
3.75 3.75 3.75 3.75 3.75 3.375 3.75 3.75 3.75 3.75
3.75 3.75 3.75 3.75 3.75 3.75 3.75 3.75 3.75 3.75
3.75 3.75 3.75 3.75 3.75 3.75 3.75 3.75 3.75 3.75
3.75 3.75 3.75 3.75 3.75 3.75 3.75 3.75 3.75 3.75
3.75 3.75 3.75 3.75 3.75 3.75 3.75 3.75 3.75 3.75
3.75 3.75 3.75 3.75 3.75 3.75 3.75 3.75 3.75 3.75
3.75 3.75 3.75 3.75 3.75 3.75 3.75 3.75 3.75 3.75
3.75 3.75 3.75 3.75 3.75 3.58961 3.75 3.66476 3.75 3.75
