0.28853 0.375 0.75 0.375 0.375 0.375 1.5 1.125 0.75 1.5
0.28862 0.75 0.75 1.125 0.375 0.375 2.25 1.125 0.75 2.625
0.28882 0.75 0.75 1.5 0.75 0.375 2.25 1.125 0.75 2.625
0.28907 0.75 1.5 1.875 1.125 0 2.625 1.125 0.75 2.25
0.29074 0.75 1.875 2.25 1.5 0 2.625 1.125 0.75 2.25
0.66954 1.125 1.875 2.625 2.625 0.75 2.625 1.5 0.92364 2.625
1.42235 1.5 1.875 2.625 3 0.75 3 1.5 1.29896 3
1.80978 1.5 1.875 2.625 3.75 0.75 2.625 1.875 1.125 3.375
1.47134 1.875 3 3 2.625 1.5 2.25 2.625 0.75 3.375
2.2186 2.625 2.25 2.25 1.5 2.25 3.375 1.5 2.25 1.875
2.625 3 2.25 2.625 2.625 2.625 2.625 1.875 3 1.5
3.75 3.375 3.75 3 3.375 3.75 3.375 3 3.375 3
3.75 3.75 3.75 3.375 3.75 3.75 3.75 3.75 3.69376 3.75
3.75 3.75 3.75 3.75 3.75 3.75 3.75 3.75 3.75 3.75
3.75 3.75 3.75 3.75 3.75 3.75 3.75 3.75 3.75 3.75
3.75 3.75 3.75 3.75 3.75 3.75 3.75 3.75 3.75 3.75
3.75 3.75 3.75 3.75 3.75 3.75 3.75 3.75 3.75 3.75
3.75 3.75 3.75 3.75 3.75 3.75 3.75 3.75 3.75 3.75
3.75 3.75 3.75 3.75 3.75 3.75 3.75 3.75 3.75 3.75
3.00299 3.15618 3.75 2.78963 3.66138 3.37686 3.29195 3.07163 3.61796 2.04441
3.00308 3.1521 3.75 2.78046 3.65551 3.37688 3.28067 3.07159 3.60435 2.0336
