0.75 1.875 1.125 2.25 0.375 1.5 1.5 1.125 0 1.875
0.75 1.5 1.5 2.625 1.5 1.5 1.875 1.875 0.375 1.5
1.5 1.5 1.125 1.875 1.125 0.75 2.25 1.125 1.125 2.25
1.125 1.5 1.5 1.875 1.125 0.75 2.25 1.5 0 3.375
0.75 1.875 2.625 2.25 1.875 1.125 1.875 1.125 0.75 2.25
1.125 1.875 1.5 2.25 1.875 0.75 2.25 2.625 0.75 3
1.875 1.875 1.5 2.625 2.625 0.75 1.5 1.875 0.375 2.25
2.25 1.875 1.5 2.25 3 0.75 2.25 2.25 1.5 3
1.5 1.5 1.5 2.625 2.625 2.25 2.25 2.25 0.75 2.625
1.875 1.5 1.875 1.125 1.875 1.125 2.625 2.625 2.25 2.25
2.25 3 3 2.25 3 2.625 3 1.5 3 2.25
3 3.375 3.375 3.75 3 3.375 2.625 3 3.75 2.625
3.375 3.375 3.75 3.75 3.375 3.375 3.375 3.75 3.75 3
3.75 3.75 3.75 3.75 3.375 3.75 3 3.75 3.75 3
3.75 3.75 3.75 3.75 3.75 3.75 3.375 3.75 3.75 3.375
3.75 3.75 3.75 3.75 3.75 3.75 3.75 3.75 3.75 3.75
3.75 3.75 3.75 3.75 3.75 3.75 3.75 3.75 3.75 3.75
3.75 3.75 3.75 3.75 3.75 3.75 3.75 3.75 3.75 3.75
3.75 3.75 3.75 3.75 3.75 3.75 3.75 3.75 3.75 3.75
3.75 3.75 3.75 3.75 3.75 3.75 3.75 3.75 3.75 3.75
3.75 3.75 3.75 3.75 3.75 3.75 3.75 3.75 3.75 3.75
