3.71931 3.75 3.75 3.74659 3.75 3.75 3.75 3.75 3.75 3.75
3.71883 3.75 3.75 3.74642 3.75 3.75 3.75 3.75 3.75 3.75
3.71938 3.75 3.75 3.74695 3.75 3.75 3.75 3.75 3.75 3.75
3.7191 3.75 3.75 3.74668 3.75 3.75 3.75 3.75 3.75 3.75
3.69706 3.75 3.75 3.75 3.75 3.75 3.75 3.75 3.75 3.75
3.72 3.75 3.75 3.75 3.75 3.75 3.75 3.75 3.75 3.75
3.69975 3.75 3.75 3.69427 3.75 3.75 3.75 3.75 3.75 3.75
3.70278 3.75 3.75 3.75 3.75 3.75 3.75 3.75 3.75 3.75
3.72786 3.75 3.75 3.69474 3.75 3.75 3.75 3.75 3.75 3.75
3.73152 3.75 3.75 3.69473 3.75 3.75 3.75 3.75 3.75 3.75
3.75 3.75 3.75 3.75 3.75 3.75 3.75 3.75 3.75 3.75
3.75 3.75 3.75 3.72393 3.75 3.75 3.75 3.75 3.75 3.75
3.75 3.75 3.75 3.75 3.75 3.75 3.75 3.75 3.75 3.75
3.75 3.75 3.75 3.75 3.75 3.75 3.75 3.75 3.75 3.75
3.75 3.75 3.75 3.75 3.75 3.75 3.75 3.75 3.75 3.75
3.75 3.75 3.75 3.75 3.75 3.75 3.75 3.75 3.75 3.75
3.75 3.75 3.75 3.75 3.75 3.75 3.75 3.75 3.75 3.75
3.75 3.75 3.75 3.75 3.75 3.75 3.75 3.75 3.75 3.75
3.75 3.75 3.75 3.75 3.75 3.75 3.75 3.75 3.75 3.75
3.75 3.75 3.75 3.75 3.75 3.75 3.75 3.75 3.75 3.75
3.75 3.75 3.75 3.75 3.75 3.75 3.75 3.75 3.75 3.75
