0.75 0.375 0.75 0.375 0.375 0.375 0.75 0.375 0.375 1.125
0 0.75 0.75 1.5 0.75 1.125 1.5 0.75 0 0.75
0 0.75 0.75 1.5 1.125 1.125 1.875 0.75 0 0.75
0 1.125 0.75 1.5 1.125 1.125 1.875 0.75 0 0.375
0 1.5 0.75 1.5 1.125 1.125 1.875 0.75 0 0.375
0.375 1.5 0.75 1.5 1.5 1.125 1.875 0.75 0 0.75
0.375 1.5 0.375 1.5 1.875 1.125 1.5 0.75 0 0.75
0.75 1.5 0.375 1.5 1.875 1.5 1.5 1.125 0 1.125
0.75 2.25 0.375 2.25 2.25 1.875 1.875 1.875 0.75 0.375
2.25 1.5 2.25 2.25 2.25 2.625 2.625 3 3 2.625
3.375 3 3 2.625 3 2.625 2.625 3.375 3.375 3
3.75 3.75 3.375 3.75 3.375 3 3.75 3.375 3.75 3.375
3.75 3.75 3.75 3.75 3.75 3.375 3.75 3.375 3.75 3.75
3.75 3.75 3.75 3.75 3.75 3.75 3.75 3.75 3.75 3.75
3.75 3.75 3.75 3.75 3.75 3.75 3.75 3.75 3.75 3.75
3.75 3.75 3.75 3.75 3.75 3.75 3.75 3.75 3.75 3.75
3.75 3.75 3.75 3.75 3.75 3.75 3.75 3.75 3.75 3.75
3.75 3.75 3.75 3.75 3.75 3.75 3.75 3.75 3.75 3.75
3.75 3.75 3.75 3.75 3.75 3.75 3.75 3.75 3.75 3.75
2.93472 2.04708 3.27305 2.57617 2.62966 3.10772 3.13576 2.87774 2.48666 3.34633
2.92868 2.04151 2.86475 2.27709 2.62963 2.99392 3.13206 2.86361 2.45808 3.3262
