4.59207 4.74533 4.45402 4.31281 3.9457 4.54985 4.89044 4.92918 3.58317 5.07639
4.59968 4.74664 4.45489 4.314 3.94686 4.56447 4.8942 4.93398 3.58841 5.07859
4.69303 4.76756 4.47183 4.34649 3.9619 4.62992 4.92383 4.95246 3.61437 5.09622
5.22923 5.10393 4.86155 4.68546 4.33304 4.93826 5.12116 5.10425 3.92329 5.26657
5.88773 5.80452 5.54272 5.23822 5.05494 5.40255 5.69827 5.40433 4.50729 5.78192
6.46716 6.58077 6.26216 5.81199 5.90216 5.64789 6.2389 5.64884 5.26556 6.2708
6.85968 7.33892 6.87888 6.33401 6.70871 5.66101 6.61479 5.77373 5.57402 6.58156
7.08171 7.88878 7.32515 6.75424 7.44736 5.66095 6.78844 5.77616 5.5743 6.72702
7.2031 8.2881 7.55515 6.91838 8.02621 5.66092 6.79268 5.77621 5.57425 6.76514
7.2456 8.57061 7.61749 6.95449 8.23797 5.66092 6.79341 5.77625 5.57426 6.76562
7.25511 8.67531 7.63821 6.97479 8.30146 5.6609 6.79358 5.7762 5.57426 6.7656
7.25815 8.71187 7.64243 6.98465 8.31084 5.66092 6.79358 5.7762 5.57427 6.7656
7.25926 8.72237 7.64419 6.99316 8.31112 5.66089 6.79358 5.77619 5.57424 6.7656
7.25989 8.72529 7.64461 6.99863 8.31111 5.66087 6.79356 5.77619 5.57422 6.7656
7.25998 8.72596 7.64493 7.00316 8.31108 5.66084 6.79352 5.77617 5.5742 6.76557
7.26001 8.72612 7.64509 7.00617 8.31107 5.66084 6.7935 5.77616 5.5742 6.76554
7.26003 8.72617 7.64514 7.00838 8.31107 5.66084 6.7935 5.77615 5.5742 6.76553
7.26009 8.72621 7.6452 7.00947 8.31109 5.66087 6.79351 5.77615 5.5742 6.76554
7.26014 8.72627 7.64524 7.01044 8.3111 5.66089 6.79356 5.76686 5.57423 6.7656
7.26016 8.72628 7.64526 7.01047 8.31111 5.66089 6.79355 5.77619 5.57425 6.7656
7.26016 8.72628 7.64526 7.01047 8.31111 5.66089 6.79356 5.7762 5.57425 6.7656
