4.20078 4.47392 3.25391 3.72561 3.84113 4.41655 4.28218 3.63389 4.43184 3.80714
4.20189 4.47481 3.25425 3.72616 3.84181 4.41778 4.28285 3.63662 4.43273 3.80768
4.22695 4.48692 3.26208 3.73552 3.85177 4.42926 4.2929 3.66112 4.45732 3.81559
4.64749 4.81972 3.50529 4.05593 4.0858 4.70417 4.47999 3.85766 4.69515 3.94762
5.40975 5.6538 4.16472 4.71308 4.77902 5.23694 5.10235 4.35849 5.25348 4.53679
6.13891 6.58867 4.94352 5.49997 5.62369 5.6682 5.85231 4.95796 5.86888 5.35654
6.7739 7.50194 5.71222 6.22356 6.49734 5.91412 6.55412 5.73853 6.27613 6.07866
7.24368 8.26129 6.46659 6.91053 7.27032 5.93099 6.86538 6.03319 6.28548 6.48362
7.47888 8.82767 7.07034 7.31655 7.85784 5.93109 7.16237 6.03353 6.28561 6.58157
7.52687 8.9382 7.33723 7.39527 8.28121 5.93109 7.16247 6.03353 6.28563 6.58633
7.54974 8.97251 7.37822 7.40854 8.49604 5.93111 7.16245 6.03354 6.28562 6.5863
7.55855 8.97828 7.38084 7.40893 8.54646 5.93112 7.16245 6.03356 6.28563 6.58629
7.56117 8.98001 7.3813 7.40899 8.54798 5.93113 7.16245 6.03354 6.28561 6.58629
7.5625 8.98104 7.38146 7.40895 8.54843 5.93108 7.16241 6.03352 6.28558 6.58629
7.56289 8.98125 7.38157 7.40892 8.54853 5.93107 7.1624 6.0335 6.28555 6.58627
7.56312 8.98129 7.38161 7.40889 8.54851 5.93105 7.16239 6.03348 6.28554 6.58627
7.56331 8.98136 7.38164 7.40889 8.54852 5.93103 7.16239 6.03348 6.28553 6.58626
7.56341 8.98135 7.38165 7.40892 8.54854 5.93107 7.16239 6.03349 6.28557 6.58626
7.56346 8.9814 7.38168 7.40897 8.54859 5.9311 7.16242 6.03352 6.28558 6.58629
7.56348 8.97411 7.3817 7.40897 8.54859 5.93109 7.16242 6.03353 6.28558 6.58629
7.56349 8.9814 7.3817 7.40897 8.5486 5.93109 7.16242 6.03353 6.28558 6.58629
