4.75264 5.27059 4.93645 3.92006 4.6404 4.81925 5.34619 5.01877 5.50423 5.46565
4.77275 5.29158 4.95768 3.93647 4.65997 4.84124 5.36714 5.04016 5.52759 5.48895
4.79969 5.3156 4.98761 3.95341 4.68819 4.86726 5.39168 5.06307 5.55472 5.51581
4.83835 5.34784 5.03699 3.97204 4.72299 4.89695 5.42644 5.09092 5.59362 5.55259
4.90262 5.42241 5.12439 4.00105 4.79914 4.93606 5.50705 5.13299 5.64188 5.64041
5.1644 5.64035 5.34014 4.07991 4.96265 5.05796 5.72127 5.2639 5.81002 5.86742
5.62589 6.07679 5.67707 4.38677 5.37326 5.47894 6.16106 5.65102 6.15284 6.28692
6.15607 6.61483 6.11618 4.86699 5.86448 5.93159 6.68426 6.08596 6.59563 6.79541
6.71927 7.26453 6.60891 5.4719 6.45286 6.41953 7.32638 6.60368 7.07145 7.32544
7.28585 7.99347 7.19247 6.1588 7.1225 6.93666 7.98297 7.17119 7.57274 7.71098
7.7823 8.66199 7.71141 6.90583 7.76991 7.44218 8.57561 7.76905 8.12593 8.0032
8.13454 9.26957 8.17274 7.70098 8.42061 7.73622 8.8626 7.95706 8.29402 8.23889
8.3195 9.78975 8.58094 8.37501 9.03334 7.78763 8.88576 7.97401 8.313 8.49136
8.35528 10.07713 8.83905 8.87117 9.52746 7.80447 8.90275 7.99 8.33144 8.51005
8.37007 10.1055 8.88386 8.93452 9.63421 7.82085 8.9198 8.00597 8.34973 8.52639
8.38127 10.12023 8.89679 8.94738 9.64939 7.83726 8.93683 8.02198 8.36797 8.54269
8.39206 10.13386 8.90865 8.9595 9.66147 7.85369 8.95369 8.03791 8.38618 8.55899
8.4028 10.14667 8.92036 8.97149 9.67357 7.87011 8.97066 8.05386 8.40431 8.57527
8.41341 10.1593 8.93204 8.98335 9.68568 7.88652 8.98756 8.06967 8.42232 8.59128
8.42396 10.17194 8.94367 8.99515 9.69778 7.90287 9.00438 8.08526 8.44032 8.60723
8.43451 10.18456 8.95529 9.0069 9.70982 7.91923 9.02114 8.10073 8.45834 8.62314
