3.17576 3.4338 3.83663 3.82536 3.64093 4.43135 4.3862 4.2847 4.11598 4.93516
3.18902 3.43386 3.83673 3.82563 3.64914 4.439 4.38666 4.28505 4.11622 4.9548
3.23614 3.45441 3.84075 3.84916 3.66472 4.50171 4.40089 4.31891 4.14569 5.00761
3.53271 3.70177 4.09102 4.09391 3.86257 4.82944 4.69793 4.63354 4.50956 5.36326
4.04937 4.43075 4.69795 4.66914 4.49962 5.19341 5.30077 5.13121 4.99136 5.82378
4.69075 5.34714 5.41856 5.35379 5.31615 5.55306 5.94791 5.65889 5.47804 6.31605
5.30057 6.21557 6.07872 5.93206 6.05096 5.7655 6.52307 6.05447 5.75509 6.64038
5.81945 7.02596 6.64456 6.4193 6.66227 5.86116 6.99292 6.19455 5.80152 6.7596
6.22283 7.71166 7.10877 6.83091 7.18088 5.89167 7.17137 6.21703 5.8044 6.77121
6.55645 8.27568 7.46579 7.15477 7.56197 5.89466 7.17993 6.22298 5.80486 6.77157
6.73607 8.69871 7.70622 7.36442 7.88657 5.89465 7.1814 6.22382 5.80486 6.77158
6.83576 8.93287 7.79799 7.46339 8.14469 5.8947 7.18192 6.22408 5.80487 6.77164
6.84787 8.95186 7.81253 7.47913 8.24994 5.89457 7.18176 6.22389 5.8047 6.7715
6.84856 8.95289 7.81381 7.48125 8.25207 5.89437 7.18156 6.22366 5.80448 6.77128
6.84864 8.95313 7.81415 7.48185 8.25232 5.8943 7.1815 6.22355 5.80444 6.77121
6.84878 8.95324 7.81434 7.48207 8.25251 5.89436 7.18148 6.22364 5.80449 6.77122
6.84893 8.9534 7.81452 7.48235 8.2527 5.89453 7.18172 6.22383 5.80465 6.77139
6.84906 8.95358 7.81465 7.48256 8.25282 5.89464 7.18183 6.224 5.80483 6.77154
6.84916 8.95367 7.81477 7.48267 8.25293 5.89475 7.18191 6.22409 5.80493 6.77162
6.84916 8.95367 7.81478 7.48267 8.25295 5.89475 7.18192 6.2241 5.80493 6.77162
6.84916 8.95367 7.81478 7.48267 8.25295 5.89475 7.18192 6.22409 5.80493 6.77162
