4.51278 4.55253 4.33992 4.1185 3.99326 4.40856 4.80201 4.58887 3.57659 5.00496
4.52932 4.57003 4.35787 4.13372 4.00825 4.42561 4.82092 4.6067 3.58992 5.02598
4.55063 4.59019 4.37526 4.14842 4.02331 4.45231 4.83992 4.62505 3.60372 5.04618
4.58291 4.61248 4.39293 4.16501 4.0386 4.49385 4.86038 4.64234 3.61787 5.06714
4.67157 4.63512 4.41466 4.20705 4.05499 4.54673 4.89601 4.66574 3.63934 5.09151
4.86342 4.76202 4.53112 4.38086 4.1807 4.6767 5.00491 4.768 3.74791 5.19029
5.20551 5.09581 4.86929 4.67704 4.50156 4.91198 5.2425 4.98225 4.01678 5.44782
5.55575 5.53514 5.26734 5.01578 4.92875 5.14937 5.5538 5.21511 4.32545 5.75178
5.92059 6.01218 5.7106 5.36821 5.43421 5.37986 5.87677 5.4372 4.68068 6.06441
6.22965 6.48702 6.13413 5.72396 5.98719 5.56041 6.20247 5.61323 5.0905 6.31033
6.54271 7.00913 6.56338 6.09647 6.56634 5.68122 6.50138 5.77204 5.43709 6.55386
6.78452 7.5279 6.95001 6.43197 7.09899 5.72227 6.75152 5.86457 5.60032 6.73884
6.96747 7.94284 7.24265 6.73315 7.53929 5.73634 6.88502 5.89111 5.63149 6.88405
7.13145 8.34072 7.49713 6.90488 7.91568 5.74668 6.92557 5.90538 5.64253 6.96988
7.21198 8.60388 7.62848 6.97825 8.19819 5.75572 6.94055 5.91669 5.65192 6.99057
7.24452 8.72779 7.69357 7.01916 8.34257 5.76453 6.95374 5.92765 5.6609 7.0033
7.2601 8.75979 7.71642 7.04388 8.36811 5.77332 6.96643 5.93827 5.6698 7.01598
7.27062 8.77622 7.72764 7.05933 8.37893 5.78205 6.97898 5.94891 5.67866 7.02868
7.27923 8.78785 7.73738 7.07013 8.38871 5.79075 6.99159 5.95957 5.68753 7.04144
7.2869 8.79846 7.74666 7.0786 8.39805 5.79945 7.00421 5.97028 5.69646 7.0542
7.29444 8.80909 7.75568 7.08673 8.40736 5.80817 7.01683 5.98096 5.70538 7.06698
