4.29888 4.40304 4.16819 3.8841 3.77204 4.1612 4.65951 4.41708 3.65166 4.76578
4.29957 4.40317 4.16834 3.88897 3.77219 4.17305 4.66121 4.41713 3.65176 4.76593
4.3726 4.41087 4.17533 3.92026 3.79227 4.24323 4.6816 4.42333 3.66325 4.77397
4.74983 4.65963 4.48823 4.26241 4.11206 4.58733 4.97486 4.67517 3.99093 5.04398
5.34477 5.35316 5.13456 4.80672 4.80664 4.97006 5.46352 5.04022 4.47746 5.50899
5.95033 6.136 5.86309 5.3977 5.6497 5.33163 5.97455 5.40536 4.97482 5.97279
6.40433 6.83037 6.45787 5.88562 6.37091 5.55248 6.38769 5.65833 5.37073 6.30266
6.7376 7.39813 6.87877 6.2827 7.00525 5.58412 6.62323 5.72833 5.51572 6.48234
6.9643 7.84475 7.22387 6.58618 7.5151 5.58567 6.69368 5.74385 5.53236 6.60648
7.1209 8.21078 7.4516 6.76251 7.88675 5.58575 6.6978 5.74531 5.53308 6.65674
7.19138 8.49108 7.58072 6.83498 8.11678 5.58571 6.69826 5.74544 5.53309 6.65796
7.21632 8.62595 7.62622 6.8689 8.2099 5.58572 6.69827 5.74549 5.53308 6.65802
7.22305 8.66073 7.63402 6.89013 8.21769 5.58552 6.69808 5.74532 5.53288 6.65788
7.22581 8.6689 7.63488 6.90122 8.21837 5.58534 6.69791 5.74502 5.53266 6.65768
7.22633 8.67007 7.63514 6.90906 8.21851 5.58533 6.69786 5.74496 5.53262 6.65763
7.22662 8.6702 7.63537 6.91631 8.21863 5.58543 6.69793 5.74496 5.53275 6.65761
7.22684 8.67046 7.63548 6.91781 8.21879 5.58561 6.69809 5.7452 5.53288 6.65777
7.22696 8.67063 7.63563 6.91832 8.21892 5.58573 6.69821 5.74541 5.53306 6.6579
7.22707 8.67071 7.63579 6.91856 8.21901 5.58583 6.69831 5.74551 5.53315 6.658
7.22707 8.67071 7.6358 6.91863 8.21902 5.58583 6.69831 5.74551 5.53315 6.658
7.22707 8.67071 7.6358 6.91879 8.21902 5.58583 6.69831 5.74551 5.53315 6.658
