4.86651 4.97787 4.5772 4.36108 4.61097 4.58875 5.28098 5.17508 5.62523 5.08265
4.88547 4.9967 4.59565 4.37802 4.62705 4.60712 5.30037 5.19439 5.64849 5.10204
4.90568 5.01623 4.61816 4.39508 4.64552 4.62583 5.32126 5.21496 5.67282 5.1217
4.9356 5.03612 4.64153 4.41362 4.66507 4.64536 5.34656 5.2423 5.69794 5.14482
4.9968 5.05892 4.66782 4.43465 4.68904 4.67871 5.38572 5.30593 5.73486 5.21486
5.16775 5.0962 4.72046 4.46515 4.75899 4.77744 5.51879 5.37186 5.78302 5.31219
5.55618 5.3048 4.96493 4.72444 5.07021 5.07535 5.88891 5.70003 6.12942 5.63719
5.91766 5.77378 5.32431 5.15481 5.50065 5.48103 6.32401 6.07358 6.5345 6.04777
6.24329 6.31737 5.73645 5.64192 5.97791 5.90597 6.83277 6.47233 6.92396 6.47065
6.57047 6.88718 6.1826 6.15525 6.47651 6.30252 7.36363 6.86872 7.26234 6.89933
6.94979 7.49294 6.68196 6.67578 7.02228 6.69578 7.80524 7.21292 7.56694 7.30123
7.26046 8.1458 7.17458 7.22222 7.61497 6.99152 8.1987 7.47291 7.80688 7.66243
7.51201 8.65283 7.60675 7.66579 8.11358 7.17481 8.44314 7.56141 7.90778 7.86745
7.76857 9.06017 7.99755 8.0798 8.48377 7.24178 8.5619 7.60337 7.96685 7.93629
7.90243 9.33334 8.26241 8.30977 8.70749 7.2616 8.60348 7.61855 7.98724 7.95199
7.98837 9.497 8.41439 8.43917 8.8257 7.2758 8.61787 7.63144 8.00276 7.96535
8.01719 9.55629 8.45806 8.4792 8.86066 7.28804 8.63139 7.64394 8.01714 7.97787
8.03063 9.57445 8.47101 8.49408 8.87281 7.30014 8.64468 7.65633 8.03141 7.99038
8.04025 9.5854 8.48088 8.50321 8.88175 7.31219 8.65798 7.66872 8.0457 8.00291
8.04937 9.59569 8.49063 8.5121 8.89056 7.32422 8.67129 7.68111 8.06001 8.01551
8.0584 9.60597 8.50024 8.52101 8.89928 7.3361 8.68445 7.69355 8.0742 8.0281
