2.92128 3.53452 3.8792 3.53362 3.77765 3.75321 4.50928 3.96891 4.18967 3.60596
2.92167 3.54553 3.87986 3.53419 3.77788 3.75377 4.51013 3.96934 4.19034 3.6067
2.92651 3.56563 3.88845 3.54168 3.78461 3.7602 4.5238 3.9751 4.19947 3.64112
3.02948 3.74009 4.0515 3.77278 3.95115 3.87202 4.70519 4.05174 4.31015 3.77613
3.53409 4.33414 4.65411 4.37013 4.64026 4.24471 5.27738 4.54064 4.77093 4.17114
4.09085 4.93918 5.23512 5.01004 5.33512 4.73567 5.90281 5.03576 5.23721 4.68119
4.68197 5.57743 5.82083 5.62882 6.09688 5.29469 6.56772 5.59236 5.70776 5.2135
5.37155 6.27625 6.44411 6.31404 6.89549 5.89984 7.24847 6.18675 6.17856 5.81624
5.94087 6.8301 6.93461 6.87529 7.49384 6.38389 7.77792 6.6634 6.58503 6.30514
6.40698 7.29376 7.3513 7.33643 7.95533 6.7871 8.16819 7.043 6.89299 6.72549
6.90661 7.8034 7.79633 7.84002 8.41879 7.18884 8.48687 7.3966 7.2308 7.16385
7.35601 8.24044 8.17463 8.27243 8.8225 7.50288 8.6249 7.55726 7.46897 7.5543
7.77683 8.63202 8.49947 8.66467 9.14739 7.73624 8.64663 7.61594 7.62259 7.87814
8.22243 9.01832 8.82045 9.10712 9.44077 7.87687 8.64937 7.63093 7.70401 7.91775
8.40256 9.18329 8.97926 9.34386 9.54724 7.87796 8.64966 7.63101 7.69762 7.91832
8.42805 9.19771 8.99753 9.35997 9.55966 7.87794 8.64973 7.63108 7.70843 7.91835
8.42944 9.19869 8.99798 9.3606 9.55998 7.87796 8.64969 7.63109 7.70843 7.91839
8.42962 9.19846 8.99776 9.36055 9.55978 7.87776 8.64952 7.62054 7.70826 7.91821
8.42979 9.19836 8.9977 9.36065 9.5597 7.8777 8.64947 7.63081 7.70821 7.91815
8.42985 9.19833 8.99765 9.36061 9.55966 7.87766 8.64943 7.62044 7.70816 7.91812
8.42981 9.19827 8.99762 9.3606 9.55167 7.87761 8.6494 7.63075 7.70814 7.9181
