4.55303 4.60707 4.46161 4.17483 4.1989 4.46157 4.82901 4.57671 3.96005 5.06194
4.57107 4.62677 4.48008 4.19126 4.2158 4.47938 4.85005 4.59594 3.97596 5.08234
4.58959 4.64667 4.49901 4.20869 4.23327 4.50448 4.87057 4.61497 3.99246 5.10326
4.61052 4.66788 4.51966 4.22736 4.25172 4.53686 4.89326 4.63662 4.01065 5.12538
4.64654 4.69224 4.54465 4.24975 4.27295 4.6105 4.92179 4.66327 4.03399 5.15329
4.7485 4.74737 4.58311 4.32371 4.32374 4.68876 4.97386 4.70909 4.07991 5.18205
5.03774 4.99286 4.83613 4.62212 4.63003 4.92904 5.2045 4.93162 4.38429 5.37948
5.38083 5.44319 5.21961 4.97338 5.04481 5.18075 5.54421 5.19099 4.70835 5.66705
5.71471 5.90726 5.59929 5.33078 5.55463 5.41929 5.90815 5.43603 5.02499 5.97842
6.06516 6.38418 5.96135 5.7019 6.06436 5.6411 6.28079 5.66338 5.33458 6.28116
6.43035 6.9313 6.40017 6.14174 6.60239 5.83466 6.62942 5.87377 5.62912 6.6045
6.77779 7.54843 6.85579 6.55366 7.15635 5.9438 6.9318 6.03421 5.8513 6.91121
7.05319 8.05175 7.20477 6.87481 7.64875 5.98555 7.14865 6.09885 5.91886 7.1309
7.31378 8.5594 7.59674 7.16332 8.1261 6.00441 7.27431 6.13216 5.94762 7.27451
7.47603 8.93764 7.85252 7.32574 8.50178 6.01539 7.30968 6.148 5.96092 7.33409
7.5804 9.19685 8.01521 7.45389 8.78438 6.02575 7.32745 6.16071 5.97204 7.35018
7.61852 9.29881 8.06978 7.51431 8.90104 6.036 7.34192 6.17289 5.98248 7.36414
7.63282 9.32111 8.08735 7.5511 8.92047 6.04633 7.35554 6.185 5.99297 7.37808
7.64233 9.33316 8.0979 7.57172 8.93123 6.05664 7.36917 6.19721 6.00359 7.39208
7.65164 9.34498 8.10812 7.58439 8.94194 6.06701 7.38289 6.20952 6.01428 7.40609
7.66064 9.35667 8.11836 7.59342 8.95262 6.07741 7.39656 6.22184 6.02501 7.42005
