3.72107 4.13692 4.38937 4.43105 4.1836 5.0142 5.03849 5.09745 4.78382 5.74023
3.73657 4.15399 4.40671 4.44847 4.19997 5.03451 5.061 5.119 4.80482 5.76157
3.7578 4.17169 4.42782 4.46774 4.22178 5.05762 5.08465 5.14206 4.83536 5.794
3.79917 4.196 4.45427 4.49713 4.25271 5.08101 5.11406 5.16688 4.86981 5.84597
3.85093 4.23574 4.48573 4.55597 4.29116 5.14551 5.15867 5.20457 4.91869 5.91564
4.0137 4.36186 4.61033 4.71816 4.42856 5.27764 5.27311 5.31079 5.08302 6.03635
4.36376 4.73651 4.93948 5.04286 4.77028 5.53014 5.59802 5.64763 5.48577 6.33906
4.72861 5.22123 5.3578 5.41892 5.21197 5.78412 6.00666 6.01748 5.87505 6.60891
5.21501 5.87182 5.85053 5.89662 5.75796 6.00727 6.49852 6.39794 6.16094 6.84894
5.71858 6.68407 6.38466 6.42838 6.3738 6.15844 7.04692 6.68569 6.25217 7.03008
6.24773 7.46778 6.92412 6.9378 7.05231 6.22333 7.48676 6.7956 6.27376 7.16794
6.73983 8.27742 7.4393 7.40257 7.67071 6.24005 7.70166 6.81473 6.28778 7.21869
7.10015 8.91856 7.92504 7.65787 8.18128 6.25334 7.73608 6.82948 6.30005 7.2336
7.23681 9.423 8.1637 7.79503 8.56202 6.2662 7.75263 6.84363 6.31233 7.24745
7.25466 9.50511 8.20223 7.82832 8.73168 6.27902 7.7689 6.85762 6.32463 7.26113
7.26515 9.52124 8.21468 7.84093 8.75075 6.29195 7.78517 6.87164 6.33699 7.27469
7.27482 9.53369 8.22612 7.85172 8.76246 6.3049 7.80153 6.88572 6.34942 7.28828
7.28434 9.54599 8.23729 7.86235 8.77414 6.31793 7.81791 6.89987 6.36183 7.30186
7.29381 9.55816 8.24834 7.87289 8.78579 6.33097 7.83422 6.91402 6.37426 7.31541
7.30327 9.57027 8.25927 7.88343 8.79735 6.34399 7.85025 6.92816 6.38656 7.32895
7.31258 9.58241 8.27017 7.89398 8.80889 6.35705 7.86613 6.94233 6.39877 7.34248
