3.65092 3.97891 3.66178 3.92055 4.22162 3.70983 4.3718 4.52343 4.87123 4.81329
3.66581 3.99636 3.67743 3.93699 4.23719 3.72424 4.39216 4.54335 4.89212 4.83295
3.68169 4.01413 3.693 3.95349 4.2538 3.73959 4.41692 4.56333 4.9144 4.85447
3.6977 4.03476 3.70917 3.97097 4.27208 3.75645 4.44288 4.58537 4.93826 4.87874
3.71835 4.07769 3.7287 3.99106 4.33725 3.78535 4.47992 4.61301 4.96809 4.93726
3.77955 4.14512 3.78246 4.02627 4.40094 3.84474 4.57862 4.65568 5.03017 5.04618
4.01266 4.40193 4.00678 4.24118 4.61687 4.06102 4.81413 4.89389 5.27694 5.2871
4.40813 4.82823 4.393 4.66314 5.05233 4.39903 5.19111 5.26752 5.63926 5.64758
4.84023 5.28824 4.86707 5.13571 5.57825 4.76078 5.67929 5.63923 6.00945 6.01627
5.32522 5.78469 5.37828 5.62727 6.14855 5.18542 6.23903 5.99102 6.37797 6.40243
5.8745 6.33371 5.98545 6.17408 6.79126 5.65382 6.81755 6.28758 6.71162 6.81066
6.42685 6.92911 6.61417 6.75139 7.48052 6.07017 7.36291 6.50577 6.99311 7.2302
6.94476 7.48876 7.18027 7.26941 8.13037 6.33992 7.82335 6.59482 7.16847 7.56346
7.39339 8.00658 7.71203 7.78326 8.71594 6.41477 8.19997 6.64703 7.23596 7.83781
7.68831 8.37656 8.17197 8.18639 9.23315 6.43397 8.34459 6.66702 7.26159 8.01623
7.83826 8.64082 8.53465 8.42563 9.59522 6.44688 8.36507 6.68231 7.27798 8.0354
7.894 8.76295 8.64333 8.5128 9.74584 6.45917 8.38213 6.69627 7.29265 8.05092
7.91438 8.79927 8.67118 8.53733 9.77381 6.47142 8.39919 6.71013 7.30725 8.06652
7.92579 8.813 8.6829 8.54842 9.78456 6.48366 8.41632 6.72411 7.32187 8.08205
7.93574 8.82464 8.69406 8.55879 9.79502 6.49598 8.43346 6.73814 7.3365 8.09755
7.94543 8.83604 8.70518 8.56918 9.80527 6.5083 8.45061 6.75218 7.35114 8.11294
