4.10997 4.54926 4.13867 4.23189 4.59483 4.06062 4.86874 5.18203 5.07963 5.17744
4.12742 4.56892 4.15737 4.24915 4.61295 4.07817 4.89431 5.2048 5.10155 5.19981
4.14601 4.58943 4.18487 4.26729 4.63239 4.0964 4.93605 5.22887 5.12947 5.22596
4.16572 4.62814 4.21462 4.2881 4.65708 4.11687 4.98259 5.25532 5.1622 5.26865
4.21428 4.68735 4.26274 4.31545 4.73407 4.15594 5.07402 5.30069 5.20418 5.35479
4.35424 4.88574 4.41934 4.42949 4.90832 4.26174 5.26368 5.41982 5.34279 5.46828
4.7276 5.23984 4.78499 4.77879 5.21066 4.57041 5.66755 5.78763 5.66206 5.71035
5.17275 5.69262 5.26939 5.23352 5.68163 4.97586 6.21219 6.12972 6.01347 5.98738
5.65126 6.20304 5.83443 5.76099 6.24222 5.46395 6.81602 6.4335 6.3853 6.31852
6.19038 6.74658 6.47652 6.34441 6.92081 5.96376 7.47532 6.54006 6.82589 6.68831
6.72096 7.26132 7.10956 6.96387 7.63766 6.21778 8.00134 6.55777 7.04098 7.02089
7.14375 7.73807 7.66888 7.48896 8.29113 6.24418 8.14002 6.57274 7.07972 7.36392
7.47867 8.14876 8.17079 7.96958 8.8654 6.25762 8.16206 6.58692 7.09583 7.71016
7.63043 8.41999 8.43551 8.29266 9.37807 6.27092 8.17901 6.60108 7.11113 7.88575
7.64569 8.4518 8.46787 8.31295 9.60477 6.28427 8.19591 6.61527 7.12644 7.90154
7.65722 8.46461 8.48099 8.32506 9.62053 6.29753 8.21292 6.62948 7.14187 7.91728
7.66783 8.47659 8.49279 8.33674 9.63283 6.31078 8.22995 6.64376 7.15734 7.9329
7.67806 8.4886 8.5045 8.34818 9.64508 6.32412 8.24701 6.6581 7.17277 7.94842
7.68816 8.50055 8.51607 8.3595 9.65722 6.33738 8.2641 6.6724 7.18814 7.96373
7.69817 8.51246 8.52754 8.37071 9.66917 6.35054 8.28111 6.68659 7.20337 7.97902
7.70816 8.52422 8.53901 8.38189 9.68102 6.36353 8.2981 6.70056 7.21847 7.99423
