3.36336 3.74374 3.48265 3.71023 3.92483 3.46306 4.10787 4.25597 4.5967 4.53099
3.36409 3.74528 3.4831 3.7107 3.92625 3.46373 4.11913 4.25706 4.59747 4.53241
3.37293 3.76952 3.48943 3.71847 3.94854 3.47482 4.14231 4.26554 4.60824 4.55593
3.58539 3.95996 3.64396 3.8747 4.14799 3.54777 4.31747 4.33674 4.74012 4.70291
4.11213 4.49916 4.23626 4.44136 4.74317 3.93077 4.7897 4.73482 5.15626 5.11826
4.60663 4.97861 4.74005 4.94812 5.32303 4.37494 5.30952 5.14238 5.53365 5.5142
5.11296 5.52387 5.29806 5.4582 5.94157 4.85284 5.84974 5.49807 5.88931 5.91013
5.63292 6.10057 5.86865 5.98949 6.60059 5.34854 6.41025 5.79082 6.21105 6.33021
6.02216 6.53776 6.33905 6.40985 7.12857 5.70622 6.81265 5.97145 6.43261 6.64981
6.35012 6.89245 6.74466 6.77096 7.55644 5.91888 7.11543 6.06692 6.58045 6.90453
6.70149 7.2664 7.14974 7.14648 7.99777 5.98521 7.42445 6.12328 6.67448 7.13829
6.96942 7.5805 7.48938 7.46079 8.41262 5.99717 7.66557 6.13951 6.70383 7.32191
7.19859 7.83949 7.80969 7.72268 8.74406 5.99932 7.80099 6.14237 6.71099 7.40964
7.3582 8.09064 8.08505 7.91991 9.04903 6.00039 7.81556 6.14365 6.71264 7.41109
7.40836 8.19123 8.20477 8.00944 9.19768 6.00034 7.81599 6.14361 6.71275 7.41115
7.41612 8.20657 8.21902 8.0177 9.21431 6.0004 7.81605 6.14364 6.71278 7.41117
7.41788 8.2082 8.22165 8.01846 9.21501 6.00044 7.81603 6.14366 6.71281 7.41121
7.4185 8.20849 8.22179 8.01875 9.21486 6.00024 7.81583 6.14344 6.71258 7.41103
7.41863 8.20853 8.22184 8.01871 9.21488 6.00017 7.81574 6.14338 6.71251 7.41097
7.41235 8.20852 8.22182 8.01871 9.21487 6.00013 7.81573 6.14334 6.71245 7.41092
7.41868 8.20852 8.22185 8.01876 9.21485 6.0001 7.81571 6.14331 6.71244 7.41088
