3.38744 3.64851 3.36724 3.67109 3.79561 3.01807 3.53229 3.75805 3.8324 3.89803
3.38807 3.64918 3.37544 3.6716 3.79637 3.01859 3.53312 3.75878 3.83304 3.89914
3.41698 3.68387 3.40419 3.67972 3.84123 3.04603 3.56786 3.77033 3.84196 3.92963
3.67971 3.97645 3.70957 3.97257 4.14046 3.34578 3.92341 4.12726 4.15635 4.24376
4.33857 4.63328 4.44957 4.6426 4.89006 4.00459 4.69392 4.80207 4.79136 4.88672
5.1448 5.44092 5.33345 5.43272 5.84172 4.73921 5.62792 5.51028 5.5402 5.67207
5.87245 6.22189 6.16886 6.17721 6.76274 5.39428 6.55251 6.12263 6.22851 6.43368
6.51818 6.90182 6.88869 6.85728 7.57165 6.01398 7.38127 6.61914 6.82349 7.08235
7.0256 7.43554 7.47292 7.39285 8.19294 6.52414 8.06888 6.84396 7.28983 7.58251
7.32554 7.83326 7.88713 7.78933 8.63905 6.70946 8.49149 6.89981 7.52707 7.92564
7.48017 8.16217 8.2447 8.04387 8.99292 6.72267 8.71113 6.91854 7.60693 8.21129
7.49632 8.25484 8.38945 8.12461 9.26233 6.72651 8.82324 6.92895 7.62597 8.42985
7.50177 8.28017 8.40535 8.15048 9.30252 6.72824 8.84277 6.93447 7.6334 8.45445
7.50439 8.29072 8.40859 8.16295 9.31648 6.72851 8.84709 6.93669 7.63645 8.45842
7.50568 8.29354 8.40976 8.17082 9.32195 6.72865 8.84859 6.93779 7.63752 8.45955
7.50624 8.29409 8.41012 8.17875 9.32354 6.72872 8.84911 6.93855 7.63799 8.45992
7.50654 8.29445 8.41032 8.18316 9.32432 6.72878 8.84931 6.93897 7.63829 8.46005
7.50666 8.29458 8.41046 8.18559 9.32462 6.72884 8.8494 6.93921 7.63842 8.46024
7.50677 8.29466 8.41055 8.18758 9.32477 6.72887 8.8495 6.93935 7.63849 8.4603
7.50681 8.29476 8.4106 8.18813 9.32484 6.72887 8.84951 6.93945 7.63854 8.46038
7.50685 8.29479 8.41062 8.18851 9.32484 6.72887 8.84951 6.93948 7.63855 8.46038
