3.81509 4.3373 4.27899 4.30463 4.62256 4.37355 5.01352 4.68687 5.21506 5.15196
3.82987 4.35432 4.29517 4.32199 4.63829 4.38983 5.0351 4.70519 5.23578 5.17102
3.84503 4.37539 4.31286 4.33898 4.65464 4.4072 5.06079 4.72487 5.25962 5.19034
3.8617 4.39753 4.33459 4.35688 4.67483 4.42982 5.08822 4.74622 5.28889 5.21632
3.88264 4.4354 4.35998 4.37916 4.74039 4.47251 5.13319 4.78578 5.33798 5.26532
3.94893 4.51095 4.41705 4.42957 4.81189 4.55674 5.23382 4.8429 5.42659 5.32299
4.20416 4.8159 4.68533 4.71589 5.06381 4.83873 5.51458 5.10968 5.65785 5.60783
4.59361 5.20893 5.10682 5.11665 5.47221 5.18536 5.88707 5.41119 5.96737 5.94824
5.00589 5.62057 5.57239 5.53847 5.93735 5.5082 6.28133 5.71258 6.23635 6.28478
5.44137 6.05651 6.04208 5.9514 6.44058 5.7893 6.69075 5.94059 6.43265 6.6153
5.89867 6.52909 6.54928 6.41342 6.97744 5.98291 7.09151 6.11569 6.6248 6.94479
6.34535 6.99927 7.00891 6.88054 7.4985 6.08821 7.43097 6.22232 6.76688 7.24904
6.69059 7.36468 7.35068 7.22636 7.91684 6.12579 7.70047 6.26679 6.8307 7.38624
6.98745 7.70503 7.69375 7.53739 8.30272 6.14465 7.84369 6.29765 6.86636 7.45386
7.14039 7.90049 7.92235 7.7026 8.56919 6.15608 7.87131 6.31212 6.883 7.47183
7.20982 8.02301 8.04133 7.80624 8.72092 6.16655 7.8866 6.32524 6.89737 7.48542
7.2343 8.0674 8.08483 7.84778 8.76957 6.17657 7.90094 6.3367 6.90972 7.49826
7.24582 8.08314 8.10205 7.86464 8.78627 6.18639 7.91513 6.34798 6.92189 7.51108
7.25457 8.09348 8.11185 7.87436 8.79466 6.19615 7.92927 6.35928 6.93409 7.52382
7.26288 8.1033 8.12114 7.88372 8.80285 6.20585 7.94342 6.37052 6.94626 7.53658
7.271 8.11307 8.13035 7.89281 8.81107 6.21556 7.95764 6.38184 6.9581 7.54933
