3.40258 4.08154 3.81909 3.49777 3.6847 4.12602 4.78986 4.18762 4.33214 3.86054
3.40307 4.0902 3.81973 3.49836 3.68518 4.12659 4.79054 4.18825 4.3327 3.86115
3.41154 4.1092 3.82774 3.50626 3.6977 4.13608 4.80117 4.19761 4.3409 3.86889
3.65982 4.46812 4.02079 3.69012 3.95269 4.41571 5.00697 4.4326 4.48392 4.05627
4.28555 5.22065 4.66498 4.32662 4.63045 5.05103 5.56729 5.03632 5.13627 4.62685
5.08471 6.13072 5.54327 5.15696 5.55513 5.76062 6.2407 5.66255 5.86841 5.43763
5.89548 7.05946 6.37739 6.05287 6.47634 6.39914 6.89245 6.20353 6.64649 6.37802
6.68886 7.8946 7.1441 6.85911 7.34338 6.69463 7.55556 6.87008 7.31448 7.45175
7.42295 8.50116 7.69902 7.54086 8.053 6.6946 7.67054 6.87159 7.31497 7.95877
7.76048 8.87228 8.04615 7.97771 8.59029 6.69459 7.67275 6.87159 7.31496 7.96058
7.78984 8.98584 8.21838 8.29193 8.88145 6.69458 7.67274 6.87158 7.31496 7.9606
7.79265 9.00344 8.24527 8.32903 8.89475 6.69459 7.67273 6.87161 7.31499 7.96061
7.79296 9.00685 8.24926 8.33096 8.89534 6.6946 7.67275 6.87161 7.31499 7.9606
7.79294 9.00719 8.24986 8.33114 8.89547 6.6946 7.67274 6.87157 7.31497 7.96059
7.7929 9.0072 8.25007 8.33114 8.89548 6.69456 7.67271 6.87155 7.31494 7.96057
7.79291 9.0072 8.25006 8.33114 8.8955 6.69456 7.67267 6.87155 7.31495 7.96056
7.7929 9.0072 8.25008 8.33118 8.8955 6.69455 7.6727 6.87155 7.31493 7.96057
7.79291 9.0072 8.25009 8.33117 8.89552 6.69456 7.67271 6.87156 7.31493 7.96058
7.79296 9.00722 8.2501 8.33122 8.89555 6.69459 7.67272 6.87159 7.31497 7.96059
7.79296 9.00724 8.25011 8.33125 8.89555 6.6946 7.67273 6.87161 7.31498 7.96059
7.79296 9.00724 8.25011 8.33125 8.89555 6.6946 7.67273 6.87161 7.31498 7.96059
