4.04816 4.07513 3.83821 3.6482 3.52676 3.46949 3.75101 3.58298 2.88613 3.92685
4.06308 4.09196 3.85446 3.66241 3.54008 3.48244 3.76645 3.59749 2.89653 3.94283
4.08244 4.10968 3.87105 3.6775 3.55395 3.4988 3.78272 3.61256 2.90764 3.95883
4.10429 4.12799 3.88881 3.69559 3.57143 3.53012 3.79956 3.62821 2.91927 3.97586
4.13924 4.1491 3.909 3.71873 3.59135 3.60458 3.81893 3.64725 2.93389 3.99488
4.26751 4.1791 3.93891 3.80525 3.62235 3.71029 3.85404 3.67743 2.99604 4.02305
4.5593 4.36869 4.13455 4.10411 3.87283 3.97503 4.02931 3.91482 3.2975 4.22774
4.95713 4.8619 4.54776 4.48305 4.29136 4.28503 4.41156 4.21107 3.64986 4.62065
5.36101 5.36347 5.00281 4.87348 4.7954 4.6095 4.81747 4.4995 4.05399 5.00008
5.74338 5.87418 5.43006 5.2715 5.36028 4.94502 5.23855 4.82331 4.47053 5.37193
6.15107 6.44406 5.90666 5.69975 5.9854 5.2894 5.71726 5.18922 4.90173 5.82056
6.52462 7.04965 6.3785 6.09359 6.58663 5.63934 6.20175 5.52242 5.30801 6.25635
6.8462 7.62233 6.8023 6.49278 7.19086 5.95287 6.6634 5.83686 5.67979 6.65473
7.15264 8.21814 7.24395 6.86443 7.7443 6.21289 7.10759 6.12025 6.00501 7.08441
7.37749 8.67427 7.59777 7.09812 8.19144 6.36669 7.44897 6.32223 6.21102 7.43025
7.57142 9.07797 7.90932 7.30485 8.596 6.47193 7.74263 6.49964 6.34128 7.75352
7.68436 9.31766 8.09729 7.43806 8.88428 6.51528 7.92559 6.57751 6.41177 7.95909
7.73382 9.41696 8.17194 7.49781 8.96437 6.52987 7.98972 6.60743 6.4375 8.03532
7.75394 9.43959 8.19163 7.53052 8.97704 6.53774 8.00803 6.6191 6.44789 8.04977
7.76254 9.44949 8.20078 7.55132 8.98584 6.54402 8.01822 6.62678 6.45476 8.05826
7.76958 9.45837 8.20954 7.56381 8.99417 6.54981 8.02678 6.63389 6.46028 8.0661
