4.05903 4.25759 3.97594 3.79611 3.49843 3.40054 3.82801 3.81335 2.86841 3.81909
4.06914 4.26607 3.97666 3.7968 3.49913 3.41943 3.82884 3.81379 2.86878 3.81956
4.14017 4.28646 3.99094 3.80999 3.51095 3.5176 3.83812 3.82323 2.87792 3.82825
4.59851 4.61439 4.29637 4.16392 3.83231 3.91118 4.10959 4.12631 3.24893 4.04924
5.29126 5.34597 4.97185 4.74635 4.5559 4.50937 4.78113 4.64645 3.87369 4.70943
6.03038 6.18444 5.74336 5.38243 5.43539 5.13444 5.53701 5.1939 4.52143 5.42918
6.60697 7.02717 6.48356 5.96079 6.26909 5.6557 6.23988 5.64674 5.11655 6.19286
7.01111 7.69191 7.08255 6.49157 7.05159 6.07004 6.79889 6.01015 5.6663 6.80597
7.23337 8.1837 7.52042 6.87119 7.65315 6.28031 7.20147 6.28766 6.06979 7.19331
7.371 8.52549 7.74511 7.05184 8.11865 6.30478 7.46789 6.39653 6.18806 7.41578
7.45228 8.78772 7.8625 7.10419 8.46964 6.30875 7.62237 6.4339 6.20795 7.58036
7.47564 8.94573 7.92256 7.12514 8.57975 6.31045 7.66894 6.44843 6.21165 7.66566
7.48168 8.99397 7.93952 7.136 8.59292 6.31116 7.6832 6.45646 6.21287 7.68692
7.48438 9.0162 7.94557 7.14507 8.59515 6.31143 7.68772 6.46079 6.21342 7.69048
7.48583 9.02662 7.94824 7.15339 8.59563 6.31156 7.69009 6.46314 6.21376 7.69145
7.48664 9.03027 7.94891 7.15892 8.59587 6.31164 7.69103 6.46362 6.21389 7.69172
7.48712 9.03161 7.9491 7.16199 8.59598 6.31171 7.69141 6.46372 6.21399 7.69188
7.48733 9.03205 7.94925 7.16623 8.59602 6.31176 7.69164 6.46377 6.21404 7.69197
7.48741 9.03232 7.94928 7.16825 8.59608 6.31183 7.69173 6.46383 6.21407 7.69201
7.48747 9.0325 7.94936 7.16933 8.5961 6.3118 7.69181 6.46385 6.21407 7.69204
7.48749 9.03262 7.94937 7.16973 8.5961 6.3118 7.69183 6.46385 6.21407 7.69205
