3.75579 4.16464 4.43729 4.41613 4.1831 5.13251 5.16734 5.13075 4.69621 5.77278
3.77231 4.18105 4.45444 4.43342 4.19963 5.15357 5.18958 5.15255 4.71695 5.79809
3.79983 4.20028 4.47342 4.45188 4.21893 5.17991 5.21989 5.17906 4.74167 5.83854
3.8327 4.23351 4.49582 4.49266 4.24228 5.22037 5.26392 5.21051 4.76938 5.8936
3.88628 4.27399 4.52331 4.54561 4.27439 5.29185 5.32707 5.26417 4.81983 5.96273
4.05533 4.39381 4.64714 4.67348 4.39395 5.41431 5.47452 5.36001 4.9716 6.07951
4.40546 4.78961 4.98068 5.00392 4.72997 5.65071 5.82427 5.71374 5.36173 6.37094
4.77654 5.31598 5.4047 5.37089 5.15325 5.86209 6.25721 6.08164 5.78084 6.63319
5.24563 6.00778 5.8993 5.82829 5.68934 6.02831 6.73369 6.45058 6.11613 6.83022
5.75491 6.80513 6.43154 6.34541 6.35895 6.12554 7.20496 6.70779 6.21448 6.9966
6.29511 7.58767 6.95673 6.8537 7.05807 6.17619 7.55325 6.77501 6.23295 7.11308
6.79244 8.29712 7.45651 7.35428 7.7216 6.19193 7.68952 6.79232 6.24612 7.14696
7.13213 8.91277 7.91981 7.63207 8.22889 6.20457 7.71203 6.80702 6.25833 7.16124
7.25152 9.40118 8.12896 7.76525 8.60019 6.21717 7.72822 6.82125 6.27051 7.17501
7.26874 9.46556 8.15489 7.79668 8.72471 6.2298 7.74419 6.83545 6.28269 7.18876
7.27957 9.48019 8.16672 7.80859 8.73903 6.24251 7.7602 6.8497 6.29494 7.20237
7.28917 9.49272 8.1778 7.81938 8.75078 6.25513 7.77624 6.86404 6.30726 7.21603
7.29866 9.5051 8.18861 7.83001 8.76242 6.26783 7.79225 6.87844 6.31948 7.22967
7.30816 9.51748 8.19936 7.8406 8.77399 6.28053 7.80806 6.89278 6.33163 7.24327
7.31765 9.52981 8.21011 7.85118 8.78553 6.29327 7.82385 6.90705 6.34372 7.25687
7.32704 9.54212 8.22085 7.86177 8.79701 6.30597 7.83964 6.92131 6.35583 7.27046
