4.91595 5.03533 4.85259 4.36903 4.24945 4.76513 5.19955 5.16961 3.8892 5.62994
4.93577 5.05717 4.87376 4.38771 4.2661 4.78445 5.22286 5.18933 3.90628 5.65743
4.96228 5.07962 4.89581 4.4117 4.28922 4.81209 5.25503 5.21034 3.9294 5.6861
4.99966 5.10714 4.9212 4.4377 4.31418 4.8491 5.29668 5.23275 3.95526 5.7217
5.096 5.16186 4.95906 4.48392 4.34759 4.91173 5.3575 5.26244 3.98861 5.77723
5.39619 5.36078 5.15889 4.67279 4.53782 5.04669 5.47834 5.32569 4.08672 5.85853
5.80897 5.7676 5.5958 5.03837 4.90369 5.3428 5.81641 5.51815 4.38767 6.17224
6.25434 6.29583 6.07326 5.423 5.36009 5.63013 6.19097 5.6806 4.74164 6.51423
6.66116 6.87657 6.59833 5.83912 5.92706 5.82209 6.51967 5.82567 5.2118 6.77341
7.01212 7.41815 7.09109 6.29066 6.59909 5.90576 6.82766 5.99362 5.71054 6.96262
7.2499 8.01504 7.53849 6.72736 7.27419 5.92296 7.06459 6.02153 5.82176 7.10759
7.40992 8.49499 7.82725 7.10153 7.92981 5.93469 7.16541 6.03479 5.83461 7.19883
7.51194 8.84202 7.94701 7.34599 8.47777 5.94605 7.18384 6.04759 5.84665 7.22119
7.54867 9.05559 7.9762 7.40081 8.71192 5.95748 7.19937 6.06038 5.85843 7.23761
7.56304 9.10888 7.9928 7.42273 8.77759 5.96887 7.21478 6.07325 5.87028 7.25405
7.57395 9.1222 8.0055 7.44031 8.7906 5.98023 7.23029 6.08618 5.88221 7.27037
7.58413 9.13467 8.01744 7.45222 8.80182 5.99162 7.24578 6.0991 5.89419 7.28678
7.59382 9.14714 8.02918 7.46271 8.81308 6.00308 7.2611 6.11196 5.9062 7.30322
7.60352 9.15955 8.04053 7.47257 8.82437 6.01455 7.27644 6.12483 5.91822 7.31969
7.61317 9.17194 8.05185 7.48244 8.83563 6.02592 7.29161 6.13771 5.93023 7.33613
7.62276 9.18428 8.06321 7.49231 8.84674 6.03727 7.30678 6.15056 5.94226 7.35261
