4.02161 4.32976 3.94279 3.44634 4.0019 4.08627 4.47743 4.29855 4.7645 4.36912
4.02161 4.32976 3.94279 3.44634 4.0019 4.08627 4.47743 4.29855 4.7645 4.36912
4.02161 4.32976 3.94279 3.44634 4.0019 4.08627 4.47743 4.29855 4.7645 4.36912
4.02161 4.32976 3.94279 3.44634 4.0019 4.08627 4.47743 4.29855 4.7645 4.36912
4.02161 4.32976 3.94279 3.44634 4.0019 4.08627 4.47743 4.29855 4.7645 4.36912
4.02161 4.32976 3.94279 3.44634 4.0019 4.08627 4.47743 4.29855 4.7645 4.36912
4.02161 4.32976 3.94279 3.44634 4.0019 4.08627 4.47743 4.29855 4.7645 4.36912
4.02161 4.32976 3.94279 3.44634 4.0019 4.08627 4.47743 4.29855 4.7645 4.36912
4.02161 4.32976 3.94279 3.44634 4.0019 4.08627 4.47743 4.29855 4.7645 4.36912
4.02161 4.32976 3.94279 3.44634 4.0019 4.08627 4.47743 4.29855 4.7645 4.36912
4.02161 4.32976 3.94279 3.44634 4.0019 4.08627 4.47743 4.29855 4.7645 4.36912
4.02161 4.32976 3.94279 3.44634 4.0019 4.08627 4.47743 4.29855 4.7645 4.36912
4.02161 4.32976 3.94279 3.44634 4.0019 4.08627 4.47743 4.29855 4.7645 4.36912
4.02161 4.32976 3.94279 3.44634 4.0019 4.08627 4.47743 4.29855 4.7645 4.36912
4.02161 4.32976 3.94279 3.44634 4.0019 4.08627 4.47743 4.29855 4.7645 4.36912
4.02161 4.32976 3.94279 3.44634 4.0019 4.08627 4.47743 4.29855 4.7645 4.36912
4.02161 4.32976 3.94279 3.44634 4.0019 4.08627 4.47743 4.29855 4.7645 4.36912
4.02161 4.32976 3.94279 3.44634 4.0019 4.08627 4.47743 4.29855 4.7645 4.36912
4.02161 4.32976 3.94279 3.44634 4.0019 4.08627 4.47743 4.29855 4.7645 4.36912
4.02161 4.32976 3.94279 3.44634 4.0019 4.08627 4.47743 4.29855 4.7645 4.36912
4.02161 4.32976 3.94279 3.44634 4.0019 4.08627 4.47743 4.29855 4.7645 4.36912
