3.34222 3.91104 4.16914 3.94496 4.32963 4.38372 5.25512 4.80194 4.70622 4.24581
3.35626 3.92723 4.18704 3.9617 4.34708 4.40318 5.27868 4.82241 4.72655 4.26305
3.37039 3.94376 4.2086 3.97873 4.36746 4.42284 5.30649 4.84308 4.74693 4.2832
3.38477 3.96309 4.23173 3.99761 4.39064 4.44297 5.33954 4.86428 4.76801 4.30732
3.40022 3.99908 4.2568 4.04851 4.42293 4.47868 5.41197 4.89069 4.80117 4.36585
3.4552 4.09581 4.33596 4.16879 4.53387 4.61927 5.67974 5.09637 4.98963 4.51012
3.71832 4.45352 4.66341 4.51056 4.94651 4.89888 6.11534 5.42798 5.32321 4.79471
4.12077 4.93447 5.13141 4.9839 5.46666 5.28909 6.60907 5.84 5.68923 5.16758
4.6018 5.49642 5.69125 5.56035 6.09049 5.75715 7.17424 6.30469 6.10769 5.60303
5.18101 6.13786 6.30587 6.20353 6.79063 6.26476 7.74617 6.75015 6.50875 6.09957
5.81432 6.83584 6.94105 6.89024 7.5145 6.79016 8.22188 7.17297 6.93219 6.64582
6.55977 7.59489 7.64293 7.64863 8.29161 7.38933 8.63154 7.54279 7.38492 7.25374
7.24317 8.27607 8.25335 8.33938 8.92383 7.83643 8.78232 7.72222 7.69263 7.80089
7.85653 8.84993 8.74691 8.89134 9.37031 8.03399 8.81844 7.79831 7.8598 8.03684
8.32082 9.22334 9.09135 9.30575 9.64486 8.0729 8.83769 7.81856 7.93384 8.05896
8.5582 9.32629 9.20914 9.49929 9.72397 8.09026 8.85525 7.83396 7.95139 8.07493
8.59985 9.34249 9.23011 9.54876 9.74126 8.10746 8.8728 7.84928 7.96741 8.09086
8.61178 9.35318 9.24152 9.56028 9.75229 8.12453 8.89008 7.86459 7.98344 8.10682
8.62263 9.36374 9.2525 9.57104 9.76283 8.14163 8.9073 7.87992 7.99947 8.12267
8.63322 9.37426 9.26329 9.58154 9.77331 8.15869 8.92434 7.89524 8.01519 8.13823
8.64377 9.38474 9.27402 9.59201 9.78378 8.17559 8.94135 7.91051 8.03076 8.15357
