4.72397 4.85428 3.79525 4.1792 4.12187 4.73103 4.85393 3.97072 4.85914 4.34262
4.72429 4.85527 3.79619 4.18613 4.12195 4.73121 4.8549 3.97073 4.8595 4.34273
4.73456 4.87581 3.80687 4.20103 4.12811 4.74444 4.86584 3.97371 4.87752 4.34511
5.04765 5.16864 4.07847 4.56021 4.42431 4.92207 5.08665 4.11908 5.12842 4.52201
5.48344 5.7598 4.59049 5.08077 5.02923 5.20673 5.51326 4.47069 5.53937 4.94253
5.86486 6.31092 5.10714 5.57311 5.68523 5.47459 5.95652 4.90526 5.87141 5.37895
6.28424 6.86688 5.60352 6.00473 6.32563 5.68474 6.34369 5.33055 6.12061 5.78914
6.62516 7.34193 6.05439 6.35187 6.89077 5.84179 6.66821 5.69575 6.28641 6.1291
6.86426 7.64424 6.39007 6.60133 7.3086 5.93421 6.91349 5.95881 6.36556 6.37945
7.0495 7.89364 6.64007 6.79645 7.62204 5.97781 7.0868 6.06983 6.3922 6.52557
7.23877 8.20032 6.9125 7.00516 7.94738 5.99507 7.20363 6.10538 6.40865 6.60917
7.39714 8.46463 7.14758 7.18597 8.23594 5.99953 7.21763 6.11406 6.41476 6.6424
7.51256 8.66464 7.31402 7.32119 8.46201 6.00073 7.2197 6.11532 6.41661 6.65235
7.57541 8.80953 7.43073 7.40674 8.60678 6.00085 7.2204 6.11546 6.41721 6.65257
7.59422 8.84971 7.47503 7.42258 8.64629 6.00086 7.22054 6.11544 6.41734 6.65256
7.59898 8.85675 7.48669 7.42461 8.6497 6.00087 7.22053 6.11542 6.41734 6.65256
7.59988 8.85809 7.48886 7.4252 8.65051 6.00087 7.22054 6.11546 6.41735 6.65257
7.60013 8.85825 7.48962 7.42539 8.65075 6.00086 7.22051 6.11543 6.4173 6.65255
7.60035 8.8584 7.49006 7.42554 8.65086 6.00082 7.22049 6.11542 6.41728 6.65254
7.60057 8.85848 7.4904 7.42565 8.65091 6.00083 7.22049 6.11542 6.41728 6.65254
7.60065 8.85855 7.49058 7.42571 8.65093 6.00086 7.22052 6.11545 6.41732 6.65253
