3.19368 3.49476 3.82309 3.71145 3.65295 4.33139 4.39174 4.25421 4.07884 4.86629
3.20517 3.50879 3.83895 3.72703 3.66875 4.34831 4.41122 4.27287 4.0959 4.88786
3.22585 3.52302 3.85495 3.74283 3.68838 4.3714 4.4336 4.29202 4.11302 4.91809
3.25083 3.5432 3.87127 3.75968 3.71133 4.41066 4.45683 4.31388 4.13181 4.9528
3.30803 3.56617 3.88944 3.78983 3.73761 4.48445 4.48273 4.36256 4.18817 5.00349
3.47373 3.63014 3.99023 3.91119 3.79944 4.69269 4.63817 4.5565 4.42362 5.2395
3.75473 3.96573 4.31436 4.1901 4.0641 4.96742 4.95244 4.83754 4.72228 5.52419
4.11413 4.43529 4.73196 4.55768 4.45088 5.24896 5.35905 5.1759 5.04958 5.8376
4.53125 5.03153 5.20537 4.99681 4.92898 5.49843 5.79315 5.55136 5.37119 6.15251
5.01326 5.74755 5.7193 5.45664 5.48487 5.70778 6.25557 5.86236 5.63688 6.443
5.48684 6.43378 6.2866 5.93234 6.07994 5.89002 6.68559 6.18028 5.87225 6.70611
6.00497 7.22418 6.84908 6.45774 6.75801 6.01498 7.21005 6.40267 5.98508 6.90011
6.44191 7.92268 7.35651 6.94508 7.35023 6.08263 7.47957 6.45319 6.01787 6.96154
6.76493 8.55332 7.72625 7.33243 7.82951 6.10857 7.51267 6.46926 6.03107 6.97615
6.93677 9.03608 7.94667 7.60249 8.24073 6.12026 7.52885 6.48266 6.04301 6.98853
6.9846 9.19535 8.0334 7.68432 8.46542 6.13174 7.54402 6.4957 6.05495 7.00086
6.99677 9.21542 8.05308 7.70056 8.50524 6.14318 7.55919 6.50872 6.06685 7.01318
7.00598 9.22682 8.06363 7.71181 8.51668 6.1546 7.57434 6.52173 6.07877 7.0255
7.01468 9.23788 8.07385 7.72189 8.52753 6.16606 7.58951 6.53476 6.09071 7.03783
7.02334 9.24875 8.08386 7.73167 8.53821 6.17741 7.60436 6.54773 6.10231 7.05001
7.03194 9.25959 8.09376 7.74134 8.54879 6.18868 7.61914 6.5607 6.11347 7.06193
