3.72254 4.13197 3.77366 3.87574 4.20768 3.77426 4.51452 4.72968 4.91015 4.77721
3.73781 4.14868 3.78856 3.89045 4.22285 3.78978 4.53646 4.74876 4.92962 4.79574
3.75883 4.17166 3.80635 3.90553 4.23846 3.81531 4.56842 4.76805 4.94941 4.81796
3.78121 4.20271 3.82559 3.92102 4.25631 3.84639 4.60927 4.78777 4.97647 4.85155
3.82206 4.25054 3.85536 3.93709 4.2931 3.89442 4.67539 4.82341 5.04637 4.92049
3.92205 4.38736 3.9554 4.01772 4.38267 4.00548 4.82331 4.96673 5.20356 5.04287
4.1949 4.68625 4.23524 4.33042 4.65971 4.29509 5.12495 5.24852 5.47129 5.2784
4.55651 5.07077 4.63423 4.7225 5.08869 4.65266 5.52727 5.57087 5.78619 5.56748
4.96716 5.49205 5.08598 5.18044 5.58215 5.06426 6.028 5.84888 6.08526 5.88721
5.4171 5.95022 5.5901 5.65369 6.11152 5.4878 6.59509 6.0237 6.3766 6.21057
5.91686 6.46911 6.15557 6.17745 6.69521 5.75633 7.03374 6.14159 6.59938 6.53702
6.38244 6.94263 6.68107 6.66683 7.26597 5.9329 7.406 6.2001 6.72857 6.88199
6.76645 7.35209 7.17786 7.12987 7.81803 5.9724 7.6921 6.22432 6.75746 7.1637
7.04904 7.69388 7.60631 7.5576 8.30975 5.98498 7.77095 6.24085 6.77473 7.37582
7.15139 7.87826 7.87539 7.76658 8.71631 5.99575 7.78754 6.2532 6.78781 7.46561
7.18921 7.9699 7.97138 7.83885 8.88409 6.00606 7.80164 6.26477 6.80013 7.47999
7.20724 8.00201 7.99259 7.86185 8.9122 6.01628 7.81549 6.2759 6.81228 7.49368
7.21846 8.01554 8.00418 7.87398 8.92516 6.02648 7.82934 6.28708 6.82438 7.50702
7.22765 8.02667 8.01378 7.88451 8.93531 6.03673 7.84323 6.29829 6.83651 7.5203
7.23605 8.03706 8.02313 7.89408 8.94489 6.047 7.857 6.30952 6.84864 7.53363
7.2442 8.04708 8.03243 7.90357 8.95429 6.05729 7.87061 6.32076 6.86083 7.54697
