3.6682 4.14391 4.35333 4.21087 4.40407 4.42233 5.37054 4.52429 4.70812 4.43435
3.68466 4.16007 4.371 4.22728 4.42054 4.44213 5.39187 4.54438 4.72958 4.45286
3.70095 4.17718 4.39047 4.24658 4.44085 4.46255 5.41543 4.56448 4.75019 4.47145
3.71794 4.19524 4.41043 4.26956 4.46212 4.48441 5.45527 4.58548 4.77356 4.49493
3.73823 4.22626 4.43264 4.31461 4.48698 4.51551 5.52505 4.61168 4.80049 4.56206
3.7633 4.31207 4.46666 4.42277 4.54601 4.58888 5.69178 4.64449 4.86057 4.68421
3.91295 4.53523 4.67843 4.66938 4.82317 4.80391 6.08036 4.89437 5.09803 4.89741
4.28834 4.97981 5.11867 5.08115 5.31864 5.13108 6.58605 5.30314 5.48856 5.29306
4.75722 5.49259 5.62332 5.59318 5.90219 5.53465 7.14241 5.82025 5.88422 5.72275
5.32278 6.09346 6.18296 6.19973 6.54389 6.06951 7.74566 6.40282 6.29682 6.2242
5.9389 6.77203 6.7708 6.8609 7.21492 6.64399 8.30625 7.00401 6.74782 6.82493
6.60924 7.45419 7.39977 7.60889 7.93029 7.13709 8.8258 7.54255 7.22386 7.38648
7.28053 8.12331 7.96884 8.27357 8.6116 7.60175 9.14603 8.01576 7.68278 7.90609
7.89599 8.7388 8.49182 8.86019 9.21033 8.02224 9.25489 8.22208 8.04692 8.44145
8.41733 9.25802 8.8896 9.349 9.59366 8.28745 9.29321 8.31596 8.25389 8.60811
8.78417 9.54004 9.15489 9.69801 9.79281 8.38842 9.31123 8.33803 8.34737 8.6238
8.95254 9.6152 9.27579 9.81307 9.86005 8.40794 9.3275 8.35475 8.36744 8.63908
8.9881 9.62905 9.30051 9.8306 9.87622 8.42474 9.34366 8.37108 8.38332 8.65444
9.0002 9.63983 9.31219 9.84137 9.88637 8.44152 9.35975 8.38747 8.39924 8.66958
9.01153 9.65065 9.3235 9.85208 9.8964 8.45816 9.37579 8.40385 8.41489 8.6845
9.02298 9.66148 9.3347 9.86282 9.90634 8.47475 9.39184 8.42028 8.43048 8.69939
