2.99978 3.65091 3.93713 3.64136 3.89125 3.85053 4.62869 4.12618 4.3024 3.73516
3.0134 3.66543 3.9541 3.65649 3.90748 3.86787 4.64946 4.14396 4.32105 3.75171
3.02706 3.68812 3.97151 3.6718 3.92609 3.88566 4.67553 4.16398 4.34228 3.76855
3.04101 3.71287 3.98968 3.6875 3.9453 3.90415 4.7055 4.18656 4.36562 3.78719
3.05579 3.74101 4.01067 3.70572 3.96652 3.92575 4.74416 4.21108 4.39587 3.84015
3.07534 3.79023 4.04312 3.7715 3.99211 3.95805 4.85426 4.24127 4.43765 3.90583
3.15629 3.97533 4.21606 3.97249 4.16602 4.09815 5.12614 4.43997 4.67708 4.04251
3.45459 4.41194 4.61867 4.36415 4.63317 4.38772 5.60552 4.83027 5.04345 4.31536
3.90769 4.90648 5.11823 4.88665 5.1901 4.75291 6.13792 5.27085 5.46722 4.74038
4.43894 5.50294 5.68783 5.49014 5.87904 5.22388 6.78753 5.79743 5.91986 5.24093
5.07442 6.13098 6.27377 6.15472 6.64415 5.82518 7.51946 6.36078 6.40913 5.79889
5.75388 6.84613 6.92524 6.83773 7.46036 6.41048 8.18514 6.93727 6.89782 6.4204
6.45664 7.57083 7.5851 7.54857 8.21416 7.01831 8.77159 7.48015 7.33695 7.06206
7.14336 8.21305 8.17954 8.22893 8.86119 7.65076 8.98346 7.8586 7.74223 7.71033
7.80452 8.84342 8.68138 8.84763 9.38737 8.03544 9.02263 7.95474 7.95096 8.16041
8.35034 9.29041 9.06317 9.31301 9.69938 8.17659 9.04196 7.99226 8.07768 8.20842
8.69222 9.40894 9.26084 9.55659 9.82156 8.20007 9.05936 8.00929 8.10347 8.22478
8.74346 9.43074 9.30592 9.61338 9.83978 8.21779 9.07649 8.02584 8.12027 8.24095
8.75731 9.44245 9.31894 9.62522 9.86599 8.23555 9.09369 8.04216 8.13703 8.25705
8.76915 9.45351 9.33078 9.63638 9.87681 8.25319 9.11096 8.05832 8.15366 8.27305
8.78077 9.46451 9.34254 9.6474 9.88753 8.27087 9.12808 8.07451 8.17029 8.28908
