3.84375 4.38167 3.97999 3.80992 4.03254 4.65327 5.04983 4.68938 4.77808 4.38485
3.85986 4.39953 3.99684 3.82653 4.04958 4.67323 5.07182 4.7094 4.79999 4.40358
3.87652 4.4205 4.01455 3.8466 4.06741 4.69375 5.0946 4.73058 4.82523 4.4226
3.89427 4.444 4.03285 3.86713 4.08724 4.71523 5.11726 4.75607 4.8522 4.44229
3.91522 4.46991 4.05581 3.88932 4.1106 4.74511 5.14752 4.78671 4.88502 4.46712
3.98209 4.53978 4.08757 3.91853 4.1399 4.78418 5.19244 4.82308 4.91963 4.50574
4.24367 4.8075 4.28678 4.06764 4.3636 5.05998 5.44873 5.04982 5.14366 4.7536
4.65649 5.25274 4.7047 4.43908 4.81219 5.47421 5.81329 5.41076 5.56559 5.13239
5.14584 5.75944 5.18598 4.89889 5.33813 5.91776 6.20091 5.75989 6.01666 5.58021
5.69589 6.31304 5.71873 5.44575 5.93763 6.32519 6.63741 6.13394 6.48387 6.13233
6.22764 6.91662 6.28637 6.03679 6.59567 6.64834 7.12375 6.54387 6.94042 6.74945
6.77047 7.54061 6.89237 6.68063 7.27256 6.8983 7.55568 6.912 7.33744 7.37107
7.21118 8.05983 7.39409 7.26554 7.89066 7.02165 7.85982 7.12903 7.56565 7.97833
7.62441 8.55449 7.8505 7.81732 8.48394 7.06627 8.03464 7.21255 7.65953 8.29993
7.9107 8.91123 8.21027 8.23472 8.86727 7.08442 8.12521 7.23381 7.69255 8.436
8.11011 9.18486 8.46142 8.53664 9.14622 7.09984 8.16805 7.24946 7.71172 8.46165
8.19111 9.34435 8.59012 8.69169 9.25168 7.11432 8.18604 7.26424 7.72855 8.47939
8.21363 9.38829 8.6264 8.72393 9.27848 7.12876 8.20308 7.27881 7.7451 8.4964
8.22598 9.40216 8.63909 8.73664 9.29197 7.1432 8.2201 7.29346 7.76172 8.51346
8.23687 9.41336 8.6506 8.74814 9.30394 7.1577 8.23715 7.30815 7.77842 8.5305
8.24742 9.42437 8.66207 8.75933 9.31575 7.17209 8.25401 7.32291 7.79512 8.54692
