4.11034 4.59031 4.20907 4.23358 4.61167 4.10185 4.92216 5.10358 5.20027 5.17424
4.12707 4.61049 4.22781 4.2513 4.62909 4.12095 4.947 5.12624 5.2232 5.19687
4.14719 4.636 4.25183 4.2695 4.65112 4.14566 4.98782 5.15412 5.24853 5.22381
4.17216 4.69039 4.28664 4.29131 4.69326 4.17607 5.03254 5.19009 5.28044 5.25944
4.21894 4.76245 4.33469 4.31787 4.77507 4.23274 5.1005 5.24573 5.34094 5.33706
4.36449 4.97025 4.48892 4.45358 4.94914 4.3389 5.27539 5.37996 5.51497 5.45836
4.71324 5.35475 4.86024 4.82264 5.24445 4.67024 5.68838 5.74289 5.835 5.67447
5.13166 5.80707 5.33908 5.28623 5.6947 5.06902 6.21456 6.10382 6.18831 5.93995
5.61013 6.31166 5.90031 5.8111 6.26387 5.58271 6.80329 6.43191 6.55995 6.27562
6.14609 6.82493 6.54435 6.39381 6.92779 6.05834 7.44483 6.52475 6.92535 6.63884
6.68295 7.31734 7.14841 6.98774 7.63336 6.22601 7.94366 6.54162 7.14407 6.97381
7.13853 7.7846 7.71067 7.48683 8.333 6.24102 8.10764 6.55635 7.17328 7.32021
7.5038 8.18505 8.20385 7.95627 8.90589 6.25428 8.12856 6.57047 7.18856 7.66384
7.61739 8.4037 8.41702 8.26777 9.40544 6.26739 8.1454 6.58452 7.20375 7.82233
7.63134 8.42912 8.44949 8.28772 9.58421 6.28036 8.16228 6.59856 7.21893 7.83841
7.64248 8.44278 8.46273 8.29992 9.59936 6.29328 8.1791 6.61266 7.23414 7.85456
7.65269 8.45487 8.47467 8.3114 9.61172 6.30624 8.19577 6.6268 7.24945 7.87075
7.66252 8.46688 8.48647 8.32273 9.62393 6.31917 8.21247 6.64101 7.26465 7.88696
7.67225 8.47887 8.49828 8.33397 9.63607 6.33195 8.22918 6.65512 7.27984 7.90305
7.6819 8.49086 8.51007 8.34523 9.64811 6.34468 8.24587 6.669 7.29489 7.91906
7.69154 8.50284 8.52181 8.35645 9.66009 6.3573 8.26247 6.68291 7.30992 7.93466
