4.4686 4.84465 4.27993 3.68303 4.45496 4.60445 4.83477 4.6392 4.95645 4.94108
4.48651 4.86362 4.29801 3.6986 4.47358 4.62311 4.85054 4.6563 4.97613 4.96059
4.51041 4.88418 4.32263 3.71708 4.49716 4.64195 4.87167 4.67408 4.99692 4.98448
4.54011 4.90698 4.34691 3.7347 4.52055 4.66138 4.92039 4.69196 5.01822 5.02799
4.60196 4.96131 4.37541 3.75352 4.55454 4.68758 5.0289 4.71341 5.0501 5.13401
4.81613 5.0927 4.51035 3.81217 4.67836 4.81071 5.24444 4.85539 5.19267 5.33636
5.22876 5.44125 4.79428 4.08836 5.04516 5.13926 5.5831 5.19725 5.54174 5.68869
5.67112 5.92481 5.18597 4.51989 5.48537 5.54065 5.98777 5.5976 5.96639 6.09938
6.1253 6.45895 5.63493 5.0531 5.99187 5.96486 6.48581 6.05442 6.43485 6.54021
6.55222 7.04134 6.121 5.65952 6.55411 6.37856 7.05203 6.59602 6.97618 6.97973
7.00556 7.67919 6.67371 6.28823 7.15162 6.77741 7.57451 7.09771 7.42208 7.40865
7.35084 8.31434 7.17669 6.92075 7.70751 7.08806 8.13124 7.48498 7.82165 7.75255
7.57545 8.84704 7.64219 7.52679 8.19035 7.31819 8.46588 7.57294 7.96773 7.99216
7.76044 9.29218 8.0682 8.06125 8.66452 7.38466 8.55418 7.5973 7.99593 8.08835
7.84473 9.52311 8.38288 8.35472 8.98907 7.40266 8.58701 7.61183 8.01352 8.10312
7.88696 9.64577 8.54107 8.45383 9.12172 7.41624 8.60119 7.62484 8.02935 8.11679
7.90521 9.67878 8.56883 8.47814 9.14652 7.42945 8.61518 7.63752 8.04511 8.13042
7.91687 9.69475 8.58022 8.49168 9.15916 7.44266 8.62912 7.65022 8.06075 8.1441
7.92646 9.70683 8.5902 8.50257 9.16911 7.45587 8.64306 7.66296 8.07641 8.15786
7.9355 9.7181 8.60003 8.51276 9.17905 7.46915 8.65702 7.67569 8.09213 8.17157
7.94431 9.72937 8.60979 8.52278 9.18894 7.48241 8.67098 7.68831 8.10781 8.18505
