4.73106 4.81262 4.29536 4.2043 4.19863 4.52697 4.83089 4.55854 4.13786 4.95144
4.74841 4.83211 4.31179 4.22019 4.21337 4.54232 4.84865 4.57612 4.15379 4.96987
4.76645 4.85167 4.32944 4.23872 4.23058 4.55906 4.86881 4.59428 4.1703 4.98795
4.78683 4.87253 4.34909 4.25869 4.25171 4.57693 4.89241 4.61349 4.19028 5.00703
4.82494 4.89709 4.3777 4.29587 4.27637 4.60447 4.92406 4.6391 4.22077 5.03302
4.95078 4.96172 4.41933 4.40214 4.32232 4.67883 4.97682 4.66676 4.26455 5.05853
5.23448 5.26747 4.69416 4.7252 4.63544 4.89778 5.21912 4.84611 4.51359 5.23591
5.54651 5.70954 5.07397 5.05796 5.02613 5.15838 5.56183 5.0947 4.79751 5.51494
5.84842 6.15228 5.47912 5.40781 5.47455 5.38564 5.89076 5.31551 5.04897 5.78497
6.16122 6.58458 5.83547 5.77184 5.94517 5.58474 6.18336 5.49678 5.27873 6.0293
6.49283 7.08869 6.24634 6.10352 6.41236 5.74769 6.48308 5.68033 5.48263 6.28049
6.75801 7.57686 6.6711 6.3691 6.88149 5.81579 6.73669 5.81619 5.59456 6.51492
6.96333 7.94135 6.99138 6.56459 7.29348 5.83647 6.86606 5.87537 5.63965 6.67599
7.13554 8.28202 7.307 6.74347 7.66118 5.84944 6.93354 5.90811 5.66175 6.78615
7.24127 8.49591 7.50785 6.84873 7.92393 5.85976 6.95259 5.92361 5.67302 6.82343
7.30927 8.62883 7.62773 6.91117 8.06609 5.86929 6.9663 5.93516 5.68242 6.8364
7.33031 8.67284 7.68525 6.94409 8.09826 5.8785 6.9787 5.94627 5.69163 6.84798
7.33974 8.69171 7.71334 6.96434 8.10967 5.88775 6.99065 5.95733 5.70085 6.85945
7.3481 8.70269 7.72883 6.97463 8.11885 5.89704 7.00257 5.9684 5.7101 6.87081
7.3556 8.71264 7.73836 6.98325 8.1278 5.90627 7.01449 5.97961 5.71943 6.88209
7.36317 8.72245 7.74767 6.99101 8.13678 5.91555 7.02643 5.99068 5.72883 6.89326
