3.02735 3.56545 3.8482 3.65089 3.74853 3.27805 3.88911 3.4542 3.62586 3.27147
3.04022 3.58019 3.8651 3.66613 3.76285 3.29186 3.90482 3.46812 3.64036 3.28338
3.05366 3.5988 3.88605 3.68529 3.78083 3.30596 3.92171 3.48271 3.65533 3.29661
3.06742 3.61756 3.90791 3.70479 3.7994 3.3206 3.94157 3.49761 3.67091 3.31037
3.08293 3.63773 3.93172 3.73438 3.82024 3.3369 3.96565 3.5143 3.68874 3.32763
3.10294 3.68794 3.963 3.83342 3.86056 3.36556 4.03781 3.53649 3.71948 3.41826
3.2018 3.85787 4.14769 4.05836 4.06498 3.50388 4.32482 3.72607 3.91056 3.60373
3.57121 4.30286 4.57232 4.50434 4.54582 3.84663 4.844 4.16508 4.33218 4.0516
4.05874 4.80549 5.09968 5.0609 5.12935 4.35594 5.44474 4.69554 4.85227 4.5603
4.62437 5.42002 5.66856 5.68666 5.81488 4.94674 6.13181 5.31321 5.36768 5.1694
5.2491 6.07195 6.25812 6.36228 6.56437 5.55874 6.88637 5.97184 5.95117 5.84628
5.93792 6.78579 6.91337 7.08234 7.34094 6.26841 7.6687 6.67782 6.58387 6.57348
6.63881 7.52644 7.55599 7.81477 8.0762 7.00872 8.3726 7.3218 7.2108 7.3329
7.31604 8.24138 8.15636 8.51538 8.76119 7.68271 9.04332 7.92097 7.82783 8.02037
7.98787 8.90549 8.66034 9.07208 9.31939 8.26001 9.5512 8.38313 8.30452 8.61468
8.54874 9.41314 9.08704 9.50548 9.76287 8.75527 9.96097 8.80543 8.74017 9.10192
8.93684 9.69277 9.38071 9.81579 10.00875 9.13005 10.21783 9.07451 9.04939 9.38563
9.06255 9.77635 9.4967 9.94356 10.10622 9.27508 10.31715 9.17559 9.18485 9.48985
9.08016 9.79342 9.51812 9.96214 10.11994 9.30573 10.3416 9.19738 9.20494 9.51242
9.08987 9.80224 9.5279 9.97103 10.12898 9.31652 10.35225 9.20651 9.21398 9.52183
9.09869 9.81079 9.53679 9.97932 10.13753 9.32592 10.36131 9.21533 9.22224 9.53032
