4.31835 4.61164 3.54758 3.98547 3.80313 4.49677 4.56274 3.8676 4.4703 4.04336
4.31892 4.61205 3.54765 3.98668 3.80342 4.49731 4.5629 3.86767 4.46942 4.0435
4.34775 4.62323 3.55791 4.00992 3.82024 4.54104 4.57773 3.87529 4.49609 4.05186
4.74736 4.95976 3.85429 4.41165 4.06302 4.83125 4.89635 4.15083 4.81117 4.30296
5.33829 5.75564 4.49046 5.02345 4.74592 5.19864 5.46082 4.61546 5.35813 4.82704
6.01051 6.63385 5.23359 5.71285 5.54882 5.54031 6.04674 5.11586 5.87219 5.40696
6.53035 7.40672 5.87404 6.26633 6.29572 5.79869 6.49713 5.62042 6.1752 5.91282
6.91463 7.96292 6.38399 6.70587 6.93777 5.92054 6.79124 5.97139 6.26923 6.29345
7.22966 8.39137 6.78039 7.0486 7.45585 5.93568 6.99666 6.07112 6.29452 6.48031
7.42874 8.67524 7.09752 7.26216 7.91648 5.93679 7.19322 6.07514 6.28919 6.52337
7.52647 8.8501 7.30086 7.36393 8.2751 5.9369 7.19328 6.07521 6.29874 6.52456
7.56535 8.91158 7.36081 7.39952 8.5031 5.93698 7.1933 6.07522 6.27709 6.52457
7.57692 8.92182 7.36585 7.40123 8.5362 5.93684 7.19317 6.07502 6.29876 6.5244
7.57916 8.92403 7.36699 7.40158 8.54023 5.93659 7.19296 6.07482 6.29855 6.52423
7.58027 8.92469 7.36725 7.40173 8.54092 5.93652 7.19291 6.07476 6.2985 6.52417
7.58047 8.92486 7.36744 7.40182 8.54097 5.93649 7.19289 6.07485 6.27674 6.52422
7.58064 8.92513 7.36771 7.40205 8.54108 5.93668 7.1931 6.07498 6.29869 6.52439
7.58076 8.9253 7.36787 7.4022 8.54127 5.93689 7.19327 6.07517 6.29885 6.5245
7.5809 8.92541 7.36797 7.40231 8.54136 5.93698 7.19334 6.07525 6.29897 6.52459
7.5809 8.92541 7.36797 7.40232 8.54137 5.93698 7.19334 6.07525 6.29897 6.5246
7.5809 8.92541 7.36797 7.40232 8.54137 5.93698 7.19334 6.07525 6.28994 6.5246
