4.13467 4.26537 3.84888 3.67534 3.50267 3.95079 4.35637 4.12385 3.52409 4.45955
4.13467 4.26537 3.84888 3.67534 3.50267 3.95079 4.35637 4.12385 3.52409 4.45955
4.13467 4.26537 3.84888 3.67534 3.50267 3.95079 4.35637 4.12385 3.52409 4.45955
4.13467 4.26537 3.84888 3.67534 3.50267 3.95079 4.35637 4.12385 3.52409 4.45955
4.13467 4.26537 3.84888 3.67534 3.50267 3.95079 4.35637 4.12385 3.52409 4.45955
4.13467 4.26537 3.84888 3.67534 3.50267 3.95079 4.35637 4.12385 3.52409 4.45955
4.13467 4.26537 3.84888 3.67534 3.50267 3.95079 4.35637 4.12385 3.52409 4.45955
4.13467 4.26537 3.84888 3.67534 3.50267 3.95079 4.35637 4.12385 3.52409 4.45955
4.13467 4.26537 3.84888 3.67534 3.50267 3.95079 4.35637 4.12385 3.52409 4.45955
4.13467 4.26537 3.84888 3.67534 3.50267 3.95079 4.35637 4.12385 3.52409 4.45955
4.13467 4.26537 3.84888 3.67534 3.50267 3.95079 4.35637 4.12385 3.52409 4.45955
4.13467 4.26537 3.84888 3.67534 3.50267 3.95079 4.35637 4.12385 3.52409 4.45955
4.13467 4.26537 3.84888 3.67534 3.50267 3.95079 4.35637 4.12385 3.52409 4.45955
4.13467 4.26537 3.84888 3.67534 3.50267 3.95079 4.35637 4.12385 3.52409 4.45955
4.13467 4.26537 3.84888 3.67534 3.50267 3.95079 4.35637 4.12385 3.52409 4.45955
4.13467 4.26537 3.84888 3.67534 3.50267 3.95079 4.35637 4.12385 3.52409 4.45955
4.13467 4.26537 3.84888 3.67534 3.50267 3.95079 4.35637 4.12385 3.52409 4.45955
4.13467 4.26537 3.84888 3.67534 3.50267 3.95079 4.35637 4.12385 3.52409 4.45955
4.13467 4.26537 3.84888 3.67534 3.50267 3.95079 4.35637 4.12385 3.52409 4.45955
4.13467 4.26537 3.84888 3.67534 3.50267 3.95079 4.35637 4.12385 3.52409 4.45955
4.13467 4.26537 3.84888 3.67534 3.50267 3.95079 4.35637 4.12385 3.52409 4.45955
