4.12667 4.30241 3.22946 3.61279 3.61911 4.30235 4.25353 3.63479 4.3201 3.65222
4.14348 4.32022 3.24394 3.62817 3.63381 4.31994 4.27238 3.65013 4.3389 3.6673
4.16139 4.33859 3.25862 3.64386 3.64864 4.33727 4.2921 3.66516 4.35762 3.68405
4.18098 4.35971 3.27399 3.66066 3.66428 4.35735 4.31324 3.68099 4.37742 3.70203
4.20545 4.38353 3.29236 3.68068 3.68127 4.38242 4.34433 3.70124 4.40283 3.72795
4.28591 4.41584 3.32182 3.71937 3.70539 4.42792 4.38318 3.72392 4.43275 3.76033
4.60255 4.61883 3.54607 4.03162 3.87458 4.66085 4.57463 3.88869 4.63215 3.88252
5.00336 5.1 3.94711 4.38385 4.29159 4.95373 4.91242 4.12997 5.00167 4.20133
5.43164 5.65586 4.38666 4.83299 4.7667 5.23878 5.29841 4.45695 5.38763 4.59497
5.86278 6.26733 4.88603 5.3078 5.3296 5.50532 5.67487 4.83253 5.77145 5.06697
6.31674 6.90779 5.4054 5.78958 5.93065 5.7711 6.10936 5.21586 6.09972 5.51777
6.73457 7.55784 5.93217 6.30161 6.55012 6.00403 6.57064 5.63157 6.33762 5.94522
7.09301 8.07148 6.38323 6.74384 7.17825 6.14261 6.95606 6.02409 6.45067 6.34858
7.41699 8.55989 6.84022 7.12522 7.75747 6.17239 7.25207 6.26541 6.4981 6.61841
7.62251 8.88392 7.2142 7.38121 8.27666 6.18494 7.50671 6.33617 6.51465 6.74715
7.76979 9.13758 7.50018 7.56291 8.65339 6.19658 7.55472 6.34948 6.52891 6.77645
7.82925 9.25009 7.61045 7.63445 8.80152 6.20804 7.57105 6.36224 6.5429 6.79094
7.84766 9.28336 7.65124 7.6491 8.83739 6.21952 7.58721 6.37482 6.55691 6.80544
7.85848 9.29759 7.66516 7.65964 8.8501 6.23106 7.60321 6.38742 6.57101 6.81985
7.86826 9.30964 7.67625 7.66993 8.86098 6.24259 7.61921 6.40008 6.58499 6.83426
7.87772 9.32135 7.68726 7.68012 8.87186 6.25403 7.63511 6.41276 6.59898 6.84871
