3.47932 3.89584 4.10826 3.92676 3.9465 4.60436 4.66702 4.55959 4.37706 5.13877
3.49712 3.91182 4.12554 3.94327 3.96202 4.6232 4.68721 4.57991 4.39584 5.16097
3.52286 3.92831 4.14299 3.9601 3.97863 4.64564 4.70788 4.60066 4.41516 5.19447
3.5511 3.95015 4.16073 3.97816 3.99813 4.67732 4.72917 4.62291 4.43577 5.23204
3.60677 3.97844 4.18051 4.01801 4.02162 4.75198 4.75669 4.67301 4.49981 5.28491
3.81282 4.09405 4.29262 4.14651 4.10883 4.94597 4.9246 4.88102 4.72403 5.51294
4.10958 4.46501 4.62634 4.45315 4.39636 5.20249 5.26662 5.17719 5.00804 5.79723
4.47854 4.95239 5.05647 4.8274 4.80541 5.44071 5.64681 5.50944 5.30482 6.0952
4.91464 5.57098 5.5489 5.24955 5.28996 5.63019 6.05905 5.83113 5.56026 6.39759
5.33834 6.22921 6.03871 5.70502 5.82719 5.79961 6.49932 6.09619 5.77408 6.63775
5.80973 6.902 6.55958 6.19586 6.39915 5.93304 6.90925 6.34043 5.95909 6.86649
6.27716 7.66304 7.07449 6.70827 7.03401 6.02663 7.33858 6.43469 6.03159 6.97789
6.68327 8.3224 7.53068 7.17163 7.61207 6.06216 7.48733 6.47178 6.05768 7.01395
6.94411 8.85521 7.83887 7.50372 8.05999 6.0751 7.51345 6.48904 6.07127 7.02793
7.08393 9.19804 8.04643 7.70868 8.40784 6.0869 7.53062 6.50272 6.08373 7.04071
7.11857 9.29322 8.10664 7.76167 8.52772 6.09868 7.54632 6.51611 6.09603 7.05339
7.13097 9.31149 8.1223 7.77704 8.54361 6.11042 7.56194 6.52949 6.10831 7.05501
7.14001 9.32327 8.13299 7.78803 8.555 6.122 7.57747 6.54286 6.12056 7.0783
7.14882 9.33469 8.14326 7.79826 8.56585 6.13347 7.59292 6.55627 6.13285 7.09079
7.15752 9.34579 8.15339 7.80814 8.57646 6.1449 7.60833 6.56961 6.14513 7.10326
7.16619 9.35661 8.16346 7.81781 8.58699 6.1563 7.6236 6.58292 6.15732 7.11567
