3.98291 4.27712 3.72618 3.37651 3.941 3.59334 3.7956 3.72354 3.9468 3.82541
4.00016 4.29463 3.74053 3.39024 3.95744 3.60846 3.81077 3.73788 3.9634 3.84181
4.0203 4.31404 3.75682 3.40406 3.97765 3.62367 3.83003 3.75264 3.97994 3.8609
4.04417 4.33953 3.78326 3.41855 4.00017 3.63992 3.852 3.76822 3.99782 3.88093
4.07731 4.37007 3.81649 3.43496 4.02567 3.65724 3.88293 3.78638 4.01709 3.90538
4.15352 4.42022 3.85511 3.45571 4.0913 3.68128 3.99989 3.81856 4.04186 3.9465
4.50149 4.60162 4.03844 3.60453 4.32566 3.85474 4.27887 4.08232 4.23204 4.25088
4.97593 5.06941 4.40234 4.03536 4.79162 4.30189 4.7779 4.51007 4.67397 4.72673
5.44339 5.63894 4.88572 4.55215 5.2938 4.82464 5.36029 5.02313 5.2126 5.28021
5.89885 6.25012 5.41589 5.14799 5.85849 5.35821 6.00414 5.60822 5.82317 5.87319
6.42578 6.93066 6.01315 5.79312 6.48789 5.95671 6.69188 6.22253 6.46655 6.46845
6.91643 7.67619 6.64789 6.50019 7.1562 6.53121 7.42461 6.86294 7.13528 7.12845
7.36398 8.37361 7.22618 7.19411 7.77968 7.05592 8.13716 7.45235 7.74929 7.74803
7.78141 9.05861 7.81128 7.84349 8.40866 7.56448 8.82973 7.93082 8.25107 8.35072
8.07459 9.58831 8.28947 8.38404 8.96221 7.97626 9.37201 8.28705 8.63486 8.8358
8.3375 10.03453 8.73027 8.79873 9.43565 8.29581 9.76898 8.6196 8.99585 9.19496
8.51798 10.29868 9.03745 9.02808 9.71673 8.5079 10.01959 8.81194 9.23851 9.40269
8.5809 10.42796 9.13381 9.12278 9.80554 8.57861 10.08465 8.88101 9.33827 9.48161
8.5971 10.45675 9.15446 9.14415 9.82009 8.59984 10.1022 8.90011 9.36941 9.49766
8.60584 10.46733 9.1639 9.15534 9.82884 8.60703 10.11229 8.90975 9.38016 9.50698
8.61392 10.47665 9.1724 9.16422 9.83724 8.61748 10.12121 8.91805 9.38923 9.51551
