3.38665 4.01617 4.22901 4.0808 4.37483 4.27373 5.19601 4.57401 4.80372 4.17128
3.4016 4.03314 4.24666 4.09711 4.39215 4.29353 5.22046 4.59409 4.82501 4.18827
3.4165 4.05416 4.26515 4.11383 4.40982 4.31319 5.24795 4.61458 4.84661 4.20981
3.43212 4.07602 4.28667 4.13301 4.42855 4.33403 5.27731 4.63586 4.8717 4.23469
3.44985 4.09968 4.31227 4.1571 4.44968 4.36047 5.31775 4.66151 4.90993 4.31047
3.47262 4.15882 4.35313 4.2404 4.49573 4.41926 5.44567 4.69281 4.97362 4.44764
3.60364 4.37646 4.54985 4.47703 4.77245 4.62099 5.80664 4.94748 5.24468 4.62146
3.96726 4.82379 4.95799 4.93071 5.28122 4.95826 6.35371 5.35136 5.64519 4.98186
4.42894 5.35503 5.46562 5.52342 5.88191 5.35148 6.93125 5.82564 6.06593 5.41876
4.97763 6.0007 6.03847 6.18049 6.56419 5.82121 7.59192 6.41223 6.49926 5.89665
5.63888 6.68404 6.62477 6.8967 7.27811 6.39962 8.25112 7.0221 6.99419 6.49853
6.3396 7.41681 7.30333 7.62737 8.04048 6.99032 8.8538 7.59212 7.4797 7.12053
7.07126 8.14195 7.95144 8.3397 8.75817 7.62471 9.25469 8.10384 7.91887 7.68314
7.75637 8.80326 8.54272 8.99648 9.40309 8.09786 9.38404 8.30005 8.20448 8.26543
8.37199 9.37646 9.02411 9.48753 9.8414 8.39773 9.41923 8.39689 8.35334 8.60869
8.84093 9.73731 9.38093 9.86483 10.09598 8.50331 9.43921 8.42712 8.40036 8.65765
9.0903 9.84053 9.561 10.03096 10.20655 8.52476 9.45784 8.44415 8.41758 8.67434
9.14546 9.86708 9.60436 10.05444 10.23035 8.54267 9.47605 8.46111 8.43457 8.69091
9.15897 9.87843 9.61713 10.06574 10.2424 8.56043 9.49411 8.47809 8.45121 8.70742
9.17122 9.88236 9.62879 10.07635 10.25337 8.57821 9.51187 8.49489 8.4674 8.72379
9.18351 9.90025 9.64047 10.0869 10.26411 8.59596 9.52917 8.51157 8.48359 8.73988
