3.76156 4.42982 4.07838 3.88306 4.09847 4.68516 5.11197 4.63024 4.78174 4.1743
3.77764 4.44865 4.09603 3.89938 4.11508 4.70754 5.13421 4.65057 4.80437 4.19213
3.79422 4.47093 4.11615 3.91705 4.1317 4.73465 5.15899 4.67755 4.82749 4.2131
3.81214 4.5017 4.13912 3.9383 4.15229 4.76685 5.18999 4.70832 4.85169 4.23637
3.84219 4.53665 4.17398 3.96343 4.18088 4.8075 5.22925 4.74663 4.88823 4.26412
3.95415 4.73253 4.27482 4.0543 4.30022 4.90195 5.32388 4.83144 4.96564 4.33184
4.24631 5.1301 4.63782 4.31997 4.6359 5.27174 5.64157 5.16794 5.28336 4.61474
4.66885 5.63261 5.09939 4.71101 5.09909 5.70808 6.02237 5.55027 5.72024 4.97753
5.20406 6.24635 5.68077 5.23782 5.70289 6.19611 6.40733 5.94582 6.20164 5.4685
5.80932 6.93657 6.32679 5.88501 6.42131 6.67951 6.85716 6.36944 6.74335 6.13882
6.49743 7.61622 6.94785 6.58371 7.1385 6.92696 7.35271 6.72705 7.28335 6.95274
7.2549 8.28565 7.5678 7.24997 7.89631 6.94849 7.89114 7.19741 7.66344 7.74324
7.84687 8.83789 8.07627 7.83707 8.54251 6.96396 8.05455 7.21784 7.68646 8.37087
7.98084 9.12928 8.41422 8.27469 9.0896 6.97918 8.07424 7.23397 7.70432 8.4186
8.00244 9.1933 8.4773 8.52627 9.17182 6.99438 8.09231 7.25014 7.72212 8.43611
8.01527 9.21062 8.4931 8.54746 9.1864 7.00958 8.11032 7.2664 7.73972 8.45356
8.02683 9.22304 8.50586 8.56051 9.19906 7.02489 8.12831 7.28271 7.75732 8.47109
8.03825 9.2351 8.51806 8.57295 9.21139 7.0402 8.14623 7.29907 7.77495 8.48848
8.04963 9.24712 8.53012 8.58523 9.22366 7.05549 8.16397 7.31542 7.7926 8.50585
8.06089 9.25904 8.54212 8.59741 9.23592 7.07075 8.18143 7.33175 7.8102 8.52321
8.07211 9.27084 8.55414 8.60956 9.24817 7.08591 8.19879 7.34773 7.82765 8.54036
