3.37708 3.82784 4.12026 4.0937 4.00348 4.69009 4.68138 4.64534 4.47316 5.36962
3.39167 3.84311 4.13788 4.11042 4.0188 4.70958 4.70084 4.66537 4.4923 5.39261
3.41396 3.86229 4.16077 4.13153 4.03554 4.72988 4.72109 4.68574 4.51103 5.42571
3.44228 3.88632 4.18362 4.15253 4.05652 4.75219 4.7447 4.71263 4.53227 5.46373
3.4823 3.91722 4.2103 4.20968 4.07956 4.79333 4.78432 4.7439 4.55819 5.50864
3.56095 3.9602 4.25136 4.26701 4.13163 4.87314 4.91604 4.8075 4.62465 5.57652
3.83064 4.21563 4.49309 4.5272 4.36766 5.10411 5.15658 5.05851 4.89335 5.84261
4.16665 4.69053 4.89383 4.87338 4.74318 5.39355 5.56109 5.44518 5.24804 6.1614
4.56781 5.27948 5.35394 5.31951 5.21927 5.68521 6.03278 5.83059 5.58678 6.4699
5.0769 5.98659 5.86175 5.7924 5.7392 5.93012 6.52396 6.21929 5.87944 6.75335
5.55331 6.75553 6.43483 6.29078 6.36487 6.14576 7.01283 6.5397 6.13873 7.0122
6.06501 7.49897 6.99626 6.74998 6.96913 6.30955 7.47167 6.78035 6.29416 7.23981
6.54212 8.23602 7.47649 7.17853 7.55954 6.4224 7.84576 6.88402 6.35501 7.38775
6.96193 8.90296 7.89183 7.56573 8.13447 6.49337 8.0295 6.93653 6.38313 7.44712
7.28949 9.50089 8.17449 7.86601 8.61646 6.53098 8.07771 6.95709 6.39662 7.4657
7.51232 9.85269 8.38847 8.04869 8.9914 6.54447 8.09696 6.97347 6.40897 7.47948
7.6022 9.98101 8.48081 8.09886 9.14579 6.55726 8.11273 6.98712 6.42091 7.49272
7.62597 10.00985 8.50495 8.11338 9.16807 6.56987 8.12819 7.00074 6.43289 7.50602
7.63557 10.02245 8.51757 8.12376 9.17952 6.58259 8.14367 7.01444 6.44487 7.51937
7.6444 10.03411 8.52819 8.13351 9.19012 6.59534 8.15914 7.02825 6.4569 7.53272
7.65314 10.04532 8.53873 8.14314 9.20064 6.60812 8.17451 7.04208 6.46897 7.54596
