3.05699 3.68128 4.01804 3.65746 3.88117 3.94698 4.65012 4.19692 4.29099 3.76018
3.06999 3.69787 4.03592 3.67206 3.89615 3.96425 4.66975 4.21489 4.30962 3.77634
3.08376 3.71717 4.05762 3.68771 3.91418 3.98219 4.69009 4.23346 4.3286 3.79287
3.09826 3.7374 4.07949 3.70475 3.93357 4.00094 4.71463 4.2528 4.35125 3.81087
3.11363 3.75978 4.10517 3.73861 3.95501 4.02383 4.75629 4.27552 4.37942 3.83633
3.13663 3.80918 4.14576 3.80925 3.98009 4.06862 4.87178 4.30484 4.42027 3.91251
3.24392 3.986 4.36946 4.02912 4.17034 4.23349 5.11876 4.50941 4.65426 4.07127
3.55869 4.39537 4.78406 4.4304 4.6414 4.55656 5.55937 4.89634 5.01515 4.37851
3.99708 4.8871 5.28046 4.91924 5.20565 4.92411 6.10321 5.31396 5.4383 4.78977
4.51408 5.44096 5.83799 5.50085 5.88138 5.4398 6.75644 5.79844 5.90127 5.28766
5.14865 6.08594 6.44072 6.17955 6.62948 5.99915 7.46652 6.37045 6.38132 5.83501
5.80762 6.76442 7.09765 6.83791 7.45076 6.55538 8.12627 6.93989 6.8684 6.48194
6.49443 7.48244 7.70219 7.51617 8.18727 7.17382 8.66059 7.48433 7.30273 7.10164
7.1413 8.12362 8.24942 8.17178 8.81888 7.73489 8.87398 7.80511 7.65406 7.71964
7.76454 8.72601 8.67828 8.76572 9.31204 8.04419 8.9162 7.90279 7.85487 8.10831
8.26362 9.14513 9.00239 9.21232 9.59424 8.15848 8.93474 7.94149 7.97461 8.14582
8.55002 9.2744 9.17228 9.44477 9.69721 8.17954 8.9514 7.95786 8.00137 8.1613
8.60926 9.29725 9.20859 9.49112 9.72572 8.19678 8.96808 7.9735 8.01768 8.17664
8.62213 9.3083 9.22154 9.50242 9.73698 8.21384 8.98467 7.98912 8.03368 8.19206
8.63381 9.31866 9.23335 9.51309 9.74746 8.23092 9.00131 8.00467 8.04959 8.20748
8.64509 9.32889 9.24482 9.52363 9.75786 8.24799 9.018 8.01994 8.06541 8.22273
