3.11599 3.7321 4.1258 3.67144 3.98764 3.53945 4.16453 3.78223 3.82951 3.41533
3.11602 3.74083 4.12594 3.67161 3.98762 3.53951 4.1646 3.78231 3.82955 3.4238
3.11723 3.76522 4.13312 3.70925 3.99321 3.54596 4.17706 3.78431 3.83807 3.44716
3.33107 4.13961 4.43981 4.09742 4.37226 3.79363 4.65473 4.12509 4.18373 3.81249
3.94494 4.8102 5.09992 4.81184 5.15571 4.46847 5.47911 4.80819 4.83481 4.50268
4.66684 5.56285 5.7564 5.62297 5.99637 5.20756 6.31961 5.55317 5.4912 5.25998
5.40118 6.32332 6.42056 6.35829 6.79812 5.9525 7.05083 6.24166 6.13613 6.00563
6.04522 6.97004 6.94021 6.99876 7.42869 6.55786 7.56069 6.719 6.62309 6.64276
6.57389 7.48176 7.395 7.52722 7.93795 7.03137 7.9995 7.08869 7.02164 7.17244
6.97327 7.8758 7.71499 7.9349 8.28865 7.37543 8.30983 7.36245 7.31122 7.57237
7.32251 8.18491 7.97823 8.27236 8.56428 7.67289 8.58548 7.61464 7.57188 7.87756
7.70733 8.53155 8.30602 8.62108 8.88965 8.01643 8.92763 7.92822 7.8852 8.20713
8.02075 8.83533 8.59385 8.93511 9.17185 8.32379 9.23691 8.20039 8.17238 8.4933
8.34847 9.13535 8.89168 9.25298 9.47148 8.6496 9.56169 8.48347 8.47637 8.77992
8.57053 9.34509 9.13191 9.50722 9.6991 8.88889 9.8104 8.70253 8.73337 8.9828
8.71403 9.47421 9.28213 9.65426 9.85684 9.05187 9.96344 8.82694 8.89586 9.10461
8.77575 9.53227 9.35432 9.72211 9.91948 9.12904 10.02903 8.87849 8.96575 9.14786
8.79333 9.54732 9.37823 9.74628 9.93822 9.15145 10.04689 8.89659 8.98837 9.16151
8.79851 9.55153 9.38727 9.75433 9.94307 9.15862 10.05444 8.90295 8.99532 9.16757
8.80093 9.55257 9.39223 9.75709 9.9449 9.16129 10.05745 8.90669 8.99861 9.17169
8.80213 9.55294 9.39329 9.75825 9.94562 9.16214 10.05848 8.90864 9.00008 9.17275
