3.67295 4.27989 4.8003 4.23471 4.48831 4.64831 5.31122 4.59338 4.85403 4.4194
3.68845 4.29855 4.82015 4.25343 4.50567 4.66917 5.33573 4.61424 4.87567 4.43788
3.70489 4.32288 4.84545 4.27733 4.52387 4.69507 5.37183 4.63679 4.90257 4.46084
3.72678 4.34878 4.87753 4.30305 4.5452 4.72217 5.41746 4.66749 4.9346 4.48873
3.75547 4.39092 4.92738 4.39405 4.58043 4.75916 5.49731 4.71278 4.9795 4.55701
3.84255 4.5221 5.12791 4.5958 4.73944 4.86808 5.68541 4.82215 5.09183 4.69011
4.08647 4.86 5.50211 4.96131 5.18319 5.16877 6.15371 5.21125 5.44326 4.95408
4.50364 5.35898 6.01765 5.44314 5.72733 5.53106 6.74442 5.68603 5.86507 5.38048
5.06198 5.98093 6.58802 6.05247 6.38444 6.06632 7.4593 6.28815 6.33622 5.90694
5.7127 6.65116 7.21095 6.7489 7.14544 6.71767 8.22662 6.98153 6.84012 6.53799
6.44575 7.32029 7.86322 7.49114 7.94715 7.39326 8.8646 7.67369 7.42704 7.23106
7.19095 8.06859 8.45974 8.26654 8.73276 7.9931 9.0724 8.17976 7.88803 8.01336
7.92181 8.76137 8.90416 8.93314 9.41395 8.29606 9.09245 8.22361 8.18702 8.52776
8.55385 9.37237 9.16611 9.50717 9.86694 8.33292 9.11129 8.24097 8.28014 8.56367
8.89967 9.50538 9.23627 9.71918 9.88938 8.35148 9.12999 8.25786 8.29795 8.5807
8.94894 9.51812 9.25152 9.73407 9.90227 8.36983 9.14871 8.27455 8.31521 8.59775
8.96229 9.53031 9.26437 9.74556 9.91412 8.38817 9.16723 8.29117 8.33242 8.61474
8.97461 9.54251 9.27683 9.75705 9.92596 8.40645 9.18572 8.30778 8.34965 8.63179
8.9869 9.55466 9.28913 9.76848 9.93778 8.42461 9.20401 8.32443 8.36672 8.64884
8.99919 9.56672 9.30138 9.77992 9.94963 8.44257 9.22215 8.34108 8.38375 8.66591
9.01145 9.57876 9.31367 9.79122 9.96144 8.46039 9.24031 8.35766 8.40061 8.68282
