3.32871 3.81073 4.12702 4.10401 3.97708 4.66505 4.69719 4.63365 4.49593 5.22452
3.34184 3.82636 4.14393 4.12071 3.9945 4.68528 4.71808 4.65439 4.51497 5.24484
3.35535 3.8422 4.1612 4.14075 4.01416 4.70576 4.74078 4.68234 4.53785 5.26663
3.37355 3.85858 4.17864 4.16248 4.03482 4.72871 4.76625 4.71699 4.56379 5.28969
3.41236 3.87657 4.19934 4.18696 4.05701 4.77645 4.7996 4.75762 4.59761 5.33792
3.47049 3.90844 4.22839 4.2505 4.09679 4.85232 4.84201 4.82533 4.65874 5.40459
3.7144 4.17108 4.47774 4.52069 4.31356 5.05871 5.08927 5.0432 4.96188 5.66286
4.03481 4.6006 4.87567 4.85788 4.6808 5.33479 5.50122 5.374 5.29038 5.97852
4.4452 5.17875 5.3141 5.26338 5.14929 5.59314 5.93581 5.69641 5.56598 6.28639
4.91193 5.85617 5.78115 5.69063 5.66297 5.80539 6.39295 6.00465 5.78632 6.56427
5.36855 6.57355 6.31364 6.13652 6.20797 5.98181 6.8416 6.2844 5.975 6.81018
5.84456 7.27709 6.82302 6.5656 6.77134 6.10352 7.25321 6.45609 6.07574 7.0088
6.27006 7.92866 7.26533 6.9645 7.31933 6.16273 7.54843 6.50288 6.11007 7.08945
6.6489 8.5027 7.63652 7.31469 7.79405 6.1921 7.66933 6.52764 6.1306 7.12213
6.91686 8.971 7.8863 7.58251 8.21158 6.20564 7.69581 6.54328 6.14405 7.13711
7.09155 9.29106 8.06375 7.75986 8.49971 6.21843 7.71386 6.55736 6.15619 7.1505
7.16674 9.43002 8.14926 7.8272 8.64048 6.23126 7.73025 6.57082 6.16824 7.16379
7.18355 9.46172 8.17503 7.84634 8.66539 6.24404 7.74582 6.58423 6.18022 7.17705
7.1934 9.47506 8.18664 7.85744 8.6776 6.25686 7.76142 6.59767 6.19206 7.19026
7.20247 9.48629 8.19712 7.86721 8.68879 6.26976 7.77695 6.61121 6.20399 7.20349
7.2116 9.49716 8.20755 7.87677 8.69967 6.28269 7.79234 6.62479 6.21589 7.21659
