3.36803 4.00976 3.50654 3.46213 3.63202 3.67198 3.8632 3.67716 3.73193 3.44541
3.38172 4.02559 3.52092 3.4764 3.64692 3.68731 3.8794 3.6926 3.74779 3.45853
3.39788 4.04193 3.53701 3.49369 3.66189 3.70207 3.89576 3.70846 3.76382 3.47243
3.41516 4.05936 3.55539 3.51191 3.6779 3.71857 3.91237 3.72535 3.78058 3.48701
3.43481 4.07906 3.57711 3.53162 3.69934 3.73761 3.93146 3.74382 3.79965 3.50327
3.47265 4.1226 3.60746 3.55629 3.73668 3.76465 3.95728 3.76894 3.82616 3.52355
3.68373 4.38696 3.74816 3.69284 3.91457 4.00708 4.13125 4.01204 4.01439 3.69658
4.09839 4.8835 4.17043 4.08515 4.3553 4.42946 4.5444 4.40341 4.44531 4.1106
4.57844 5.43144 4.66513 4.5644 4.90435 4.90484 5.0109 4.81871 4.92883 4.64533
5.14497 6.03577 5.21394 5.10498 5.53051 5.39084 5.53162 5.29781 5.46772 5.28894
5.71679 6.62547 5.80368 5.72919 6.21485 5.86183 6.13822 5.83115 6.07676 5.98522
6.32125 7.26489 6.44953 6.36902 6.95739 6.32031 6.75261 6.37237 6.69487 6.73971
6.86222 7.86648 7.07048 6.99238 7.64837 6.7461 7.36046 6.86 7.23194 7.49513
7.38714 8.44873 7.63923 7.60247 8.30756 7.16308 7.94934 7.31975 7.74132 8.20327
7.81614 8.91075 8.11019 8.11757 8.82495 7.47409 8.42873 7.65555 8.12078 8.80073
8.15499 9.31989 8.50514 8.53428 9.26383 7.73556 8.81434 7.94678 8.45688 9.2938
8.32135 9.58865 8.76988 8.81071 9.55669 7.8696 9.07896 8.13777 8.67445 9.621
8.37324 9.69921 8.87165 8.90125 9.67949 7.91457 9.18559 8.21131 8.76115 9.73152
8.39063 9.72154 8.89071 8.92502 9.70292 7.9291 9.21361 8.22912 8.78703 9.74939
8.40028 9.73122 8.90001 8.9347 9.71219 7.9373 9.22667 8.23874 8.79635 9.75858
8.4087 9.73981 8.90877 8.94324 9.72075 7.94507 9.23631 8.24729 8.80528 9.76726
