4.69058 4.96408 3.83687 4.27947 4.35176 4.75228 4.88317 4.25083 4.99646 4.14918
4.70845 4.9824 3.85265 4.29632 4.36747 4.76941 4.90279 4.267 5.01714 4.16503
4.72677 5.00181 3.87324 4.3128 4.38362 4.78625 4.92251 4.28507 5.03777 4.18118
4.74822 5.02277 3.89474 4.33147 4.40044 4.80603 4.94245 4.30685 5.05749 4.19868
4.77235 5.04991 3.91912 4.35359 4.42137 4.83162 4.96832 4.33362 5.08719 4.22155
4.8612 5.10048 3.96835 4.42671 4.4652 4.86934 4.99635 4.36751 5.11852 4.24754
5.17654 5.42955 4.18099 4.7181 4.76331 5.07637 5.19754 4.56974 5.34383 4.4823
5.53727 5.9061 4.55884 5.07107 5.17392 5.32975 5.54504 4.90398 5.62285 4.83026
5.88299 6.39588 4.93299 5.43462 5.6413 5.56495 5.87949 5.25342 5.86995 5.19107
6.21817 6.8576 5.31846 5.7807 6.12922 5.79218 6.20624 5.62973 6.09129 5.57062
6.61761 7.33394 5.7478 6.19885 6.64096 5.99296 6.57851 5.93666 6.32332 5.94443
6.94877 7.82192 6.21787 6.60688 7.17362 6.10656 6.92772 6.17151 6.47782 6.30796
7.1833 8.17969 6.59587 6.92281 7.60383 6.15048 7.16574 6.2675 6.5422 6.55246
7.40334 8.51476 6.95 7.21091 7.99437 6.16678 7.31262 6.29649 6.56531 6.64384
7.52728 8.74139 7.1719 7.34626 8.24456 6.17798 7.33108 6.30881 6.58969 6.67298
7.60355 8.8714 7.29527 7.4175 8.39977 6.18777 7.34458 6.31986 6.60215 6.68531
7.6247 8.91355 7.34256 7.4353 8.43653 6.1975 7.35712 6.33072 6.61393 6.69708
7.63582 8.92944 7.35574 7.44561 8.44935 6.2072 7.36969 6.34149 6.62549 6.70891
7.64463 8.93989 7.36535 7.45433 8.45862 6.21692 7.38229 6.35228 6.63708 6.72076
7.65312 8.94997 7.37487 7.46283 8.46761 6.22675 7.39493 6.36311 6.64869 6.73263
7.66156 8.95986 7.3843 7.47135 8.47661 6.23659 7.40766 6.37399 6.6602 6.74443
