4.13633 4.5449 4.07815 4.07449 4.14973 5.08048 5.01695 4.88049 5.06949 4.45546
4.15325 4.56264 4.09574 4.09126 4.166 5.10094 5.03862 4.90082 5.09235 4.47365
4.17191 4.58126 4.11364 4.10903 4.18351 5.12371 5.05966 4.92234 5.11501 4.49225
4.1957 4.60136 4.13272 4.12736 4.20092 5.14856 5.0823 4.94499 5.14207 4.51255
4.22442 4.6239 4.15705 4.14864 4.22116 5.17924 5.10909 4.97389 5.17495 4.5395
4.28272 4.67087 4.19627 4.18157 4.27228 5.23225 5.18054 5.01741 5.2308 4.5939
4.51505 4.98787 4.40999 4.34637 4.45758 5.5277 5.41024 5.28851 5.48876 4.90321
4.93761 5.43639 4.85678 4.7282 4.92105 5.85196 5.75885 5.65644 5.90471 5.27278
5.40862 5.94777 5.36816 5.18833 5.47222 6.16169 6.14828 6.04264 6.35101 5.70512
5.8828 6.50263 5.91898 5.67949 6.10761 6.46412 6.56865 6.42164 6.80972 6.25045
6.3848 7.07107 6.50405 6.21728 6.76878 6.75317 7.06208 6.8015 7.24243 6.85749
6.90528 7.65614 7.11275 6.81018 7.48103 7.0042 7.53015 7.16661 7.62143 7.48414
7.33849 8.21887 7.65847 7.373 8.14944 7.13172 7.9323 7.39368 7.85347 8.11348
7.74166 8.72539 8.1335 7.89494 8.71495 7.18691 8.15617 7.47519 7.95797 8.61961
8.02683 9.15606 8.49189 8.30048 9.17083 7.20452 8.25379 7.49861 7.99821 8.83369
8.19256 9.45797 8.74693 8.59953 9.46378 7.21866 8.2809 7.51569 8.01639 8.88086
8.23373 9.5912 8.84458 8.73005 9.57203 7.23215 8.29719 7.53063 8.03187 8.89726
8.24826 9.61777 8.86318 8.74775 9.59236 7.24565 8.31252 7.5449 8.04742 8.91318
8.25854 9.62911 8.8743 8.75916 9.60366 7.25921 8.32787 7.55925 8.06299 8.92916
8.2685 9.64 8.8854 8.76995 9.61473 7.27273 8.34329 7.57369 8.07864 8.94518
8.27846 9.65088 8.89641 8.78065 9.62585 7.28623 8.35859 7.58813 8.0943 8.96111
