3.73649 4.09375 3.81961 4.04061 4.40836 3.82639 4.51028 4.65719 5.08504 5.01213
3.75213 4.11189 3.83747 4.05751 4.42488 3.84149 4.53096 4.67774 5.10684 5.03232
3.76804 4.13381 3.86092 4.07511 4.44206 3.8602 4.55795 4.6984 5.12946 5.05482
3.78426 4.15561 3.88487 4.09328 4.4628 3.88279 4.5891 4.72249 5.15314 5.08794
3.80766 4.20355 3.91289 4.11345 4.53404 3.92574 4.63641 4.7514 5.18491 5.16555
3.8726 4.27101 3.99382 4.14647 4.60935 3.98617 4.75309 4.79595 5.2529 5.26801
4.12569 4.54184 4.25173 4.38914 4.8498 4.20862 5.01035 5.05388 5.51813 5.51293
4.5302 4.99334 4.64458 4.82493 5.31396 4.56826 5.42212 5.42707 5.87432 5.8842
4.97505 5.44905 5.12759 5.29731 5.85904 4.9815 5.92677 5.77927 6.20229 6.24363
5.47732 5.96253 5.64943 5.77827 6.46584 5.44154 6.51511 6.10749 6.52327 6.64833
6.02235 6.53461 6.24432 6.34231 7.14322 5.90036 7.07466 6.38511 6.84927 7.06305
6.58933 7.13699 6.86275 6.9261 7.80253 6.29046 7.58999 6.5736 7.13809 7.46314
7.09631 7.66459 7.41611 7.4514 8.45056 6.45502 8.05002 6.65286 7.2872 7.77731
7.56007 8.15377 7.95168 7.98043 9.02612 6.50525 8.38351 6.70071 7.34613 8.05569
7.85704 8.51992 8.40943 8.36192 9.51603 6.52127 8.49232 6.71904 7.3681 8.18648
8.01459 8.79386 8.69672 8.57751 9.82203 6.53404 8.513 6.73423 7.38402 8.20311
8.06893 8.92743 8.79431 8.65517 9.97753 6.5462 8.52896 6.74822 7.39866 8.21874
8.0897 8.96121 8.82249 8.67496 10.00313 6.55819 8.54483 6.7621 7.41329 8.23433
8.10016 8.97384 8.83388 8.68628 10.01426 6.57025 8.56055 6.77603 7.42781 8.24998
8.10983 8.98523 8.8449 8.69708 10.02509 6.58236 8.57622 6.79006 7.44226 8.26553
8.11942 8.99649 8.85587 8.70784 10.03602 6.59448 8.59181 6.80407 7.45653 8.28091
