3.42966 3.89777 3.91426 3.93613 3.82467 4.47082 4.44392 4.51207 4.24479 5.03806
3.44664 3.90181 3.91483 3.93739 3.8249 4.47283 4.44517 4.51341 4.24636 5.06478
3.48161 3.93084 3.92212 3.97185 3.84326 4.50085 4.46651 4.52524 4.25982 5.10288
3.73596 4.19313 4.1054 4.14946 4.01354 4.67058 4.58991 4.69809 4.44156 5.25524
4.13197 4.82327 4.60454 4.59067 4.55889 4.98879 5.05475 5.07552 4.83858 5.60849
4.52207 5.4587 5.1121 5.00907 5.07667 5.26132 5.50622 5.43441 5.18791 5.9123
4.92879 6.07178 5.63091 5.42278 5.56424 5.50155 5.93512 5.76855 5.46375 6.2058
5.35114 6.72727 6.16028 5.85242 6.13452 5.71113 6.40178 6.05608 5.70248 6.48268
5.69338 7.26044 6.5728 6.1913 6.58791 5.84224 6.75503 6.23446 5.84943 6.67479
5.981 7.68834 6.87697 6.46019 6.93951 5.91946 7.00994 6.34893 5.9313 6.79932
6.26017 8.14661 7.19476 6.76607 7.34192 5.97118 7.2464 6.43562 5.98234 6.89929
6.50938 8.51441 7.44988 7.03383 7.69301 5.98609 7.36832 6.46828 5.99899 6.92757
6.71727 8.81713 7.65338 7.25922 7.97807 5.98924 7.39095 6.47874 6.00295 6.93155
6.86852 9.06363 7.81397 7.4463 8.26732 5.98955 7.39935 6.48055 6.00364 6.93222
6.93463 9.1344 7.85337 7.49689 8.39246 5.98945 7.39963 6.48076 6.00371 6.9322
6.94464 9.13817 7.85635 7.50207 8.39724 5.98958 7.39968 6.48085 6.00371 6.93227
6.94584 9.13846 7.8572 7.50273 8.39755 5.98967 7.39968 6.48087 6.00372 6.93232
6.94604 9.1382 7.85715 7.50261 8.39732 5.98943 7.3995 6.48061 6.00352 6.93214
6.94603 9.13813 7.85716 7.5025 8.39723 5.98933 7.3994 6.48054 6.00344 6.93207
6.946 9.13808 7.85715 7.50244 8.39718 5.98924 7.39935 6.48047 6.00338 6.93199
6.94599 9.13803 7.8513 7.5024 8.39715 5.98921 7.3993 6.48042 6.00336 6.93198
