4.1038 4.2516 3.93864 3.72899 3.5514 3.91688 4.4692 4.21662 3.37825 4.5126
4.11996 4.27 3.95563 3.74355 3.56547 3.93178 4.48865 4.23562 3.3919 4.53303
4.13673 4.28904 3.97327 3.75934 3.58046 3.95562 4.5094 4.25409 3.40546 4.55382
4.15931 4.30845 3.99166 3.77611 3.59613 3.98892 4.52967 4.27387 3.42055 4.57582
4.19044 4.33027 4.01255 3.79634 3.61276 4.03744 4.55851 4.29875 3.43946 4.60576
4.29765 4.36142 4.04151 3.86467 3.63591 4.10374 4.60337 4.32594 3.46222 4.64121
4.58696 4.57052 4.24483 4.16363 3.8673 4.31632 4.82005 4.5059 3.63755 4.86575
4.97694 5.02904 4.64218 4.51709 4.21442 4.60601 5.13257 4.776 3.9384 5.18729
5.37943 5.56086 5.07755 4.88712 4.68845 4.88296 5.49946 5.03956 4.27953 5.5586
5.78257 6.07865 5.53125 5.27383 5.21608 5.155 5.85518 5.29935 4.67026 5.90853
6.19922 6.62651 6.00913 5.7006 5.83896 5.39145 6.24439 5.56566 5.08201 6.22009
6.59369 7.24412 6.51294 6.11043 6.46062 5.59389 6.58681 5.77502 5.42859 6.51139
6.9017 7.71567 6.92698 6.47171 7.10881 5.73308 6.84364 5.87653 5.5858 6.70716
7.17468 8.22098 7.34602 6.81311 7.66836 5.76759 7.04162 5.91672 5.62684 6.87757
7.33652 8.62245 7.63905 6.99521 8.09207 5.77952 7.0812 5.93125 5.63858 6.98303
7.44272 8.92902 7.85003 7.09923 8.43518 5.78975 7.09802 5.94493 5.64913 7.00558
7.48161 9.0511 7.9316 7.1423 8.60769 5.79984 7.11329 5.95774 5.65952 7.01995
7.5009 9.0918 7.95397 7.16133 8.63521 5.81001 7.12824 5.97052 5.66991 7.03434
7.51129 9.10621 7.96602 7.17172 8.64764 5.82026 7.14319 5.98333 5.68037 7.0487
7.52071 9.11878 7.9772 7.18109 8.65883 5.83052 7.15795 5.99627 5.69083 7.06303
7.53006 9.13099 7.98811 7.19032 8.66983 5.84081 7.17268 6.0092 5.70138 7.0773
