3.62338 3.98456 3.60158 3.89621 4.09354 3.58941 4.3601 4.62636 4.74072 4.69752
3.62925 3.9881 3.6032 3.89671 4.09521 3.59261 4.38623 4.62814 4.74285 4.71813
3.68344 4.05327 3.62977 3.90563 4.14858 3.65711 4.4427 4.66263 4.75663 4.79425
3.9866 4.32606 3.92204 4.21341 4.46828 3.99303 4.76115 5.01308 5.09603 5.02754
4.59943 4.96486 4.5853 4.86123 5.15018 4.59626 5.5048 5.59611 5.6054 5.48341
5.32347 5.73744 5.39049 5.62314 5.99725 5.23367 6.35758 6.09 6.08241 6.01161
6.01549 6.47617 6.21966 6.35399 6.88647 5.8963 7.21701 6.12006 6.61501 6.53291
6.57379 7.07024 6.89538 6.96048 7.63419 5.90408 7.53373 6.12102 6.64543 6.89651
6.9138 7.52917 7.38499 7.42554 8.1832 5.90404 7.57771 6.12112 6.6551 7.21405
7.1087 7.80787 7.75339 7.68111 8.56944 5.90403 7.57789 6.12113 6.65509 7.21458
7.11376 7.837 7.87771 7.70936 8.78593 5.90404 7.57789 6.12111 6.6551 7.21457
7.11595 7.84276 7.88375 7.71896 8.8044 5.90403 7.57791 6.12111 6.6551 7.21456
7.11656 7.8445 7.88498 7.72141 8.80772 5.90404 7.57791 6.12112 6.6551 7.21457
7.11691 7.84505 7.88563 7.72179 8.8084 5.90403 7.57788 6.12109 6.6551 7.21459
7.11701 7.84514 7.88576 7.72188 8.80857 5.904 7.57785 6.12107 6.64558 7.21456
7.11705 7.84513 7.88583 7.72188 8.8087 5.90399 7.57784 6.12106 6.65505 7.21456
7.11707 7.84514 7.88583 7.72191 8.8087 5.90398 7.57781 6.12106 6.64555 7.21456
7.11708 7.84517 7.88588 7.72191 8.80871 5.904 7.57782 6.12105 6.65503 7.21455
7.11709 7.84516 7.88591 7.72195 8.80875 5.90402 7.57787 6.12108 6.65506 7.21454
7.11714 7.84521 7.88594 7.72198 8.80877 5.90402 7.57789 6.12108 6.65507 7.21456
7.11715 7.84521 7.88593 7.72198 8.80877 5.90402 7.57789 6.12109 6.65507 7.21456
