4.12974 4.42947 4.11252 3.94537 3.58919 3.96164 4.48818 4.40388 3.30901 4.43422
4.13353 4.43014 4.12095 3.94611 3.58993 3.98109 4.48916 4.40814 3.30954 4.43526
4.22926 4.44057 4.14176 3.97111 3.60237 4.05881 4.50181 4.42791 3.31782 4.45184
4.7092 4.7105 4.44415 4.30611 3.89825 4.40705 4.68009 4.59094 3.54885 4.62213
5.41098 5.41752 5.11253 4.88508 4.59098 4.9422 5.26194 5.0326 4.109 5.28994
6.17338 6.24542 5.89467 5.45761 5.42202 5.45903 5.91308 5.31455 4.71746 6.00939
6.75603 7.09616 6.62852 6.0219 6.24747 5.58164 6.42805 5.61933 5.44248 6.46707
7.04149 7.77375 7.24203 6.52648 7.00827 5.58147 6.6752 5.63198 5.44853 6.62188
7.16398 8.23189 7.5649 6.82216 7.6383 5.58146 6.70078 5.63202 5.44848 6.64366
7.18993 8.46713 7.63494 6.86664 8.14223 5.58145 6.70085 5.63205 5.44847 6.64376
7.19363 8.61722 7.64958 6.88499 8.25751 5.58147 6.70086 5.63203 5.44848 6.64375
7.19519 8.63212 7.65279 6.89077 8.26534 5.58147 6.70087 5.63204 5.44849 6.64375
7.19626 8.63495 7.65414 6.89305 8.2663 5.58144 6.70087 5.63203 5.44846 6.64376
7.19667 8.63629 7.65443 6.8943 8.2664 5.58144 6.70083 5.63199 5.44844 6.64374
7.19692 8.63679 7.65447 6.8952 8.26645 5.58141 6.70079 5.63195 5.44842 6.64371
7.197 8.63694 7.6545 6.89583 8.26648 5.58138 6.70076 5.63194 5.44841 6.64369
7.19705 8.63699 7.65451 6.89631 8.26647 5.58138 6.70077 5.63194 5.44841 6.64369
7.19712 8.63702 7.65455 6.89686 8.26649 5.58143 6.70081 5.632 5.44842 6.64373
7.19717 8.63707 7.65458 6.89707 8.26651 5.58146 6.70085 5.63202 5.44844 6.64374
7.19717 8.63709 7.65459 6.89721 8.26653 5.58146 6.70085 5.63203 5.44846 6.64374
7.19717 8.63709 7.65459 6.89726 8.26653 5.58146 6.70084 5.63204 5.44846 6.64374
