4.5827 4.94543 3.75458 4.19891 4.04307 4.94917 4.91573 4.15684 4.90449 4.27586
4.602 4.96528 3.772 4.21774 4.05913 4.96792 4.93744 4.17452 4.92535 4.29419
4.6226 4.98724 3.78968 4.2434 4.07507 4.98896 4.95882 4.19151 4.94895 4.31264
4.64451 5.01201 3.80791 4.2779 4.09154 5.01184 4.98229 4.20982 4.97677 4.33299
4.66993 5.04015 3.82984 4.31363 4.11122 5.03838 5.01311 4.23552 5.01692 4.36034
4.78492 5.09577 3.86817 4.39207 4.15107 5.12522 5.05021 4.2645 5.08692 4.3996
5.06375 5.34027 4.07962 4.68257 4.35284 5.34805 5.3137 4.46365 5.38194 4.63395
5.46389 5.84922 4.5228 5.06434 4.81053 5.63028 5.7097 4.74666 5.75861 4.99575
5.9055 6.41784 4.99709 5.51744 5.3312 5.89488 6.11452 5.0675 6.11802 5.39418
6.3371 7.01944 5.48336 5.95088 5.92777 6.13577 6.49422 5.46012 6.44956 5.84574
6.82278 7.61955 5.99206 6.40853 6.58276 6.35779 6.90364 5.86808 6.73691 6.30658
7.27964 8.25236 6.55615 6.8574 7.29005 6.54261 7.33937 6.237 6.97429 6.77913
7.63951 8.75479 7.04966 7.25887 7.95873 6.63028 7.67536 6.51472 7.08732 7.19989
7.9926 9.23422 7.52683 7.62325 8.59394 6.65583 7.96566 6.6255 7.15012 7.46313
8.2037 9.58388 7.89494 7.88777 9.15173 6.66959 8.12156 6.64789 7.17397 7.53971
8.34257 9.8238 8.13992 8.05267 9.5516 6.68192 8.13861 6.66131 7.19098 7.55845
8.38562 9.91545 8.24771 8.12237 9.67908 6.69426 8.15484 6.67446 7.20595 7.57339
8.40302 9.94089 8.27614 8.13681 9.69777 6.70669 8.17094 6.68743 7.22094 7.5884
8.41418 9.95228 8.28838 8.14753 9.70918 6.71916 8.18712 6.70048 7.23596 7.60315
8.42446 9.96368 8.29963 8.15794 9.72052 6.73167 8.20327 6.71363 7.25097 7.61797
8.43461 9.97504 8.31093 8.1684 9.7319 6.74422 8.2194 6.72681 7.26602 7.63283
