4.30496 4.37218 4.02331 3.83841 3.65165 3.63938 3.93175 3.81143 3.12179 4.09103
4.3074 4.37248 4.02337 3.83869 3.65177 3.6571 3.93322 3.81587 3.1218 4.09105
4.35364 4.38281 4.0262 3.86327 3.65956 3.73914 3.95081 3.82866 3.14368 4.09476
4.77136 4.70122 4.34255 4.21089 4.00844 4.09448 4.23982 4.09297 3.52056 4.38932
5.2703 5.30534 4.8919 4.67309 4.67491 4.52985 4.73852 4.46898 4.05701 4.88608
5.70479 5.85871 5.4086 5.12315 5.35674 4.94859 5.2384 4.82188 4.58135 5.29849
6.08947 6.44446 5.90313 5.5534 6.02976 5.31626 5.73874 5.17857 5.04321 5.73405
6.37762 6.9256 6.26555 5.91384 6.54494 5.60278 6.1428 5.43286 5.36059 6.09869
6.61579 7.32922 6.56918 6.2081 6.94566 5.81624 6.45706 5.65189 5.58919 6.39941
6.7922 7.61118 6.78936 6.39182 7.24634 5.96168 6.67197 5.80724 5.74413 6.62977
6.95249 7.86133 6.98413 6.55929 7.5038 6.08722 6.86909 5.94875 5.86911 6.83507
7.12195 8.17154 7.22151 6.73047 7.79562 6.19299 7.11061 6.09828 5.98206 7.07496
7.26576 8.44211 7.43803 6.883 8.05429 6.27665 7.30672 6.23277 6.08563 7.28317
7.4184 8.72666 7.67141 7.03957 8.3413 6.34987 7.51303 6.36415 6.18431 7.50248
7.51032 8.93993 7.837 7.1414 8.54777 6.38947 7.65546 6.44761 6.24613 7.64649
7.57271 9.08368 7.95388 7.20678 8.67755 6.40491 7.73832 6.48931 6.28331 7.72737
7.59978 9.14615 8.01699 7.23681 8.72234 6.4134 7.77296 6.50859 6.30204 7.75805
7.61362 9.16497 8.04112 7.25591 8.738 6.41592 7.78917 6.51604 6.30797 7.76671
7.61816 9.17495 8.0508 7.2688 8.74198 6.41659 7.79316 6.51995 6.31148 7.76879
7.62078 9.17949 8.05427 7.27759 8.74301 6.41689 7.79606 6.522 6.31276 7.77012
7.62213 9.18086 8.05616 7.28286 8.74337 6.4171 7.79739 6.5228 6.31402 7.77062
