3.89963 4.32892 3.85097 3.30422 3.92611 3.99054 4.4165 4.2581 4.52272 4.33661
3.90268 4.33023 3.85513 3.30462 3.93882 3.99136 4.4292 4.25859 4.52306 4.3372
3.9338 4.34053 3.87796 3.31009 3.96834 3.99847 4.46182 4.2654 4.53152 4.35121
4.28237 4.52869 4.03993 3.44093 4.12803 4.05947 4.75619 4.41158 4.62372 4.54755
4.94005 5.14892 4.52942 4.0132 4.75628 4.49591 5.32762 4.94928 5.10517 5.10433
5.48384 5.7263 5.04766 4.61229 5.35364 4.9969 5.94327 5.4495 5.58128 5.62786
5.96446 6.35457 5.60066 5.24391 5.94752 5.52656 6.53869 5.96794 6.1209 6.15154
6.38754 7.05222 6.20183 5.92724 6.60723 6.04065 7.13879 6.49097 6.6898 6.69862
6.74502 7.60958 6.66529 6.46471 7.11346 6.43579 7.61407 6.90711 7.11815 7.08502
7.03249 8.10477 7.04647 6.91825 7.54903 6.72611 7.96233 7.23482 7.43348 7.36609
7.32857 8.58947 7.47428 7.37855 7.98169 6.97845 8.25012 7.44459 7.70927 7.64763
7.57091 9.02484 7.8523 7.78071 8.37443 7.14631 8.44892 7.51673 7.7791 7.84353
7.75503 9.39039 8.1717 8.11483 8.75399 7.20505 8.53532 7.53168 7.78621 7.9327
7.91126 9.68154 8.48074 8.37755 9.09904 7.20873 8.57326 7.53266 7.7871 7.94884
7.95575 9.82482 8.6057 8.47398 9.18042 7.20913 8.57371 7.53274 7.78712 7.94891
7.96166 9.84545 8.61392 8.49387 9.18467 7.20913 8.57376 7.53276 7.78716 7.94894
7.9631 9.84825 8.61417 8.49589 9.18498 7.20917 8.57374 7.53279 7.78717 7.94895
7.96306 9.84829 8.6141 8.49621 9.18474 7.20896 8.57356 7.53258 7.78696 7.94877
7.96317 9.84825 8.61402 8.49621 9.18468 7.20888 8.57354 7.53253 7.78692 7.94872
7.96317 9.84824 8.61399 8.49635 9.19247 7.20882 8.57345 7.53247 7.78686 7.94868
7.96314 9.84827 8.61396 8.49631 9.18461 7.20879 8.57345 7.53246 7.78685 7.93671
