3.46358 3.76044 3.44772 3.71214 3.88925 3.50092 4.13767 4.36919 4.55602 4.5129
3.47793 3.7768 3.46216 3.72778 3.90455 3.51479 4.15669 4.3872 4.5764 4.53198
3.49291 3.79359 3.48055 3.7437 3.9197 3.52882 4.18325 4.40649 4.59697 4.5514
3.50805 3.81123 3.49954 3.76015 3.93608 3.54704 4.21192 4.42687 4.61981 4.57347
3.52588 3.8349 3.52063 3.78108 3.95626 3.5709 4.24965 4.45261 4.64908 4.60641
3.59531 3.89463 3.5564 3.8198 4.02012 3.62696 4.33079 4.49377 4.7119 4.70071
3.80797 4.12455 3.76227 4.04316 4.2187 3.82662 4.52076 4.72929 4.97329 4.89748
4.1854 4.53096 4.1606 4.46276 4.61095 4.15686 4.8698 5.09214 5.32486 5.23071
4.58148 4.95449 4.61903 4.90525 5.10614 4.51879 5.31056 5.43883 5.67189 5.60731
5.03633 5.42241 5.14583 5.3897 5.64004 4.89433 5.82393 5.78447 6.05946 5.97323
5.55248 5.94783 5.7136 5.92257 6.24922 5.35816 6.41344 6.06208 6.40295 6.34721
6.06748 6.51113 6.30562 6.48389 6.91621 5.80675 6.97971 6.23115 6.66365 6.75126
6.53559 7.04324 6.85911 6.97855 7.55876 6.07237 7.43767 6.29332 6.84695 7.07917
6.95543 7.5205 7.40394 7.4472 8.16122 6.13189 7.79324 6.33191 6.91453 7.35933
7.24617 7.86924 7.85459 7.80528 8.68261 6.14637 7.96877 6.3483 6.93411 7.5943
7.38788 8.11196 8.19154 8.02312 9.07522 6.15862 7.99163 6.36226 6.95069 7.61603
7.42879 8.20366 8.30212 8.09979 9.21172 6.17041 8.00775 6.37521 6.96537 7.63117
7.43938 8.23596 8.33283 8.12763 9.24212 6.18226 8.02352 6.38811 6.97967 7.64624
7.45593 8.24812 8.34552 8.13971 9.25392 6.19411 8.03925 6.40105 6.99376 7.66118
7.46555 8.25939 8.35662 8.15067 9.2646 6.2059 8.05467 6.41408 7.00784 7.67596
7.47475 8.2703 8.36723 8.16149 9.27506 6.21764 8.07007 6.42716 7.02198 7.69081
