4.40515 4.6762 4.28768 3.82647 4.33057 4.41356 4.9099 4.70639 5.20638 4.78615
4.42375 4.69713 4.30765 3.84252 4.34849 4.43297 4.93084 4.72643 5.23043 4.80673
4.44455 4.72195 4.33313 3.85931 4.36856 4.45195 4.95262 4.74687 5.25488 4.8274
4.47323 4.74733 4.36062 3.87653 4.38902 4.47217 4.97651 4.76882 5.27962 4.8506
4.51364 4.77601 4.39134 3.8951 4.41218 4.50185 5.00568 4.79666 5.31146 4.90876
4.6592 4.80877 4.43863 3.91977 4.4603 4.53959 5.16138 4.8331 5.34783 4.99613
5.12439 4.99407 4.6878 4.1253 4.72513 4.77715 5.45433 5.12672 5.60573 5.27997
5.56916 5.47506 5.06168 4.56444 5.18636 5.1965 5.91532 5.54367 6.06607 5.69601
5.98628 6.02551 5.50105 5.06367 5.67172 5.62586 6.4606 5.99308 6.54813 6.14452
6.38114 6.65495 5.97148 5.63362 6.21431 6.07313 7.0495 6.50093 7.0641 6.64388
6.84874 7.35396 6.51886 6.26042 6.80631 6.51067 7.61735 7.03283 7.56777 7.11629
7.24092 8.07002 7.08171 6.92614 7.464 6.92677 8.14016 7.45986 7.98466 7.55292
7.53726 8.70027 7.60297 7.52615 8.03993 7.22077 8.59391 7.70489 8.15227 7.88619
7.86133 9.2839 8.09617 8.07399 8.6316 7.41797 8.83189 7.79573 8.22716 8.12974
8.05116 9.71054 8.49683 8.47559 9.08697 7.46606 8.93038 7.81806 8.25101 8.17815
8.21118 10.00341 8.80296 8.71661 9.351 7.48316 8.94162 7.83432 8.27017 8.19403
8.2741 10.15122 8.91628 8.83265 9.44039 7.49789 8.9478 7.84952 8.28757 8.20948
8.29661 10.20035 8.94441 8.86893 9.46758 7.51243 8.97716 7.86424 8.3049 8.22471
8.30856 10.21611 8.95698 8.88251 9.47978 7.52699 8.98297 7.87893 8.32199 8.23955
8.3189 10.2291 8.96849 8.89353 9.49071 7.54158 9.0121 7.89366 8.339 8.25433
8.32901 10.24179 8.98001 8.90454 9.50157 7.55614 9.01711 7.90825 8.3449 8.26895
