3.55088 4.26029 3.84842 3.72965 3.88693 4.44443 4.84405 4.42596 4.53924 3.98585
3.55167 4.26961 3.84923 3.73031 3.88751 4.44543 4.84475 4.42663 4.53994 3.98692
3.57452 4.29433 3.85933 3.73873 3.9007 4.46439 4.8578 4.43777 4.55076 4.00661
3.87405 4.75005 4.12341 3.96486 4.23175 4.79861 5.08515 4.67927 4.77058 4.31594
4.51999 5.50737 4.81007 4.58865 4.95985 5.46067 5.62869 5.28111 5.39428 4.93005
5.32367 6.42095 5.64152 5.47291 5.86815 6.11904 6.26261 5.86859 6.08006 5.7603
6.12568 7.29949 6.48716 6.30872 6.76154 6.61473 6.90033 6.35732 6.80548 6.6783
6.89693 8.05519 7.19037 7.07947 7.57562 6.64647 7.5786 6.89484 7.29537 7.59815
7.46781 8.55545 7.66017 7.64537 8.21685 6.64652 7.60604 6.89579 7.29646 7.92511
7.63996 8.77919 7.95677 7.98302 8.62074 6.64649 7.60791 6.89579 7.29652 7.92693
7.64671 8.80697 8.02243 8.15944 8.71546 6.64649 7.60802 6.89575 7.29652 7.92703
7.64815 8.81304 8.04368 8.17911 8.72621 6.64651 7.60805 6.89577 7.29649 7.92705
7.64868 8.81406 8.0458 8.18056 8.72811 6.64652 7.60805 6.89575 7.2965 7.92705
7.64876 8.81433 8.04635 8.18113 8.72835 6.6465 7.60805 6.89575 7.2965 7.92703
7.64877 8.8144 8.0464 8.18123 8.72839 6.64648 7.60801 6.89573 7.29646 7.92702
7.64876 8.81436 8.04641 8.18122 8.72836 6.64645 7.60799 6.89569 7.29645 7.92698
7.64879 8.81438 8.04643 8.18124 8.72835 6.64643 7.60798 6.8957 7.29644 7.92699
7.64881 8.81436 8.04646 8.18125 8.72835 6.64643 7.60796 6.89573 7.29645 7.92698
7.64884 8.81439 8.04652 8.1813 8.72841 6.64645 7.60796 6.89574 7.29649 7.927
7.64886 8.8144 8.04655 8.18131 8.72842 6.6465 7.60801 6.89577 7.2965 7.92701
7.64886 8.81441 8.04655 8.18132 8.72843 6.6465 7.60802 6.89577 7.29649 7.92702
