3.01642 3.63452 4.11526 3.65831 3.82305 3.38285 4.00522 3.61395 3.66992 3.32049
3.01727 3.64547 4.11618 3.66764 3.82389 3.38367 4.02959 3.62067 3.67051 3.32576
3.02432 3.68192 4.12961 3.71351 3.84698 3.39132 4.07126 3.63898 3.68027 3.36267
3.20694 4.01332 4.43932 4.07641 4.26091 3.63015 4.49557 3.97441 3.95217 3.6351
3.87782 4.79868 5.15913 4.83156 5.13617 4.30802 5.34363 4.74357 4.67929 4.40456
4.785 5.78042 6.04058 5.7868 6.19993 5.20754 6.37785 5.63995 5.56384 5.36051
5.71297 6.73845 6.93818 6.73932 7.20348 6.15092 7.41747 6.53591 6.47392 6.27586
6.5758 7.56725 7.70107 7.62004 8.09128 7.01626 8.32789 7.35214 7.27607 7.12293
7.29992 8.26977 8.30949 8.3275 8.79766 7.73179 9.10342 8.03173 7.91916 7.8396
7.84974 8.81176 8.70091 8.83551 9.31318 8.30078 9.58975 8.49912 8.37179 8.3869
8.33627 9.25135 8.99093 9.26374 9.64398 8.74467 9.81573 8.72924 8.66666 8.83966
8.60297 9.36788 9.13805 9.52432 9.6951 8.95421 9.87948 8.78593 8.81428 9.03086
8.64613 9.38119 9.1817 9.56212 9.70436 8.98018 9.90116 8.79352 8.85329 9.03874
8.65209 9.38703 9.19921 9.56436 9.70741 8.98357 9.90455 8.79494 8.8561 9.03763
8.6528 9.38934 9.20861 9.56489 9.7081 8.98425 9.90552 8.79525 8.85666 9.04022
8.65295 9.3898 9.2122 9.56505 9.70821 8.98452 9.9059 8.79538 8.85691 9.04023
8.65303 9.39012 9.21429 9.56516 9.70824 8.9847 9.90607 8.79551 8.85471 9.04026
8.6531 9.39031 9.21308 9.56522 9.70831 8.98479 9.90613 8.79557 8.85721 9.04028
8.65313 9.3903 9.21616 9.56525 9.70839 8.98486 9.90615 8.79559 8.8573 9.04032
8.65313 9.39035 9.21643 9.56525 9.70838 8.98489 9.90618 8.79561 8.85733 9.04032
8.65313 9.39036 9.21657 9.56526 9.70838 8.98489 9.90618 8.79561 8.85733 9.04032
