3.86583 4.37265 3.99371 3.81149 4.06142 4.68599 4.97159 4.70082 4.96935 4.50103
3.88206 4.39176 4.01057 3.82775 4.07826 4.70598 4.99292 4.72053 4.99225 4.52017
3.8988 4.41391 4.02759 3.8452 4.09557 4.72632 5.0145 4.74038 5.01522 4.53947
3.91615 4.43655 4.04495 3.86546 4.11357 4.74772 5.03689 4.76088 5.03861 4.55955
3.936 4.4655 4.06443 3.88788 4.13448 4.78276 5.06583 4.78811 5.06811 4.60632
4.07161 4.61193 4.14229 3.95919 4.20855 5.01629 5.25036 4.97685 5.25009 4.79347
4.41533 4.96443 4.47514 4.26961 4.58435 5.32974 5.57735 5.2883 5.58464 5.10089
4.83888 5.44136 4.89791 4.69202 5.05917 5.6677 5.96624 5.62501 5.95529 5.47996
5.34467 6.00821 5.40145 5.20145 5.64595 6.02922 6.39911 5.99349 6.37679 5.99512
5.85879 6.56989 5.95509 5.76865 6.29429 6.32995 6.83883 6.35065 6.7683 6.5705
6.41317 7.16067 6.55906 6.38492 6.9622 6.61857 7.28342 6.71061 7.13755 7.11155
6.98111 7.8095 7.21497 7.03927 7.67395 6.8222 7.66785 6.99316 7.47361 7.70643
7.47104 8.34888 7.75909 7.63216 8.28616 6.87978 7.86288 7.10425 7.60286 8.06851
7.81114 8.79579 8.15524 8.1009 8.74748 6.89735 7.94403 7.12554 7.63396 8.24922
8.01833 9.10726 8.4218 8.43133 9.04625 6.91166 7.96667 7.141 7.65188 8.29136
8.06976 9.23976 8.50097 8.57116 9.14337 6.92591 7.98365 7.15578 7.66827 8.30867
8.08384 9.26599 8.51763 8.59251 9.16345 6.94003 8.00056 7.1704 7.68459 8.32593
8.09477 9.2774 8.52863 8.60466 9.17535 6.95417 8.0174 7.18505 7.70091 8.34321
8.10518 9.28826 8.53941 8.61567 9.18673 6.96833 8.0342 7.19952 7.71716 8.36049
8.11542 9.29896 8.55005 8.6264 9.19796 6.98245 8.05079 7.21403 7.73339 8.37754
8.12552 9.30957 8.56063 8.63694 9.20908 6.99652 8.06729 7.22849 7.74932 8.39454
