3.43573 3.86023 4.18674 4.18838 4.0133 4.12639 4.13899 4.07823 3.88517 4.63235
3.44444 3.861 4.18682 4.18919 4.01383 4.12989 4.14253 4.0783 3.88542 4.65819
3.492 3.89272 4.19691 4.22543 4.02456 4.19114 4.15918 4.09465 3.91657 4.71483
3.83673 4.31764 4.52082 4.51819 4.33844 4.5507 4.50659 4.45506 4.32519 5.09514
4.37427 5.13699 5.11221 5.00173 4.95882 4.95734 5.12124 4.94854 4.77532 5.56529
4.93199 5.935 5.72299 5.49044 5.58048 5.33766 5.68913 5.40333 5.20167 5.99656
5.45092 6.67928 6.26581 5.97915 6.19131 5.69085 6.2486 5.83926 5.56949 6.41281
5.87751 7.33409 6.63992 6.39604 6.71664 5.95873 6.68003 6.14989 5.85615 6.73905
6.20011 7.83517 6.96818 6.72015 7.12696 6.17837 7.04102 6.40427 6.08158 6.98632
6.43403 8.1916 7.20968 6.94621 7.456 6.33651 7.30497 6.59424 6.23123 7.16921
6.64254 8.48695 7.43176 7.16244 7.72766 6.48433 7.54894 6.76438 6.37279 7.33592
6.86788 8.8139 7.68251 7.42235 8.04049 6.65122 7.83455 6.96614 6.521 7.52965
7.04801 9.10895 7.89939 7.64669 8.31168 6.78314 8.0894 7.14693 6.64712 7.69092
7.25208 9.40398 8.14033 7.8799 8.62232 6.90741 8.34688 7.32097 6.76868 7.85703
7.38007 9.61513 8.31001 8.01925 8.82445 6.99362 8.54682 7.43822 6.84116 7.96414
7.45534 9.74895 8.42681 8.10502 8.93641 7.03543 8.67077 7.51485 6.87922 8.02135
7.48811 9.80311 8.47945 8.14043 8.97941 7.05212 8.73547 7.55142 6.89252 8.03907
7.49789 9.82425 8.50046 8.15114 8.98869 7.05866 8.75781 7.56678 6.89807 8.04446
7.50259 9.82987 8.5056 8.1556 8.99133 7.06238 8.7656 7.5721 6.9015 8.04662
7.50479 9.83361 8.50865 8.15855 8.99259 7.0636 8.76961 7.57529 6.90286 8.04803
7.50581 9.83476 8.51005 8.15991 8.99294 7.06427 8.77157 7.57667 6.90431 8.04838
