3.30645 3.73356 3.44659 3.67272 3.87146 3.42798 4.03823 4.22875 4.51248 4.51253
3.32015 3.74962 3.46153 3.68857 3.88657 3.44157 4.05591 4.24694 4.53175 4.53146
3.3344 3.76867 3.48015 3.70453 3.90182 3.4557 4.07434 4.26602 4.55236 4.55275
3.34955 3.78965 3.49947 3.72075 3.91759 3.47097 4.0943 4.28583 4.57456 4.57573
3.36713 3.81492 3.52054 3.73922 3.94141 3.48795 4.12419 4.3104 4.60226 4.60995
3.40919 3.86196 3.55406 3.76653 4.00519 3.5305 4.19977 4.35418 4.654 4.69931
3.6157 4.09257 3.74632 3.9734 4.21421 3.68715 4.40242 4.56206 4.91943 4.87752
3.97762 4.51198 4.16454 4.41065 4.59663 3.99606 4.76123 4.89037 5.28977 5.22425
4.37828 4.95599 4.62143 4.87342 5.11287 4.32559 5.20339 5.23649 5.64631 5.5876
4.83087 5.42071 5.12791 5.35594 5.68247 4.728 5.75482 5.60579 6.00544 5.95304
5.33681 5.95997 5.71719 5.88661 6.3078 5.16815 6.36302 5.95328 6.36738 6.32075
5.88349 6.53729 6.29622 6.44269 6.95508 5.65465 6.95506 6.18732 6.64383 6.69324
6.40968 7.06039 6.86497 6.95148 7.57749 6.05086 7.46921 6.26334 6.82534 7.04407
6.86414 7.56597 7.41246 7.43344 8.16581 6.11804 7.861 6.29879 6.88831 7.33115
7.22001 7.90197 7.85924 7.81112 8.68025 6.13371 8.05381 6.31461 6.90691 7.5464
7.38746 8.1533 8.19473 8.02744 9.0575 6.14629 8.08036 6.32788 6.92215 7.5802
7.44747 8.2546 8.33769 8.11214 9.24114 6.15843 8.09762 6.34078 6.93614 7.59623
7.46687 8.28789 8.37517 8.13306 9.28372 6.17064 8.11426 6.3535 6.9501 7.6121
7.47825 8.30095 8.38957 8.14463 9.29603 6.18282 8.13072 6.36621 6.96412 7.62797
7.48823 8.31242 8.40115 8.16247 9.30662 6.19498 8.14719 6.37904 6.9782 7.64368
7.49799 8.32373 8.41232 8.17325 9.31715 6.20707 8.16352 6.39185 6.99227 7.65913
