3.3579 4.00137 4.45721 4.04823 4.3125 4.36909 5.18102 4.72862 4.87089 4.17971
3.37183 4.01788 4.47585 4.06436 4.32823 4.38892 5.20399 4.74904 4.89255 4.19744
3.38591 4.03703 4.49472 4.08034 4.34609 4.40889 5.22634 4.76999 4.91462 4.21529
3.40016 4.05668 4.51351 4.09704 4.36462 4.4289 5.24953 4.79057 4.93677 4.23495
3.41457 4.08618 4.53758 4.13674 4.38359 4.45115 5.28367 4.81415 4.96271 4.29221
3.45507 4.17649 4.64014 4.2512 4.46213 4.5368 5.44774 4.91636 5.06548 4.40076
3.64156 4.47455 4.94306 4.55501 4.84177 4.77038 5.83705 5.23323 5.38755 4.6082
4.01578 4.93649 5.38879 5.01147 5.35476 5.09525 6.33822 5.62645 5.77356 4.9399
4.49858 5.47678 5.91102 5.57584 5.97764 5.52716 6.93969 6.10101 6.18615 5.36913
5.08163 6.1192 6.47986 6.21006 6.6949 6.09699 7.59387 6.62953 6.60528 5.91584
5.73336 6.77185 7.08145 6.91128 7.46671 6.66127 8.19446 7.16106 7.0146 6.5408
6.42088 7.46007 7.67955 7.59171 8.17126 7.26084 8.6723 7.66156 7.41569 7.10303
7.10574 8.11083 8.19659 8.26732 8.77872 7.77838 8.86992 7.86669 7.69866 7.6573
7.73193 8.71097 8.67153 8.85674 9.29848 8.03764 8.91105 7.93664 7.87646 8.04208
8.2575 9.15889 9.00694 9.28019 9.5932 8.11207 8.93089 7.96674 7.98314 8.12873
8.57429 9.37827 9.21381 9.53536 9.75377 8.13203 8.94916 7.98385 8.0078 8.14507
8.66447 9.42797 9.27965 9.6288 9.80979 8.14954 8.9674 8.00044 8.02377 8.16096
8.68618 9.44607 9.30275 9.64896 9.82878 8.16704 8.98564 8.01699 8.03941 8.17687
8.7005 9.45774 9.31653 9.66109 9.83966 8.18445 9.00359 8.03355 8.05492 8.19271
8.70463 9.46846 9.32859 9.67197 9.84974 8.20182 9.02113 8.05013 8.07035 8.20829
8.72352 9.47915 9.34035 9.68262 9.85957 8.2192 9.03845 8.06671 8.08558 8.22388
