3.4055 4.09874 3.62162 3.47256 3.65949 4.2883 4.57039 4.29542 4.35283 3.92993
3.40612 4.09975 3.62199 3.47322 3.66809 4.28878 4.57112 4.29598 4.35336 3.93034
3.41313 4.1093 3.62912 3.47918 3.68435 4.29758 4.57984 4.3055 4.36159 3.93764
3.58017 4.35804 3.75544 3.57473 3.84816 4.38995 4.66017 4.41069 4.43894 4.05226
4.12888 4.98852 4.29737 4.10614 4.46515 4.85393 5.13919 4.83373 4.88126 4.52584
4.69474 5.61055 4.82372 4.62143 5.0937 5.39536 5.58387 5.25248 5.3788 5.06752
5.29175 6.2088 5.38752 5.19433 5.74135 5.87658 6.05216 5.63774 5.88042 5.63831
5.90752 6.84238 6.01326 5.8297 6.42763 6.26755 6.55509 6.0448 6.42256 6.3247
6.35339 7.31087 6.51275 6.31374 6.96311 6.49308 6.93525 6.36263 6.81124 6.85329
6.70522 7.70484 6.8817 6.72201 7.40445 6.63509 7.22323 6.6011 7.08853 7.29779
7.07017 8.10388 7.27006 7.19736 7.88689 6.73321 7.50684 6.82311 7.32014 7.71206
7.38669 8.45232 7.6266 7.60379 8.29932 6.74884 7.69084 6.96335 7.41181 7.98193
7.66486 8.73783 7.93664 7.95114 8.6352 6.75277 7.7588 6.98122 7.42812 8.12281
7.89453 9.01764 8.22169 8.27967 8.96658 6.75435 7.80123 6.98256 7.43206 8.1718
7.97577 9.17599 8.37112 8.43525 9.11174 6.75465 7.80191 6.98259 7.43225 8.17278
7.98634 9.20366 8.39666 8.45622 9.1277 6.75468 7.80191 6.98264 7.43224 8.17282
7.98902 9.20532 8.39789 8.45807 9.12892 6.75473 7.8019 6.98264 7.43226 8.17289
7.98925 9.20525 8.39814 8.45791 9.12886 6.75452 7.80172 6.98242 7.43206 8.1727
7.98941 9.20527 8.39831 8.45787 9.12882 6.75443 7.80164 6.98236 7.432 8.17263
7.98944 9.20524 8.39829 8.45787 9.12882 6.75437 7.8016 6.98231 7.43196 8.17259
7.98942 9.20522 8.39033 8.45785 9.12884 6.75434 7.8016 6.9823 7.43194 8.17256
