3.39659 3.81571 4.05473 4.05709 3.95411 4.57592 4.5458 4.58484 4.39198 5.27509
3.41066 3.83052 4.06975 4.07274 3.96979 4.59315 4.56417 4.60362 4.40916 5.29829
3.43461 3.84986 4.08511 4.08902 3.98531 4.61532 4.58352 4.62306 4.42665 5.32961
3.47347 3.87326 4.10071 4.11063 4.00544 4.65227 4.60624 4.64414 4.44734 5.36
3.52626 3.90139 4.11856 4.14454 4.02862 4.72044 4.64496 4.68367 4.48799 5.40237
3.65027 3.9903 4.22571 4.26891 4.11727 4.86037 4.76231 4.80988 4.67176 5.54772
3.93081 4.34103 4.5113 4.53697 4.38008 5.07165 5.0629 5.11081 4.98516 5.81043
4.26013 4.79781 4.87978 4.89338 4.73261 5.30647 5.4411 5.44787 5.29666 6.092
4.66544 5.37957 5.2989 5.32248 5.18934 5.53236 5.8699 5.79508 5.5761 6.35564
5.09949 6.08246 5.74849 5.80004 5.74936 5.72453 6.35796 6.08271 5.78979 6.5613
5.55192 6.77963 6.26842 6.24502 6.3156 5.85853 6.7799 6.31166 5.93676 6.75245
5.96993 7.40505 6.73912 6.64433 6.80565 5.95129 7.16787 6.42091 6.00371 6.89841
6.31903 7.99491 7.19215 6.993 7.29776 5.99216 7.35483 6.45103 6.02372 6.96067
6.61006 8.51195 7.51643 7.25592 7.73112 6.00822 7.39143 6.46934 6.03722 6.97761
6.79196 8.80999 7.66784 7.42167 8.0929 6.01935 7.40689 6.48299 6.04767 6.97936
6.86443 8.91293 7.74536 7.49082 8.25921 6.03002 7.42 6.49507 6.0576 7.00076
6.88786 8.94023 7.77175 7.51007 8.29052 6.0407 7.43293 6.50679 6.0675 7.0122
6.89716 8.95311 7.78425 7.52168 8.303 6.05143 7.44589 6.51853 6.07743 7.01367
6.90473 8.96349 7.79406 7.53112 8.31339 6.06217 7.45889 6.53033 6.0874 7.03492
6.91209 8.97342 7.80351 7.53984 8.32332 6.0728 7.47187 6.54214 6.09743 7.04609
6.91939 8.98321 7.81269 7.54842 8.33307 6.0834 7.4849 6.55397 6.10746 7.05724
