4.11458 4.29248 3.8923 3.74238 3.48842 3.94125 4.46542 4.1897 3.46915 4.50835
4.11658 4.29334 3.89282 3.74314 3.48885 3.95472 4.46592 4.19028 3.46946 4.50901
4.13671 4.3036 3.90093 3.755 3.49499 4.00725 4.48102 4.198 3.47711 4.51922
4.40653 4.50639 4.04095 4.02441 3.6779 4.16291 4.60609 4.2427 3.55784 4.59216
4.91694 5.09636 4.56281 4.48344 4.21357 4.51383 4.95702 4.53156 3.91613 5.02483
5.33569 5.59866 5.02654 4.88162 4.82009 4.84835 5.34733 4.8402 4.31821 5.41586
5.72782 6.12572 5.49017 5.26492 5.43222 5.09809 5.70864 5.11644 4.68627 5.70262
6.10396 6.67115 5.94291 5.64714 6.06707 5.34895 6.0678 5.38166 5.03439 6.00981
6.39596 7.1169 6.29799 5.98553 6.57076 5.5137 6.32858 5.54684 5.28614 6.22417
6.62908 7.48634 6.60775 6.2547 6.95337 5.60311 6.53442 5.65161 5.4202 6.39191
6.86496 7.89397 6.94783 6.51851 7.34165 5.6446 6.71396 5.71887 5.47855 6.55178
7.06373 8.24699 7.24416 6.73033 7.68778 5.65089 6.81416 5.73677 5.48953 6.65911
7.22685 8.54223 7.47307 6.87378 7.98989 5.65157 6.84302 5.73976 5.49118 6.74804
7.33733 8.78115 7.69192 6.98336 8.29181 5.65161 6.84521 5.74044 5.4915 6.75841
7.37959 8.89278 7.77914 7.02759 8.43813 5.65148 6.84533 5.74043 5.49137 6.75844
7.3858 8.91384 7.79006 7.0438 8.45216 5.65156 6.84541 5.74054 5.49146 6.75847
7.38766 8.9154 7.79197 7.04887 8.45254 5.65162 6.84542 5.74054 5.49151 6.75854
7.38794 8.91534 7.79184 7.04936 8.45237 5.65142 6.84523 5.74031 5.4913 6.7583
7.38812 8.91541 7.79198 7.04952 8.45228 5.65137 6.84518 5.74023 5.49122 6.75822
7.38825 8.91538 7.79205 7.04968 8.45224 5.6513 6.84509 5.74016 5.49118 6.75818
7.38824 8.91536 7.79198 7.04973 8.45222 5.65128 6.84508 5.74012 5.49114 6.75815
