3.04084 3.62882 3.91345 3.67388 3.93524 3.95769 4.72591 4.17966 4.38977 3.7623
3.04084 3.62882 3.91345 3.67388 3.93524 3.95769 4.72591 4.17966 4.38977 3.7623
3.04084 3.62882 3.91345 3.67388 3.93524 3.95769 4.72591 4.17966 4.38977 3.7623
3.04084 3.62882 3.91345 3.67388 3.93524 3.95769 4.72591 4.17966 4.38977 3.7623
3.04084 3.62882 3.91345 3.67388 3.93524 3.95769 4.72591 4.17966 4.38977 3.7623
3.04084 3.62882 3.91345 3.67388 3.93524 3.95769 4.72591 4.17966 4.38977 3.7623
3.04084 3.62882 3.91345 3.67388 3.93524 3.95769 4.72591 4.17966 4.38977 3.7623
3.04084 3.62882 3.91345 3.67388 3.93524 3.95769 4.72591 4.17966 4.38977 3.7623
3.04084 3.62882 3.91345 3.67388 3.93524 3.95769 4.72591 4.17966 4.38977 3.7623
3.04084 3.62882 3.91345 3.67388 3.93524 3.95769 4.72591 4.17966 4.38977 3.7623
3.04084 3.62882 3.91345 3.67388 3.93524 3.95769 4.72591 4.17966 4.38977 3.7623
3.04084 3.62882 3.91345 3.67388 3.93524 3.95769 4.72591 4.17966 4.38977 3.7623
3.04084 3.62882 3.91345 3.67388 3.93524 3.95769 4.72591 4.17966 4.38977 3.7623
3.04084 3.62882 3.91345 3.67388 3.93524 3.95769 4.72591 4.17966 4.38977 3.7623
3.04084 3.62882 3.91345 3.67388 3.93524 3.95769 4.72591 4.17966 4.38977 3.7623
3.04084 3.62882 3.91345 3.67388 3.93524 3.95769 4.72591 4.17966 4.38977 3.7623
3.04084 3.62882 3.91345 3.67388 3.93524 3.95769 4.72591 4.17966 4.38977 3.7623
3.04084 3.62882 3.91345 3.67388 3.93524 3.95769 4.72591 4.17966 4.38977 3.7623
3.04084 3.62882 3.91345 3.67388 3.93524 3.95769 4.72591 4.17966 4.38977 3.7623
3.04084 3.62882 3.91345 3.67388 3.93524 3.95769 4.72591 4.17966 4.38977 3.7623
3.04084 3.62882 3.91345 3.67388 3.93524 3.95769 4.72591 4.17966 4.38977 3.7623
