4.61414 4.75694 3.59879 4.08783 3.99641 4.6599 4.65611 3.82958 4.69261 4.16062
4.632 4.77496 3.61398 4.10363 4.01125 4.67503 4.6751 3.84445 4.71233 4.1773
4.65051 4.79434 3.62917 4.11969 4.02725 4.69218 4.6949 3.85969 4.73218 4.19461
4.67015 4.81489 3.64533 4.13705 4.04288 4.71222 4.71437 3.87454 4.75481 4.21593
4.70874 4.83825 3.67048 4.16082 4.06294 4.75103 4.74166 3.89344 4.79378 4.24382
4.91113 4.94352 3.765 4.35188 4.15481 4.862 4.85945 3.98327 4.9397 4.33311
5.26156 5.34514 4.04372 4.68413 4.4356 5.08383 5.15325 4.19972 5.26218 4.61393
5.64038 5.83497 4.44323 5.05814 4.86101 5.32135 5.51971 4.48286 5.60575 4.95282
6.00905 6.37834 4.8999 5.49839 5.36714 5.52977 5.89383 4.81725 5.94056 5.33873
6.34777 6.87548 5.39578 5.93189 5.89962 5.73567 6.26702 5.20379 6.19092 5.73555
6.71279 7.41462 5.89564 6.37936 6.47696 5.90618 6.67226 5.59522 6.38502 6.10902
6.9998 7.92461 6.35652 6.75095 7.06108 6.01467 6.97727 5.9657 6.47182 6.48759
7.23572 8.30577 6.75062 7.04791 7.61152 6.08072 7.22451 6.22899 6.50304 6.73848
7.4408 8.64098 7.11287 7.28493 8.09425 6.095 7.40204 6.27398 6.52044 6.81422
7.53118 8.81756 7.34591 7.41782 8.45095 6.0957 7.41777 6.28638 6.53351 6.83949
7.56563 8.91901 7.45105 7.47799 8.62213 6.11564 7.43121 6.29777 6.54557 6.85242
7.57927 8.94815 7.47987 7.49165 8.65036 6.12569 7.44458 6.309 6.55754 6.86528
7.58953 8.96305 7.4939 7.50125 8.66269 6.1358 7.45794 6.32023 6.56948 6.87821
7.59818 8.97461 7.50462 7.51038 8.67255 6.14594 7.4713 6.33151 6.58144 6.89116
7.6065 8.98504 7.51456 7.51933 8.68228 6.15606 7.48455 6.34285 6.59343 6.90408
7.61482 8.99536 7.5244 7.52826 8.69198 6.16612 7.49773 6.35414 6.60544 6.91706
