3.40375 4.01497 3.72284 3.53508 3.67381 3.73445 4.10821 3.70133 3.78239 3.43991
3.40441 4.02401 3.72347 3.53576 3.67426 3.735 4.10902 3.70197 3.78283 3.44062
3.41465 4.04556 3.73158 3.54362 3.68372 3.74337 4.11767 3.71052 3.7905 3.44726
3.68485 4.41921 3.9396 3.75963 3.98112 4.06651 4.32803 4.0235 4.04851 3.67137
4.33782 5.23874 4.64159 4.42375 4.72725 4.77279 4.99876 4.7006 4.77104 4.36379
5.15634 6.22654 5.50581 5.31546 5.68841 5.56395 5.80825 5.48618 5.63023 5.37105
5.98766 7.14348 6.35577 6.19408 6.61288 6.32214 6.64224 6.20519 6.45095 6.31744
6.76559 7.94064 7.08148 6.99122 7.47376 6.9538 7.34935 6.83296 7.20026 7.21612
7.40943 8.54944 7.64491 7.62497 8.15196 7.3763 7.91114 7.31734 7.76331 7.95692
7.84572 8.95936 8.04038 8.06962 8.65661 7.56142 8.33088 7.70156 8.20346 8.52402
8.02251 9.20114 8.34719 8.38143 9.04838 7.613 8.65762 7.8784 8.41161 9.00672
8.04847 9.27976 8.4708 8.5764 9.19175 7.62212 8.77885 7.9105 8.45406 9.19573
8.05185 9.29974 8.49676 8.59865 9.21027 7.62455 8.83287 7.9189 8.46538 9.22967
8.05321 9.30539 8.50119 8.60157 9.21359 7.62536 8.85574 7.92283 8.46796 9.23356
8.05401 9.30781 8.50283 8.60287 9.21461 7.62573 8.86501 7.92446 8.46877 9.23461
8.05436 9.30837 8.50333 8.60331 9.21487 7.62592 8.86957 7.92508 8.46901 9.2349
8.0546 9.30862 8.50359 8.60351 9.21504 7.62606 8.8721 7.92539 8.46914 9.23502
8.0547 9.30873 8.50371 8.6036 9.21512 7.62615 8.87324 7.92556 8.46921 9.23505
8.05475 9.30886 8.50383 8.60367 9.2152 7.62624 8.87368 7.92561 8.46925 9.23512
8.05478 9.30897 8.50385 8.60374 9.21522 7.62626 8.8739 7.92565 8.46929 9.23514
8.05482 9.30901 8.50388 8.60375 9.21523 7.62628 8.87401 7.92565 8.46929 9.23514
