3.11685 3.70037 3.97641 3.70823 4.06469 4.08924 4.88668 4.43611 4.39063 3.93808
3.12995 3.71488 3.99355 3.7237 4.08046 4.10693 4.91116 4.455 4.40975 3.95446
3.14309 3.73002 4.01276 3.73945 4.09909 4.12507 4.94757 4.47407 4.4289 3.97538
3.15636 3.74708 4.0352 3.7558 4.12225 4.14364 4.98503 4.49368 4.44863 4.00566
3.17042 3.77633 4.05929 3.79066 4.15005 4.18225 5.04775 4.51777 4.47722 4.07293
3.21319 3.87047 4.12436 3.89396 4.24616 4.30848 5.27069 4.69782 4.63496 4.1932
3.44204 4.20174 4.4186 4.20922 4.64782 4.57164 5.65058 5.01575 4.94702 4.47053
3.82706 4.65816 4.8544 4.66156 5.15295 4.92136 6.12764 5.39779 5.31032 4.843
4.30687 5.19519 5.41644 5.24885 5.77698 5.36565 6.6957 5.88036 5.73391 5.27225
4.8578 5.8488 6.05521 5.9173 6.50131 5.87137 7.30893 6.39301 6.15687 5.78589
5.53995 6.54797 6.71614 6.5986 7.25058 6.40742 7.90256 6.88781 6.60905 6.36658
6.27963 7.31502 7.45222 7.38852 8.04306 7.04141 8.46981 7.39073 7.12561 6.97196
6.99359 8.01885 8.08151 8.10277 8.72228 7.6322 8.71825 7.63509 7.51391 7.5994
7.60744 8.66257 8.61797 8.70247 9.26876 7.90372 8.75744 7.71821 7.72671 8.00151
8.18307 9.14121 9.00384 9.13137 9.58552 7.96082 8.77553 7.74528 7.82735 8.0459
8.47337 9.27814 9.16084 9.34786 9.67731 7.97776 8.79266 7.76108 7.84983 8.0616
8.51233 9.29466 9.18538 9.41942 9.69858 7.99464 8.80974 7.77687 7.86592 8.07712
8.52434 9.30536 9.19845 9.43087 9.70985 8.01148 8.82686 7.79259 7.88166 8.09246
8.53535 9.31575 9.21043 9.44168 9.72068 8.02809 8.844 7.80836 7.8974 8.10781
8.54611 9.326 9.22214 9.45241 9.73132 8.04459 8.86108 7.82412 7.91313 8.12295
8.55675 9.33622 9.23377 9.46309 9.74191 8.06102 8.8779 7.83983 7.92881 8.1379
