5.09419 5.13888 4.70626 4.43786 4.32337 4.81126 5.14393 4.90464 4.32681 5.46883
5.11397 5.16047 4.72608 4.45461 4.34008 4.83102 5.16543 4.92524 4.34365 5.49156
5.13442 5.18254 4.7455 4.4736 4.35743 4.86004 5.18638 4.94541 4.36063 5.51276
5.15822 5.20492 4.76602 4.49428 4.37489 4.89487 5.20896 4.96592 4.37769 5.54119
5.21456 5.23062 4.78792 4.53907 4.39412 4.95522 5.23346 4.98835 4.39883 5.56947
5.40196 5.3627 4.90017 4.71154 4.53758 5.08609 5.32856 5.06878 4.50563 5.64873
5.71247 5.76127 5.25571 5.02366 4.88313 5.31029 5.59085 5.28239 4.80174 5.87106
6.03333 6.21545 5.67234 5.36116 5.32194 5.53106 5.92163 5.51575 5.12912 6.15715
6.3505 6.68598 6.07957 5.70025 5.83851 5.72279 6.25451 5.70478 5.4451 6.41494
6.65207 7.13089 6.45102 6.06523 6.4057 5.86764 6.57145 5.82736 5.63489 6.62172
6.96405 7.67775 6.86609 6.44018 6.99631 5.94614 6.86078 5.93403 5.75784 6.83357
7.22571 8.14866 7.23103 6.74876 7.51261 5.97294 7.05021 5.98794 5.80188 7.01075
7.43166 8.56146 7.53435 6.98581 7.95484 5.98753 7.12853 6.00879 5.82072 7.09726
7.61441 8.91653 7.82798 7.15978 8.37065 5.99871 7.15512 6.02381 5.83263 7.12931
7.71458 9.15137 7.996 7.26551 8.70082 6.00943 7.17136 6.03688 5.84369 7.14398
7.7849 9.29715 8.10267 7.34092 8.91091 6.0201 7.18581 6.04958 5.85441 7.14697
7.81474 9.36192 8.14861 7.38381 8.9678 6.03077 7.19994 6.06228 5.8651 7.17184
7.82834 9.38928 8.16809 7.41256 8.98476 6.04148 7.21411 6.0748 5.87584 7.18572
7.83885 9.40273 8.17964 7.435 8.99574 6.0522 7.22815 6.08713 5.8866 7.19965
7.8481 9.41501 8.19054 7.45116 9.0063 6.06297 7.24219 6.09941 5.8974 7.21358
7.85698 9.42682 8.20103 7.46369 9.01678 6.0737 7.25624 6.11157 5.90821 7.22717
