3.79862 4.22742 3.77605 3.77235 3.88308 4.74351 4.71796 4.57585 4.69411 4.13267
3.80011 4.22877 3.77689 3.77314 3.88395 4.74495 4.71887 4.57665 4.6952 4.13334
3.81459 4.23931 3.78483 3.78181 3.89597 4.75847 4.72928 4.58651 4.70637 4.14198
4.06907 4.51711 3.92183 3.9083 4.07186 4.94655 4.89159 4.71446 4.86078 4.35936
4.61632 5.13582 4.47117 4.45392 4.69517 5.36149 5.30557 5.15875 5.33141 4.84655
5.12246 5.68117 5.01779 4.958 5.30904 5.6993 5.77363 5.55588 5.80265 5.41284
5.59339 6.24822 5.53402 5.46196 5.97684 6.00937 6.25137 5.946 6.24734 6.01167
6.08651 6.82097 6.1311 6.0111 6.65491 6.30447 6.75062 6.32669 6.68889 6.62309
6.45127 7.26128 6.59233 6.45968 7.16016 6.51067 7.12341 6.61187 7.0009 7.12737
6.76978 7.64486 6.97309 6.85901 7.57148 6.64064 7.39464 6.80359 7.20263 7.50552
7.11206 8.04124 7.36088 7.27211 7.9925 6.73097 7.61803 6.96332 7.37359 7.85409
7.41053 8.38885 7.70998 7.62889 8.38207 6.7488 7.75088 7.02329 7.44507 8.12535
7.62354 8.68959 7.98273 7.93823 8.68743 6.75332 7.81223 7.03035 7.46546 8.26212
7.7698 8.95729 8.20962 8.21107 8.9792 6.7541 7.83315 7.03234 7.46962 8.31328
7.80484 9.06338 8.28858 8.29619 9.05957 6.75408 7.83382 7.03255 7.46967 8.31559
7.81077 9.07053 8.29524 8.29929 9.06249 6.75413 7.83383 7.03264 7.46971 8.31565
7.81183 9.07124 8.28945 8.29925 9.06286 6.7542 7.83383 7.03262 7.46975 8.31568
7.81181 9.07108 8.29529 8.29902 9.06273 6.75398 7.83362 7.03238 7.46954 8.31549
7.81182 9.071 8.28913 8.2989 9.06264 6.75391 7.83355 7.03231 7.46946 8.31542
7.81184 9.07098 8.29514 8.29886 9.06263 6.75385 7.8335 7.03226 7.4694 8.31537
7.8118 9.07094 8.29513 8.29883 9.0626 6.75382 7.83349 7.03223 7.46937 8.31534
