3.67031 4.0482 4.14186 4.18642 4.08397 4.79834 4.76378 4.81218 4.61878 5.36017
3.68169 4.05809 4.14189 4.18652 4.08623 4.80347 4.76417 4.81237 4.62017 5.38563
3.72377 4.08252 4.14432 4.21427 4.10221 4.84639 4.79069 4.82657 4.64182 5.42245
4.03945 4.40268 4.39923 4.49895 4.36278 5.0384 5.00595 5.06878 4.88259 5.62711
4.4593 5.08208 4.92572 4.96316 4.90463 5.31579 5.49312 5.50298 5.25661 5.93732
4.94679 5.8045 5.48374 5.41758 5.50252 5.55744 5.97918 5.86545 5.52641 6.22632
5.39098 6.4817 6.06961 5.88466 6.07953 5.74105 6.43497 6.14604 5.72153 6.46719
5.77464 7.09494 6.55041 6.25448 6.59378 5.86055 6.81673 6.30987 5.8458 6.661
6.06206 7.59313 6.90248 6.53461 6.98298 5.91567 7.0803 6.38565 5.90027 6.77238
6.27849 7.9667 7.14225 6.74382 7.26925 5.93731 7.23465 6.41174 5.91545 6.81128
6.50255 8.33562 7.37804 6.96631 7.58964 5.95009 7.34024 6.43135 5.92396 6.82512
6.69278 8.64206 7.56265 7.17874 7.88153 5.95226 7.38036 6.43845 5.92619 6.82735
6.82995 8.89348 7.729 7.3497 8.11307 5.95312 7.38812 6.44032 5.92689 6.82813
6.91723 9.05411 7.82298 7.46527 8.28973 5.95312 7.38929 6.44067 5.92711 6.82824
6.94487 9.08969 7.85148 7.50256 8.32055 5.95309 7.38941 6.44065 5.92718 6.82821
6.9485 9.09509 7.85619 7.50828 8.32423 5.95307 7.38939 6.44065 5.92717 6.82819
6.94976 9.09575 7.85669 7.50968 8.3247 5.95308 7.38936 6.44064 5.92714 6.8282
6.9505 9.09596 7.85676 7.50994 8.32474 5.95307 7.38931 6.44061 5.92712 6.8282
6.95082 9.09608 7.85678 7.51002 8.32475 5.95305 7.38933 6.4406 5.92712 6.82818
6.95113 9.09609 7.85678 7.51008 8.32474 5.95305 7.38934 6.44061 5.92713 6.82818
6.95119 9.09616 7.8568 7.51012 8.32476 5.95309 7.38933 6.44063 5.92715 6.82818
