3.65673 3.99585 3.67142 3.85938 4.10657 3.70749 4.4186 4.62599 4.79296 4.71158
3.66351 4.00404 3.67521 3.85943 4.10758 3.71524 4.42287 4.62623 4.79319 4.71327
3.70814 4.05045 3.69734 3.86211 4.15311 3.74959 4.48284 4.63778 4.81699 4.78193
3.98141 4.36212 3.97654 4.14778 4.41718 3.92349 4.76766 4.87563 5.07632 5.03407
4.46535 4.885 4.55129 4.71219 5.02288 4.37233 5.27572 5.28283 5.50913 5.43615
5.00567 5.44366 5.16384 5.32106 5.66157 4.86057 5.87239 5.66605 5.93742 5.86974
5.55745 6.01222 5.7715 5.91008 6.31483 5.33115 6.44435 5.90245 6.24952 6.24517
6.02557 6.5292 6.30359 6.3991 6.88886 5.66914 6.8716 6.03146 6.469 6.55283
6.39501 6.91201 6.69973 6.78044 7.3504 5.84873 7.17367 6.09385 6.60176 6.81659
6.64123 7.18075 6.99841 7.05528 7.69885 5.90227 7.38982 6.11283 6.64162 6.98523
6.87624 7.44505 7.31422 7.32647 8.04884 5.91453 7.60236 6.12634 6.6582 7.16972
7.02899 7.66093 7.60238 7.53546 8.37771 5.91676 7.70211 6.13094 6.66538 7.28117
7.12523 7.82341 7.8165 7.69169 8.69062 5.91793 7.71107 6.13253 6.66735 7.31079
7.17161 7.9324 7.93822 7.7758 8.89961 5.91822 7.71177 6.13302 6.66832 7.31106
7.18949 7.97587 7.97257 7.79949 8.9517 5.91817 7.71178 6.13302 6.66833 7.31112
7.19426 7.9833 7.9811 7.80361 8.95906 5.91817 7.71177 6.13297 6.66833 7.31111
7.19589 7.98499 7.98345 7.80447 8.96007 5.91818 7.71175 6.13295 6.66831 7.3111
7.19626 7.98555 7.98378 7.8047 8.96016 5.91817 7.71173 6.13296 6.66829 7.31107
7.19639 7.98578 7.98393 7.80473 8.96023 5.91815 7.71173 6.13292 6.66828 7.31105
7.19651 7.98594 7.98397 7.80476 8.96028 5.91815 7.71173 6.13293 6.66826 7.31105
7.19658 7.98601 7.984 7.8048 8.9603 5.91819 7.71174 6.13297 6.66832 7.31108
