4.15269 4.48572 3.32646 3.79036 3.6714 4.40805 4.39561 3.7863 4.33116 3.87757
4.15328 4.49194 3.32652 3.79054 3.6715 4.40861 4.39573 3.78634 4.33134 3.87767
4.1862 4.50951 3.33039 3.79737 3.67933 4.4514 4.40652 3.79158 4.34703 3.88245
4.60487 4.85279 3.62003 4.15241 3.90771 4.74295 4.6913 4.06008 4.62819 4.09616
5.20545 5.63873 4.23675 4.76688 4.58728 5.13673 5.28458 4.51857 5.12831 4.62676
5.88488 6.54701 5.00305 5.50434 5.39894 5.50351 5.89285 5.02811 5.6819 5.24261
6.45303 7.33793 5.69534 6.10357 6.15061 5.75619 6.39558 5.49056 6.06256 5.74322
6.89604 7.91374 6.25441 6.59409 6.8362 5.88874 6.66738 5.87162 6.17807 6.16715
7.22212 8.34921 6.67603 6.9681 7.366 5.89666 6.8675 6.02609 6.21147 6.43407
7.42084 8.64257 7.02735 7.19675 7.82647 5.89687 7.10878 6.03052 6.22189 6.50197
7.52028 8.83547 7.25306 7.32112 8.20566 5.8969 7.11117 6.03053 6.22433 6.50365
7.5494 8.91643 7.34106 7.37359 8.45713 5.89696 7.11123 6.03055 6.22452 6.50368
7.55445 8.93402 7.34912 7.3763 8.50716 5.89681 7.11113 6.03033 6.22433 6.50352
7.55576 8.93637 7.35039 7.37618 8.50965 5.89655 7.1109 6.03015 6.22414 6.50331
7.55643 8.93704 7.35082 7.37621 8.51017 5.89646 7.11083 6.03011 6.22405 6.50325
7.55666 8.93723 7.3511 7.3762 8.51021 5.89649 7.1108 6.03019 6.22412 6.50321
7.55693 8.93746 7.35139 7.37644 8.5104 5.89667 7.11099 6.03031 6.22429 6.50346
7.55712 8.93764 7.35156 7.37663 8.51053 5.89688 7.11114 6.03048 6.22443 6.5036
7.55722 8.93775 7.35168 7.37675 8.51063 5.89697 7.11123 6.03058 6.22451 6.50368
7.55722 8.93775 7.35168 7.37675 8.51062 5.89697 7.11123 6.03058 6.22451 6.50368
7.55722 8.93775 7.35168 7.37675 8.51062 5.89697 7.11123 6.03058 6.22451 6.50368
