4.03093 4.79107 4.00817 3.99339 4.19667 5.01343 5.19055 4.91789 5.05962 4.58574
4.04725 4.80949 4.02538 4.01001 4.21341 5.03487 5.2126 4.93863 5.08241 4.60569
4.06486 4.82926 4.04649 4.0272 4.23111 5.0573 5.23409 4.96016 5.10529 4.62805
4.0866 4.84908 4.06833 4.04517 4.24895 5.08225 5.25841 4.98321 5.13161 4.65057
4.11134 4.87263 4.09233 4.06643 4.27005 5.1126 5.29318 5.01222 5.16758 4.67741
4.17902 4.92903 4.13655 4.09686 4.32414 5.19774 5.37941 5.05262 5.22005 4.7517
4.44198 5.23112 4.35449 4.26292 4.52072 5.54046 5.61483 5.27934 5.49181 5.03537
4.85232 5.68201 4.80261 4.65957 4.98196 5.9663 5.97908 5.62507 5.91213 5.43757
5.33657 6.23976 5.32754 5.1704 5.53079 6.40878 6.38483 5.97791 6.36874 5.93617
5.89844 6.82855 5.92678 5.74198 6.18213 6.80294 6.82604 6.3783 6.8896 6.50885
6.47281 7.44778 6.54867 6.3418 6.90977 7.09742 7.34547 6.83684 7.39049 7.20226
7.09822 8.08844 7.19804 6.97839 7.66959 7.32422 7.81519 7.20409 7.80116 7.89866
7.61761 8.672 7.8066 7.62326 8.43133 7.411 8.19202 7.50365 8.11433 8.60398
8.06629 9.1964 8.34771 8.19144 9.06744 7.45199 8.47257 7.69219 8.23712 9.02973
8.42947 9.60085 8.78458 8.69373 9.61349 7.46918 8.60185 7.72384 8.27272 9.1732
8.66008 9.88917 9.07332 9.04119 9.92467 7.48479 8.66969 7.7408 8.28991 9.19429
8.72663 10.03476 9.22483 9.17475 10.07287 7.49941 8.68982 7.75658 8.30627 9.21263
8.74492 10.06493 9.25251 9.19978 10.10653 7.51404 8.70604 7.77232 8.32268 9.23092
8.75659 10.07691 9.26447 9.21225 10.11836 7.52869 8.72229 7.78812 8.33914 9.24877
8.76773 10.08814 9.2758 9.224 10.13022 7.54341 8.73859 7.80401 8.35552 9.2664
8.77871 10.09931 9.28713 9.2356 10.14212 7.55815 8.7549 7.81978 8.37175 9.28405
