4.76638 4.83427 3.61669 4.09834 4.245 4.87993 4.68469 3.8941 4.78969 4.24844
4.78818 4.85409 3.63282 4.11535 4.26198 4.90052 4.70564 3.91071 4.81177 4.26792
4.81898 4.88009 3.64957 4.13313 4.27921 4.92487 4.73111 3.92791 4.83694 4.29208
4.85622 4.90964 3.66792 4.15423 4.29764 4.95517 4.76767 3.94895 4.87039 4.3245
4.91912 4.95199 3.69111 4.18742 4.32173 4.99031 4.81499 3.97786 4.91503 4.37405
5.16421 5.09287 3.80894 4.37482 4.44109 5.10011 4.89883 4.03065 5.0042 4.44124
5.59928 5.55636 4.10529 4.74949 4.70669 5.338 5.19305 4.25192 5.3463 4.78095
6.0624 6.12496 4.53065 5.17452 5.14413 5.58339 5.61061 4.54047 5.7875 5.22046
6.55372 6.76749 5.05292 5.68369 5.68856 5.81031 6.11243 4.8992 6.2602 5.70314
7.02498 7.45515 5.62426 6.24739 6.27688 6.02982 6.56993 5.42232 6.51152 6.16423
7.38508 8.15391 6.24564 6.78544 6.90005 6.18406 6.87809 5.98279 6.55991 6.55194
7.62954 8.74694 6.8908 7.27416 7.53128 6.2324 7.08994 6.3119 6.57618 6.81175
7.70274 9.04555 7.3358 7.51526 8.07949 6.24645 7.43734 6.34179 6.59072 6.87894
7.72875 9.10896 7.58855 7.58923 8.5784 6.25911 7.49913 6.35509 6.60513 6.89503
7.74257 9.12932 7.64615 7.60866 8.79597 6.2718 7.51541 6.36838 6.61954 6.91011
7.75349 9.14379 7.65934 7.61972 8.81007 6.28436 7.53157 6.38174 6.63405 6.92521
7.76376 9.1561 7.67057 7.63042 8.82145 6.29689 7.54771 6.39521 6.6486 6.94031
7.77388 9.16806 7.68161 7.64107 8.83275 6.3094 7.5638 6.4087 6.66317 6.9555
7.78397 9.18001 7.69257 7.65177 8.84396 6.32194 7.57972 6.42214 6.6777 6.97068
7.79402 9.19193 7.70348 7.66245 8.85511 6.33449 7.59556 6.43548 6.6922 6.98588
7.804 9.2038 7.71442 7.6731 8.86621 6.34702 7.61141 6.44876 6.7067 7.0009
