3.7023 4.32386 4.75589 4.20391 4.48672 4.66938 5.33887 4.52761 4.85205 4.29253
3.71763 4.3427 4.77555 4.22104 4.50384 4.69082 5.36132 4.54883 4.87567 4.31271
3.73431 4.37119 4.80037 4.24146 4.52184 4.71499 5.38517 4.57743 4.911 4.34087
3.7554 4.40811 4.83221 4.27764 4.54439 4.74625 5.42812 4.60892 4.95034 4.37673
3.78616 4.46826 4.88025 4.35549 4.57706 4.79238 5.50636 4.65501 4.99886 4.46807
3.88883 4.62173 5.05735 4.57323 4.71895 4.89503 5.71115 4.76097 5.11336 4.61889
4.13366 5.00135 5.43012 4.92372 5.16745 5.19482 6.15825 5.12746 5.45434 4.87649
4.55217 5.52843 5.94127 5.39772 5.71694 5.57047 6.72954 5.58328 5.87343 5.31153
5.10273 6.12843 6.53281 6.00749 6.41675 6.11124 7.43978 6.17907 6.33229 5.8394
5.74981 6.79294 7.1333 6.71096 7.17527 6.70392 8.19262 6.90038 6.83287 6.46327
6.45877 7.477 7.80551 7.4579 7.99425 7.34716 8.91382 7.60111 7.37078 7.17274
7.19796 8.19345 8.40105 8.22225 8.74773 7.88804 9.16418 8.14672 7.84723 7.97785
7.89803 8.84773 8.86177 8.89672 9.41959 8.25452 9.18641 8.20849 8.12816 8.51549
8.54203 9.36762 9.13704 9.47627 9.78872 8.31001 9.20522 8.22696 8.22069 8.57542
8.85164 9.50756 9.19504 9.69288 9.80662 8.3285 9.22387 8.24472 8.23988 8.59212
8.91713 9.51988 9.20948 9.7087 9.81926 8.34689 9.24241 8.26242 8.25735 8.6088
8.93184 9.53203 9.22217 9.72051 9.83106 8.36499 9.261 8.28 8.27477 8.62544
8.94441 9.5441 9.23448 9.73228 9.84288 8.38297 9.27953 8.29757 8.29217 8.642
8.95684 9.55611 9.24663 9.74389 9.85467 8.40078 9.29801 8.31514 8.30959 8.65856
8.96914 9.56808 9.25875 9.75542 9.86643 8.41858 9.31637 8.33269 8.32699 8.67502
8.98141 9.58003 9.27073 9.76693 9.87805 8.43628 9.33462 8.35 8.3444 8.69127
