3.31317 3.91893 4.20897 3.99911 4.10074 4.04182 4.93755 4.3004 4.58438 4.06409
3.32744 3.93454 4.22618 4.01507 4.11649 4.06055 4.95893 4.31845 4.60479 4.08428
3.3423 3.95315 4.24472 4.03193 4.1325 4.07961 4.98397 4.33735 4.62467 4.10901
3.35768 3.97706 4.26994 4.04956 4.14967 4.10028 5.01277 4.35745 4.64664 4.13533
3.37504 4.00419 4.29447 4.07787 4.17012 4.12579 5.06418 4.38267 4.67413 4.20845
3.39627 4.06806 4.32968 4.16868 4.21041 4.18243 5.15134 4.41504 4.72681 4.32031
3.50209 4.26661 4.52324 4.39854 4.43062 4.37873 5.52434 4.63074 4.96855 4.52666
3.85209 4.70691 4.9348 4.8412 4.91328 4.69047 6.02954 5.03654 5.34555 4.87392
4.31616 5.22926 5.45504 5.39129 5.509 5.09663 6.57712 5.51441 5.7957 5.3042
4.8807 5.84527 6.02945 6.03719 6.20632 5.63199 7.25832 6.13776 6.22725 5.79503
5.51987 6.51674 6.62533 6.74162 6.98103 6.25979 8.01326 6.79937 6.70746 6.43494
6.2642 7.25239 7.29783 7.47517 7.77275 6.86055 8.68212 7.4023 7.18907 7.09877
7.02446 7.98498 7.94495 8.1965 8.51518 7.48732 9.195 7.99805 7.67251 7.74578
7.73782 8.67961 8.52915 8.88933 9.17346 8.03347 9.39047 8.32827 8.10893 8.34996
8.36971 9.3179 8.98579 9.4686 9.73435 8.37379 9.43162 8.44964 8.32488 8.73668
8.88448 9.73606 9.3214 9.85511 10.02717 8.53676 9.4516 8.50088 8.41591 8.76548
9.13507 9.82911 9.5032 9.99834 10.12547 8.55604 9.46975 8.51828 8.43246 8.78178
9.1718 9.84541 9.54181 10.02005 10.15021 8.5738 9.48786 8.53489 8.44797 8.79804
9.18466 9.85647 9.55392 10.03162 10.16165 8.5916 9.50576 8.55151 8.4634 8.81429
9.19634 9.86747 9.56533 10.04256 10.17218 8.60943 9.52358 8.56813 8.47886 8.8305
9.20785 9.87846 9.57667 10.0535 10.18258 8.62715 9.54145 8.58472 8.49433 8.8466
