3.36579 3.95003 4.34639 4.02955 4.3377 4.40663 5.18939 4.72983 4.86746 4.239
3.38051 3.9651 4.36488 4.04547 4.3545 4.4277 5.21175 4.75007 4.88882 4.25747
3.39543 3.98382 4.38432 4.06195 4.37165 4.4487 5.24272 4.77177 4.91062 4.27805
3.41074 4.00338 4.40342 4.0794 4.38965 4.47023 5.27517 4.79325 4.93418 4.3005
3.428 4.02517 4.42717 4.10059 4.41398 4.49726 5.31877 4.8215 4.96589 4.32722
3.44961 4.08184 4.46496 4.17026 4.44467 4.55351 5.44047 4.85469 5.01212 4.45342
3.59805 4.31328 4.70381 4.39435 4.72946 4.76896 5.7836 5.11072 5.30008 4.6395
3.96336 4.75405 5.11044 4.83724 5.22163 5.09288 6.29252 5.50435 5.69065 4.9572
4.42858 5.29262 5.60872 5.40632 5.79255 5.48279 6.8441 5.96249 6.07901 5.39766
4.96114 5.89473 6.17464 6.04488 6.44925 5.96724 7.45212 6.46715 6.45183 5.89429
5.58265 6.54487 6.76463 6.71834 7.15144 6.51851 8.07431 6.99369 6.87413 6.4631
6.22519 7.24508 7.38383 7.4132 7.91536 7.0992 8.59875 7.47717 7.27547 7.01523
6.89206 7.92455 7.90412 8.07864 8.53847 7.64516 8.8831 7.8051 7.59595 7.53835
7.54325 8.53672 8.43726 8.67832 9.10266 8.00224 8.96249 7.94323 7.83712 7.98337
8.1122 9.03501 8.86518 9.14264 9.49239 8.1892 9.02138 8.01971 7.98104 8.19829
8.51259 9.34801 9.19452 9.48602 9.7506 8.23005 9.04082 8.04424 8.05012 8.22917
8.7172 9.45297 9.36259 9.66078 9.84693 8.24861 9.05858 8.06061 8.06952 8.24447
8.76078 9.484 9.39962 9.69428 9.87744 8.26693 9.0761 8.07661 8.08584 8.2597
8.77378 9.4947 9.41406 9.70586 9.88909 8.28532 9.09358 8.09257 8.10221 8.27481
8.78557 9.50515 9.42623 9.71664 9.89987 8.30374 9.1107 8.10852 8.11858 8.28994
8.79717 9.51553 9.43807 9.72725 9.9105 8.32175 9.12756 8.12431 8.13502 8.30498
