2.98423 3.61748 3.94801 3.62816 3.86969 3.84214 4.61452 4.15767 4.29307 3.70308
2.99713 3.63185 3.96523 3.64335 3.8861 3.85957 4.6354 4.17541 4.31264 3.71982
3.01053 3.64978 3.98378 3.65854 3.90459 3.87773 4.66221 4.19405 4.3327 3.73698
3.02431 3.67085 4.00695 3.67455 3.924 3.89766 4.69067 4.21338 4.3528 3.75591
3.03943 3.69308 4.03186 3.69189 3.9452 3.92006 4.72209 4.23398 4.37811 3.78918
3.05785 3.72971 4.07497 3.7517 3.9706 3.95115 4.8235 4.26171 4.41451 3.87795
3.14115 3.93498 4.27645 3.95583 4.14911 4.10171 5.09424 4.43772 4.61629 4.0303
3.45764 4.35052 4.67873 4.35455 4.62362 4.39364 5.53725 4.82165 4.98681 4.29492
3.90465 4.83913 5.17751 4.87324 5.15689 4.741 6.07189 5.24632 5.38982 4.71029
4.44001 5.42062 5.74174 5.48625 5.80994 5.23024 6.71875 5.7731 5.81639 5.20219
5.04745 6.08411 6.32268 6.17471 6.57179 5.81806 7.41274 6.34621 6.3248 5.74808
5.74786 6.77762 6.99089 6.87588 7.40881 6.41979 8.04687 6.91941 6.80154 6.35006
6.45213 7.48891 7.61671 7.58749 8.13464 7.01975 8.58913 7.49001 7.20651 6.99154
7.12308 8.13474 8.20363 8.24695 8.78234 7.64114 8.86328 7.81653 7.61543 7.59694
7.76129 8.77145 8.67734 8.83425 9.30469 7.99251 8.91906 7.89957 7.82195 8.05588
8.29165 9.2341 9.04339 9.27253 9.62658 8.09043 8.9398 7.93393 7.95256 8.15106
8.58606 9.39178 9.23016 9.48969 9.76095 8.11228 8.95759 7.95066 7.98214 8.16765
8.64182 9.42181 9.28224 9.55211 9.79284 8.13009 8.97532 7.96708 7.99871 8.18401
8.6559 9.43307 9.29772 9.56379 9.80542 8.14794 8.99314 7.9834 8.01512 8.20034
8.6678 9.44377 9.30987 9.57458 9.81669 8.16568 9.01089 7.9996 8.03134 8.21661
8.67943 9.45447 9.32184 9.5853 9.82787 8.18341 9.02839 8.01585 8.04761 8.23257
