3.57577 4.16535 3.73721 3.58661 3.82093 3.77217 4.11369 3.81351 3.90465 3.54171
3.57601 4.16544 3.73727 3.58686 3.82101 3.7722 4.11373 3.81353 3.9047 3.5417
3.58964 4.17346 3.73857 3.5916 3.826 3.77566 4.11569 3.81601 3.90678 3.54509
3.9432 4.55851 4.02178 3.8583 4.15009 4.11524 4.38358 4.12625 4.24851 3.85823
4.57472 5.26636 4.63181 4.48744 4.85208 4.71569 4.96758 4.66719 4.90412 4.53151
5.25015 5.9372 5.27722 5.14749 5.57943 5.31884 5.58354 5.23917 5.5478 5.33304
5.8893 6.58676 5.91487 5.79148 6.32498 5.80678 6.2003 5.81396 6.14556 6.14505
6.35283 7.0905 6.42954 6.32195 6.91157 6.19211 6.726 6.24364 6.58581 6.81074
6.70993 7.50018 6.84262 6.7545 7.37574 6.50465 7.16367 6.57297 6.9166 7.31707
6.97149 7.83141 7.13349 7.06772 7.69622 6.73235 7.44752 6.81068 7.15922 7.6601
7.19836 8.09644 7.3872 7.33916 7.96229 6.93425 7.69423 7.03396 7.39284 7.94734
7.47367 8.39156 7.6873 7.66353 8.28606 7.1595 7.99218 7.2865 7.68375 8.30511
7.7181 8.68898 7.95986 7.94683 8.58634 7.3415 8.2623 7.49397 7.92471 8.61114
7.95371 8.99124 8.23369 8.28527 8.90028 7.52472 8.55432 7.71525 8.1938 8.93015
8.09878 9.21851 8.43911 8.51476 9.13904 7.64354 8.76776 7.87528 8.38966 9.17178
8.18004 9.35109 8.56781 8.6594 9.30215 7.70733 8.89691 7.97799 8.53686 9.32905
8.21103 9.41033 8.62654 8.7277 9.36918 7.73445 8.95055 8.02508 8.60163 9.39089
8.22118 9.43094 8.64551 8.74782 9.39098 7.74301 8.9695 8.0424 8.62254 9.41191
8.22677 9.44102 8.65158 8.75735 9.39708 7.74692 8.97645 8.04932 8.62987 9.41873
8.23018 9.44565 8.65442 8.76124 9.39858 7.74765 8.97963 8.05362 8.63386 9.42
8.23188 9.44813 8.65571 8.76198 9.39933 7.74795 8.98093 8.05599 8.63513 9.42098
