4.39367 4.47623 4.22011 3.9971 3.83521 4.31594 4.68029 4.48712 3.53571 4.81942
4.39681 4.47817 4.22019 3.99809 3.83689 4.32706 4.68039 4.48707 3.53578 4.81946
4.47326 4.49669 4.22582 4.05111 3.84939 4.39584 4.69046 4.49057 3.54216 4.82508
4.86517 4.83713 4.53331 4.37604 4.15963 4.60349 4.91552 4.63119 3.73576 5.03952
5.35112 5.44539 5.06016 4.83321 4.742 4.95054 5.28627 4.92727 4.13052 5.4603
5.78577 6.01601 5.57025 5.29672 5.37675 5.22467 5.70283 5.2087 4.55778 5.84524
6.17126 6.57311 6.02817 5.71873 6.04683 5.42741 6.06964 5.4432 4.97868 6.13619
6.45512 7.04377 6.40821 6.0588 6.59585 5.56081 6.36369 5.59289 5.31529 6.36308
6.6463 7.39566 6.69259 6.32428 6.99772 5.60209 6.57549 5.66036 5.48119 6.52688
6.7836 7.67829 6.90382 6.51903 7.26443 5.61937 6.69671 5.67968 5.52136 6.6185
6.93145 7.96935 7.13163 6.696 7.55194 5.62277 6.76882 5.68682 5.53539 6.69991
7.05138 8.23723 7.32897 6.81339 7.82123 5.6136 6.79566 5.68921 5.53722 6.74596
7.13217 8.47137 7.46805 6.89184 8.05778 5.62374 6.79987 5.69006 5.53772 6.75115
7.18093 8.61876 7.56404 6.93637 8.23532 5.62377 6.80068 5.69025 5.53781 6.75117
7.1974 8.66092 7.59967 6.9582 8.28445 5.61379 6.80076 5.69026 5.53779 6.75118
7.20368 8.67076 7.60732 6.96959 8.28988 5.62376 6.80077 5.69023 5.53776 6.75117
7.20569 8.67213 7.60881 6.97267 8.29068 5.62375 6.80078 5.69024 5.53777 6.75117
7.20619 8.67223 7.60921 6.97331 8.29075 5.62376 6.80072 5.6902 5.53778 6.75112
7.20637 8.67235 7.60935 6.97373 8.29076 5.62374 6.80071 5.6902 5.53779 6.75111
7.20648 8.67241 7.60946 6.97382 8.29075 5.62376 6.80071 5.6902 5.53779 6.75112
7.20658 8.67244 7.60953 6.97389 8.29077 5.62377 6.80077 5.69025 5.53779 6.75113
