4.41872 4.63685 3.51451 3.96674 3.77218 4.65158 4.53836 3.82987 4.59163 4.07708
4.43696 4.6551 3.53038 3.98374 3.78711 4.66875 4.55766 3.84575 4.61199 4.09397
4.45693 4.67742 3.54686 4.00994 3.80203 4.68797 4.57823 3.86245 4.63317 4.11197
4.47793 4.70453 3.56406 4.03827 3.81866 4.71304 4.59985 3.87943 4.65545 4.13103
4.50361 4.73556 3.58388 4.07984 3.83777 4.73933 4.62657 3.90094 4.68366 4.15952
4.59184 4.77994 3.6183 4.1411 3.87307 4.8275 4.66045 3.92479 4.73372 4.19473
4.87564 5.02358 3.79364 4.45842 4.05167 5.05221 4.87421 4.08573 4.98224 4.38119
5.27153 5.52544 4.22022 4.82546 4.46693 5.32839 5.25119 4.34067 5.36629 4.76339
5.70125 6.08659 4.70467 5.24298 4.97035 5.58232 5.68814 4.6911 5.74785 5.15263
6.1274 6.67732 5.20502 5.68635 5.55808 5.83633 6.1332 5.05604 6.11468 5.57799
6.58256 7.2735 5.70906 6.15243 6.16362 6.07084 6.56721 5.46128 6.45191 6.02934
7.03738 7.90382 6.25105 6.62981 6.8561 6.2619 7.00346 5.90146 6.71478 6.48441
7.37942 8.4182 6.74194 7.04841 7.52714 6.37941 7.34178 6.2898 6.84606 6.90773
7.72895 8.8897 7.22317 7.40883 8.15379 6.41358 7.62757 6.50552 6.91486 7.16355
7.93908 9.22817 7.59795 7.67695 8.71837 6.42656 7.8367 6.54884 6.93596 7.24074
8.07085 9.45879 7.86547 7.8359 9.14122 6.43785 7.85452 6.56273 6.95097 7.25934
8.1084 9.55275 7.96002 7.8984 9.29995 6.44903 7.8703 6.57549 6.96469 7.27416
8.12339 9.57804 7.99435 7.91305 9.31823 6.46024 7.88584 6.58826 6.97842 7.28906
8.13397 9.58976 8.00707 7.9241 9.3287 6.47148 7.9013 6.60098 6.99218 7.30398
8.14417 9.60098 8.01763 7.93446 9.33919 6.48279 7.9169 6.61375 7.00597 7.31888
8.15413 9.61206 8.02808 7.94469 9.34972 6.49418 7.93246 6.6266 7.01985 7.33379
