3.08611 3.37925 3.74982 3.72618 3.57002 4.33077 4.30182 4.2236 4.02297 4.87885
3.09801 3.39253 3.76487 3.74205 3.58608 4.34831 4.3207 4.24147 4.04063 4.89971
3.11087 3.40676 3.78034 3.76097 3.60516 4.36702 4.34019 4.26186 4.0615 4.91968
3.12957 3.42113 3.79745 3.78091 3.62424 4.38714 4.36014 4.28872 4.08699 4.95453
3.17035 3.43681 3.8186 3.80408 3.6462 4.41768 4.39109 4.32118 4.11778 5.00643
3.23313 3.4665 3.85082 3.85682 3.67633 4.49204 4.42333 4.38093 4.17016 5.0752
3.45395 3.6295 4.04552 4.08587 3.84102 4.70595 4.59628 4.59832 4.43251 5.31632
3.75948 4.04807 4.42448 4.42912 4.18108 4.97403 4.95598 4.94779 4.77345 5.64617
4.12254 4.54961 4.86239 4.84818 4.63955 5.26793 5.39704 5.31032 5.11473 5.97631
4.57531 5.1921 5.32742 5.31717 5.1627 5.54916 5.87622 5.68474 5.44184 6.31812
5.04701 5.90853 5.87496 5.7954 5.76384 5.79908 6.39782 6.02896 5.75543 6.63894
5.55796 6.65886 6.4189 6.25037 6.35947 5.98808 6.87972 6.33018 5.98886 6.8735
6.04041 7.46437 6.96078 6.68468 6.95297 6.09416 7.34526 6.49127 6.06582 7.02994
6.46741 8.14949 7.47159 7.10224 7.47609 6.14594 7.61179 6.53588 6.09309 7.10477
6.80637 8.74596 7.81126 7.43123 7.95802 6.17252 7.67032 6.55238 6.10651 7.12363
7.0117 9.20973 8.00961 7.65746 8.37715 6.18585 7.68994 6.56614 6.11829 7.13778
7.09504 9.37358 8.11156 7.74434 8.61804 6.19816 7.70603 6.57906 6.12968 7.15143
7.11898 9.4049 8.14005 7.76536 8.67124 6.21048 7.71242 6.59192 6.14117 7.16501
7.12879 9.41797 8.15116 7.77639 8.6835 6.22286 7.7381 6.60485 6.15251 7.17838
7.13788 9.42969 8.16158 7.78623 8.69467 6.23531 7.75422 6.61788 6.16403 7.19172
7.1469 9.44097 8.17196 7.79594 8.70564 6.24779 7.77011 6.63093 6.17551 7.20499
