3.75461 4.29528 3.91381 3.73437 3.95792 4.56572 4.89528 4.62717 4.84296 4.39033
3.77019 4.31386 3.93008 3.75023 3.97509 4.58558 4.91638 4.6468 4.86526 4.40879
3.78602 4.33531 3.94643 3.76789 3.9951 4.60586 4.93764 4.66643 4.8877 4.42757
3.80275 4.35717 3.96299 3.78804 4.0152 4.62685 4.95961 4.6866 4.91042 4.44697
3.82199 4.38708 3.9811 3.80981 4.03703 4.65804 4.98573 4.71391 4.93882 4.49463
3.94956 4.53375 4.05895 3.87619 4.0984 4.88404 5.15677 4.88459 5.10537 4.65555
4.29004 4.8803 4.38842 4.16893 4.45352 5.21625 5.47315 5.19 5.44019 4.96304
4.71281 5.36541 4.81541 4.57592 4.91821 5.56771 5.84889 5.51937 5.82087 5.3441
5.23653 5.91536 5.32243 5.07911 5.49264 5.94075 6.28309 5.88718 6.25171 5.84813
5.75524 6.50493 5.86908 5.64317 6.1475 6.26296 6.72294 6.25276 6.65056 6.44779
6.32154 7.11195 6.49336 6.27221 6.83691 6.56561 7.18376 6.60717 7.0276 7.00703
6.90288 7.75645 7.15966 6.95333 7.57728 6.79447 7.60956 6.92562 7.38769 7.63039
7.39961 8.30869 7.698 7.56075 8.20773 6.88113 7.82686 7.03193 7.53175 8.04725
7.74713 8.74145 8.11937 8.05272 8.71123 6.89945 7.91744 7.05208 7.56219 8.23773
7.9786 9.06893 8.38249 8.4049 9.01867 6.91435 7.94645 7.06724 7.58012 8.2869
8.05512 9.21531 8.46549 8.55744 9.11484 6.92886 7.96331 7.082 7.59639 8.30446
8.07024 9.24389 8.48203 8.57965 9.13588 6.94327 7.98018 7.09677 7.61257 8.32175
8.081 9.25523 8.49269 8.59151 9.14763 6.95766 7.99705 7.11139 7.62871 8.3389
8.09125 9.26598 8.5031 8.60254 9.15879 6.97208 8.01371 7.12599 7.64488 8.35603
8.10136 9.27667 8.51333 8.61325 9.16978 6.98648 8.03021 7.14055 7.66102 8.37302
8.11145 9.28734 8.5235 8.62385 9.18065 6.97926 8.04648 7.15493 7.67686 8.38959
