3.82589 4.2201 3.96974 4.1536 4.55164 3.95444 4.68178 4.78093 5.23552 5.16511
3.84212 4.24025 3.98706 4.17109 4.56816 3.96927 4.70249 4.8024 5.25731 5.18574
3.85851 4.26587 4.00854 4.18912 4.58629 3.98508 4.73104 4.82427 5.28109 5.20832
3.87555 4.29281 4.03357 4.20779 4.62322 4.01492 4.76301 4.84792 5.3061 5.24401
3.90024 4.33867 4.06371 4.22851 4.69751 4.05503 4.82604 4.87908 5.33812 5.31571
3.96283 4.40829 4.14119 4.26065 4.77408 4.11707 4.94509 4.92635 5.40588 5.41773
4.22331 4.65707 4.40417 4.50465 5.04254 4.35436 5.21774 5.19002 5.6689 5.68014
4.63045 5.10637 4.81334 4.92612 5.50529 4.71874 5.6414 5.55957 6.0187 6.06595
5.07703 5.58579 5.29877 5.38341 6.06645 5.12818 6.15814 5.91704 6.36319 6.43852
5.59179 6.10871 5.83712 5.87074 6.70837 5.623 6.69652 6.23745 6.6923 6.84165
6.14855 6.68711 6.42614 6.42824 7.35564 6.0434 7.18823 6.50855 7.00546 7.25892
6.71723 7.30127 7.04429 7.01436 8.02091 6.43186 7.68785 6.71036 7.28507 7.67954
7.24775 7.86045 7.60013 7.54877 8.6767 6.61868 8.11174 6.79254 7.43983 8.01292
7.71532 8.34168 8.14094 8.08001 9.23186 6.67061 8.42656 6.84446 7.5063 8.30179
8.0259 8.70158 8.56512 8.4713 9.68188 6.6857 8.54719 6.863 7.53053 8.40651
8.19724 8.97485 8.83866 8.68965 9.97337 6.69835 8.56663 6.8784 7.54731 8.42259
8.25823 9.10675 8.93137 8.782 10.12606 6.71032 8.58277 6.89258 7.56252 8.43797
8.28152 9.14314 8.95557 8.80436 10.15856 6.72233 8.59882 6.90669 7.57768 8.45325
8.29277 9.15626 8.9674 8.81666 10.17007 6.7343 8.61463 6.92085 7.59258 8.46854
8.30267 9.16834 8.97864 8.82743 10.18115 6.74624 8.63044 6.93506 7.60717 8.48386
8.31259 9.1801 8.98978 8.83826 10.19223 6.75819 8.64628 6.94938 7.62175 8.4992
