4.67123 4.63661 4.43256 4.26077 4.10504 4.49602 4.77456 4.67777 3.84036 5.14638
4.67235 4.63673 4.43264 4.26118 4.10516 4.50694 4.77656 4.67775 3.8404 5.1466
4.7406 4.64791 4.43871 4.29761 4.1099 4.56158 4.78296 4.68116 3.84827 5.15044
5.09019 4.97184 4.75217 4.61968 4.42734 4.76536 4.97229 4.82283 4.06362 5.31359
5.49432 5.56023 5.26287 5.02089 5.02951 5.07704 5.34818 5.10764 4.4774 5.65005
5.85114 6.10081 5.69923 5.43074 5.66885 5.31993 5.74377 5.35658 4.91015 5.98617
6.19018 6.63958 6.13684 5.84624 6.26996 5.50607 6.11485 5.54391 5.2532 6.2533
6.46397 7.11988 6.49532 6.17793 6.75898 5.60579 6.4089 5.68556 5.48149 6.48521
6.6613 7.47686 6.7624 6.42604 7.10963 5.6336 6.60311 5.75092 5.56311 6.64825
6.81042 7.76247 6.95902 6.59828 7.38963 5.63934 6.69326 5.75936 5.58431 6.74657
6.97989 8.06885 7.18074 6.75615 7.68084 5.64214 6.74373 5.77727 5.59268 6.81321
7.10977 8.33909 7.38018 6.88326 7.95674 5.64295 6.75593 5.78029 5.59411 6.84522
7.20019 8.56562 7.51995 6.98219 8.20749 5.64339 6.75877 5.78103 5.59463 6.84736
7.25796 8.71583 7.61297 7.03827 8.35795 5.64348 6.75935 5.78131 5.59471 6.84742
7.27895 8.77161 7.63913 7.06637 8.3904 5.64347 6.75945 5.78134 5.59471 6.84742
7.28529 8.78196 7.64496 7.08245 8.39399 5.64345 6.75945 5.77163 5.59468 6.84741
7.28656 8.78274 7.64621 7.09198 8.39428 5.64345 6.75946 5.78129 5.59466 6.8474
7.28716 8.78301 7.64654 7.09748 8.39438 5.64344 6.75944 5.78129 5.59468 6.84736
7.28744 8.78309 7.64676 7.09989 8.39439 5.64342 6.75942 5.78127 5.59469 6.84738
7.2876 8.78312 7.6469 7.10127 8.39439 5.64342 6.75941 5.76202 5.59468 6.84739
7.28771 8.78316 7.64696 7.10194 8.39441 5.64344 6.74912 5.78133 5.59467 6.84739
