4.02882 4.4547 4.03197 4.13509 4.45378 3.99619 4.76263 5.1283 5.02119 5.07154
4.0303 4.45603 4.03255 4.13569 4.45558 3.99686 4.76602 5.13038 5.0229 5.07416
4.06289 4.51793 4.05862 4.14513 4.51963 4.01965 4.83492 5.14993 5.03682 5.1215
4.43524 4.86161 4.4113 4.46142 4.84565 4.38006 5.21044 5.46155 5.31844 5.32669
5.09623 5.47505 5.13615 5.12211 5.56706 5.00889 5.96017 5.96212 5.83232 5.78949
5.82985 6.13458 5.9462 5.88503 6.47103 5.72897 6.80202 6.26243 6.33809 6.32488
6.49243 6.79996 6.73562 6.59987 7.35464 5.99571 7.58929 6.27177 6.79023 6.85785
6.99928 7.37954 7.39094 7.21208 8.08222 5.99722 7.83093 6.2834 6.8217 7.22807
7.32227 7.83383 7.89447 7.66804 8.61432 5.99718 7.84991 6.28377 6.82279 7.54037
7.3958 8.08776 8.17342 7.94394 9.00806 5.99719 7.8503 6.28377 6.82333 7.54114
7.40034 8.15186 8.19338 7.99747 9.25673 5.99722 7.8503 6.28374 6.82366 7.54111
7.40197 8.17131 8.19524 8.01199 9.28098 5.99721 7.85032 6.28374 6.82368 7.54112
7.40253 8.17884 8.19577 8.02075 9.28642 5.99721 7.85033 6.28375 6.8237 7.54112
7.40276 8.18022 8.19601 8.02977 9.28706 5.99719 7.85032 6.28373 6.82367 7.5411
7.40281 8.18098 8.19607 8.03398 9.28704 5.99715 7.85027 6.28372 6.82365 7.54108
7.40276 8.18107 8.19608 8.03537 9.28705 5.99715 7.85027 6.2837 6.82364 7.54108
7.40275 8.18115 8.19608 8.03574 9.28704 5.99714 7.85027 6.28369 6.82362 7.54107
7.40278 8.18117 8.1961 8.03597 9.28703 5.99716 7.85029 6.28371 6.82362 7.54105
7.40283 8.18121 8.19613 8.03605 9.28708 5.99719 7.85032 6.28372 6.82365 7.54108
7.40284 8.18123 8.18934 8.03613 9.28708 5.99721 7.85032 6.28373 6.82366 7.54109
7.40284 8.18123 8.19614 8.03613 9.28708 5.99721 7.85032 6.28373 6.82366 7.54109
