4.56674 4.5525 4.38678 4.13241 4.04614 4.41312 4.82821 4.66831 3.67711 5.10469
4.5839 4.57145 4.40479 4.14777 4.06151 4.43084 4.84724 4.68698 3.6914 5.12648
4.60251 4.59119 4.42261 4.16376 4.07711 4.45365 4.86712 4.70543 3.70541 5.14776
4.62296 4.61016 4.44072 4.18012 4.09309 4.48429 4.8872 4.72506 3.71974 5.16905
4.68261 4.63265 4.46246 4.20658 4.1107 4.54449 4.9165 4.74856 3.73788 5.19311
4.86105 4.7285 4.57593 4.36649 4.22121 4.67234 5.01669 4.84837 3.83136 5.28355
5.18435 5.04933 4.91323 4.67211 4.54206 4.92001 5.24883 5.07216 4.08894 5.52833
5.55314 5.51112 5.32316 5.01489 4.95681 5.17411 5.5567 5.30985 4.40433 5.83863
5.91987 6.01543 5.76273 5.37269 5.4767 5.40276 5.89065 5.51966 4.78249 6.14349
6.25572 6.5253 6.16257 5.7471 6.05689 5.59288 6.22884 5.69261 5.17195 6.38825
6.58078 7.07058 6.58734 6.1631 6.64818 5.73397 6.54965 5.84526 5.50625 6.63528
6.83873 7.62237 6.99052 6.5204 7.16776 5.79742 6.83545 5.92957 5.6986 6.83834
7.04374 8.06527 7.28609 6.83627 7.6281 5.81595 6.99923 5.95666 5.73869 6.9965
7.22656 8.49752 7.56228 7.06564 8.05869 5.82819 7.04532 5.97115 5.75148 7.0834
7.32009 8.77713 7.70365 7.16647 8.38536 5.83813 7.07224 5.98328 5.76191 7.10289
7.36528 8.92213 7.78081 7.22269 8.567 5.84753 7.08628 5.99528 5.77152 7.11654
7.38483 8.96003 7.80468 7.25263 8.6052 5.85684 7.09943 6.00687 5.7811 7.12999
7.39616 8.97385 7.81795 7.27087 8.61711 5.86611 7.11255 6.01852 5.79058 7.14335
7.40551 8.98557 7.82819 7.28398 8.6271 5.87541 7.12572 6.03022 5.79995 7.15671
7.41398 8.99707 7.83796 7.29317 8.63673 5.8847 7.13889 6.04183 5.80933 7.17007
7.42208 9.00857 7.8476 7.30181 8.64638 5.89405 7.15213 6.05346 5.81871 7.18332
