4.23698 4.40298 4.1136 3.83619 3.89604 4.09001 4.55913 4.28537 3.82276 4.6694
4.25391 4.42273 4.131 3.8523 3.91113 4.10622 4.57799 4.30391 3.83882 4.68917
4.2715 4.44266 4.1489 3.86986 3.92645 4.13083 4.59717 4.32255 3.85502 4.70913
4.29041 4.46318 4.16731 3.88879 3.94237 4.1649 4.61761 4.34149 3.87169 4.72946
4.33795 4.48549 4.18989 3.92593 3.96387 4.23257 4.65444 4.36564 3.89542 4.75483
4.53474 4.55876 4.31639 4.12868 4.10694 4.43769 4.82321 4.52129 4.0912 4.8932
4.87073 4.93439 4.66769 4.43968 4.48271 4.69547 5.10923 4.77364 4.3868 5.15163
5.24682 5.38072 5.07879 4.78583 4.94668 4.95518 5.45412 5.04086 4.68163 5.43981
5.63689 5.89051 5.52692 5.15992 5.4643 5.201 5.82795 5.29072 4.96223 5.75076
6.02306 6.40934 5.96359 5.56247 6.01387 5.40992 6.17184 5.48948 5.20971 6.02848
6.4305 7.02819 6.46851 5.99315 6.58584 5.61672 6.52705 5.67683 5.43488 6.32775
6.79255 7.64252 6.92741 6.39316 7.17468 5.6811 6.79308 5.76899 5.5634 6.58951
7.1078 8.16379 7.3658 6.72887 7.69026 5.69449 6.91432 5.79848 5.58787 6.75905
7.31768 8.56837 7.64755 6.91859 8.08656 5.70536 6.93989 5.81157 5.59993 6.83436
7.42767 8.83196 7.83807 7.00865 8.38319 5.71572 6.95425 5.82396 5.611 6.84885
7.46095 8.92283 7.89434 7.04531 8.47473 5.72609 6.96808 5.83619 5.62186 6.86273
7.47498 8.94711 7.90799 7.0605 8.48945 5.73647 6.98192 5.8484 5.63271 6.87647
7.48514 8.96121 7.91866 7.0709 8.50002 5.74682 6.99571 5.8606 5.64354 6.89019
7.49443 8.97358 7.92884 7.08007 8.51054 5.7572 7.00951 5.87269 5.65442 6.90393
7.5035 8.98558 7.9388 7.089 8.52099 5.76754 7.02332 5.88477 5.66513 6.91761
7.51242 8.99744 7.94873 7.09792 8.53137 5.77784 7.03707 5.89653 5.67568 6.93108
