3.90458 4.38144 4.02249 3.99853 4.16049 4.92824 4.91852 4.67016 4.87375 4.25119
3.91979 4.39971 4.0393 4.01463 4.17692 4.94895 4.93867 4.6886 4.89433 4.26787
3.93529 4.42031 4.05591 4.03106 4.19366 4.97005 4.95828 4.70746 4.91547 4.28443
3.9515 4.4415 4.07316 4.04775 4.21114 4.99154 4.97852 4.72688 4.93911 4.30129
3.97618 4.46372 4.09083 4.06584 4.23694 5.02052 5.00073 4.74933 4.96597 4.32054
4.0866 4.58761 4.14478 4.12934 4.30396 5.18029 5.08646 4.85743 5.07278 4.43142
4.38193 4.95686 4.43967 4.37109 4.60532 5.49831 5.36486 5.13382 5.37332 4.69342
4.78352 5.41928 4.85302 4.75152 5.03805 5.87354 5.72626 5.47646 5.76539 5.03576
5.27613 5.97483 5.3483 5.21197 5.57954 6.22977 6.13778 5.84229 6.20921 5.46642
5.82398 6.5804 5.90339 5.74208 6.2008 6.49544 6.58369 6.23257 6.67409 6.03075
6.40879 7.18486 6.49921 6.35246 6.86156 6.7156 7.03422 6.66659 7.1055 6.68738
6.92057 7.75889 7.07753 6.93605 7.5182 6.87149 7.44486 7.04122 7.44969 7.36312
7.34339 8.24934 7.57683 7.43393 8.13047 6.94117 7.81539 7.18979 7.59273 8.07968
7.67059 8.68135 8.02977 7.88312 8.64137 6.96505 7.92889 7.22083 7.63233 8.38252
7.84353 8.99905 8.30392 8.23866 8.96206 6.97939 7.96963 7.23622 7.65061 8.48762
7.89145 9.16301 8.44447 8.4346 9.12762 6.99221 7.98691 7.25037 7.66581 8.50731
7.91062 9.20446 8.47524 8.49495 9.16165 7.00505 8.00197 7.26426 7.68092 8.52269
7.92245 9.21837 8.48963 8.50927 9.17531 7.01794 8.01705 7.2782 7.69596 8.53812
7.93273 9.22964 8.50047 8.52055 9.18685 7.03084 8.03218 7.29218 7.71092 8.55355
7.94253 9.24043 8.51078 8.53112 9.19799 7.0438 8.04731 7.30604 7.72561 8.56886
7.95223 9.25098 8.52108 8.54158 9.20909 7.05673 8.06246 7.30961 7.74025 8.58407
