4.07277 4.31179 3.17472 3.6215 3.74017 3.75097 3.68049 3.12782 3.77137 3.29437
4.07402 4.31277 3.17513 3.62202 3.74079 3.75211 3.68122 3.1334 3.77225 3.29479
4.10249 4.33063 3.18302 3.63159 3.7508 3.76544 3.68942 3.15023 3.78959 3.30145
4.57243 4.69467 3.48122 3.99337 4.02867 4.09443 3.9278 3.41317 4.09357 3.49805
5.34188 5.54194 4.16192 4.65307 4.7359 4.67452 4.61337 4.00325 4.70408 4.14961
6.09689 6.48948 4.94048 5.42778 5.59834 5.3331 5.42991 4.69642 5.32137 4.94029
6.73554 7.40318 5.69987 6.15436 6.45206 5.86934 6.26699 5.34947 5.98511 5.73735
7.22676 8.1769 6.43295 6.81696 7.18564 6.26215 6.97134 5.95294 6.57946 6.4062
7.56055 8.75292 7.02401 7.2927 7.80276 6.5439 7.47216 6.48976 6.93033 6.89515
7.71574 9.04821 7.37164 7.52681 8.24719 6.69423 7.80599 6.81739 7.09239 7.21745
7.78998 9.18361 7.58304 7.64884 8.629 6.7382 8.06183 6.91953 7.16785 7.43312
7.83122 9.24775 7.65576 7.69401 8.81769 6.74966 8.20343 6.92809 7.19719 7.53614
7.85044 9.2739 7.67205 7.70202 8.86879 6.75219 8.21477 6.92979 7.21343 7.56348
7.85827 9.28407 7.67603 7.70349 8.88712 6.75335 8.2178 6.93058 7.22087 7.56777
7.86193 9.28885 7.67663 7.70373 8.89416 6.7537 8.21888 6.93084 7.22404 7.57
7.86342 9.29032 7.67687 7.70383 8.89684 6.75388 8.21934 6.93095 7.22573 7.5712
7.86404 9.29089 7.67697 7.7039 8.89801 6.75403 8.21958 6.93105 7.22649 7.5717
7.86436 9.29103 7.67704 7.70396 8.89833 6.7541 8.21969 6.93103 7.22696 7.57207
7.86445 9.29108 7.67712 7.70401 8.89837 6.75416 8.21978 6.9311 7.22715 7.57218
7.86455 9.29112 7.67713 7.70404 8.89838 6.7542 8.2198 6.93111 7.22733 7.57224
7.86462 9.29114 7.67713 7.70405 8.89838 6.75421 8.21981 6.93111 7.22736 7.57232
