3.48179 3.81371 3.56531 3.72932 3.95861 3.56761 4.28881 4.4968 4.58399 4.54731
3.48218 3.81406 3.57221 3.72938 3.95872 3.56779 4.30224 4.49705 4.58437 4.54791
3.51549 3.84043 3.59937 3.73321 3.976 3.60281 4.3673 4.53021 4.6032 4.60701
3.79841 4.11124 3.87364 3.99433 4.24055 3.88824 4.68184 4.84961 4.94351 4.87268
4.38977 4.75588 4.51405 4.67088 4.9158 4.35677 5.28042 5.3421 5.46526 5.39686
5.08328 5.49924 5.29925 5.43999 5.7455 4.90925 6.02915 5.77688 6.00194 5.90888
5.70206 6.14094 6.00008 6.12097 6.5193 5.46947 6.71348 5.99121 6.37693 6.35312
6.24267 6.72163 6.59367 6.65382 7.18394 5.84442 7.16001 6.02311 6.55409 6.69562
6.66412 7.17922 7.08055 7.09644 7.72577 5.87773 7.4775 6.02903 6.57026 6.95787
6.98342 7.55684 7.49425 7.45037 8.19272 5.87851 7.57563 6.02951 6.57156 7.14007
7.16008 7.82455 7.83051 7.71557 8.57679 5.87855 7.57883 6.02967 6.57157 7.16661
7.19603 7.94569 8.031 7.81271 8.87735 5.87856 7.57883 6.0297 6.57162 7.16665
7.20162 7.97035 8.04457 7.83088 8.90007 5.87843 7.5787 6.02946 6.57144 7.16652
7.20341 7.9729 8.04662 7.83513 8.90263 5.87825 7.57848 6.02926 6.55954 7.16643
7.2042 7.97338 8.04715 7.83572 8.90314 5.87818 7.57841 6.02921 6.57118 7.16639
7.20449 7.97354 8.04752 7.83585 8.90327 5.87826 7.57843 6.02926 6.57121 7.16642
7.20464 7.97376 8.0478 7.83598 8.90347 5.87839 7.57859 6.02946 6.57137 7.16643
7.20481 7.97392 8.04795 7.83613 8.90364 5.87853 7.57876 6.0296 6.57151 7.16658
7.20492 7.97407 8.04806 7.83624 8.90375 5.87859 7.57885 6.0297 6.57159 7.16664
7.20492 7.97407 8.04806 7.83625 8.90375 5.87859 7.57885 6.0297 6.57159 7.16664
7.20492 7.97407 8.04806 7.83625 8.90375 5.87859 7.57885 6.0297 6.57159 7.16664
