4.4546 5.03404 4.54127 3.71656 4.36645 4.53605 4.97562 4.62024 5.14708 4.96608
4.47188 5.05438 4.56108 3.73217 4.38417 4.55728 4.99578 4.63962 5.17029 4.98696
4.49527 5.07672 4.58926 3.7494 4.4079 4.58342 5.0244 4.66293 5.19463 5.01012
4.52828 5.10358 4.62151 3.77002 4.44019 4.61224 5.06012 4.68925 5.22245 5.0415
4.60227 5.16069 4.69719 3.79605 4.50127 4.65131 5.16206 4.72482 5.25969 5.09135
4.81412 5.32608 4.88698 3.85523 4.67939 4.7349 5.36996 4.8211 5.358 5.27874
5.27638 5.73027 5.22878 4.12449 5.07083 5.05816 5.72872 5.17098 5.68853 5.65872
5.76821 6.25856 5.69298 4.55688 5.57835 5.52557 6.2193 5.60324 6.11689 6.12399
6.31698 6.86777 6.19524 5.10565 6.16945 6.02983 6.80544 6.09343 6.60582 6.61002
6.8843 7.60071 6.74109 5.74891 6.85615 6.54629 7.44235 6.6425 7.155 7.14103
7.425 8.30278 7.2943 6.45995 7.55134 7.10566 8.14038 7.26965 7.72076 7.60247
7.81408 8.95538 7.78197 7.20336 8.2063 7.42349 8.76308 7.73533 8.11921 7.82971
8.00616 9.49728 8.2148 7.96601 8.7512 7.46421 8.80055 7.75273 8.13945 8.17003
8.05765 9.89774 8.58983 8.54195 9.23046 7.48009 8.81778 7.76918 8.15763 8.18607
8.07218 9.94978 8.76193 8.67122 9.33982 7.49563 8.83498 7.78553 8.17586 8.20161
8.08419 9.9666 8.77654 8.68476 9.35916 7.51118 8.85223 7.80196 8.19413 8.21703
8.0883 9.98002 8.78858 8.69699 9.37041 7.52682 8.86952 7.81848 8.21227 8.23246
8.106 9.993 8.80048 8.70868 9.38164 7.5422 8.88684 7.835 8.23043 8.24791
8.11663 10.00593 8.81225 8.72011 9.39278 7.55733 8.90407 7.85154 8.2483 8.26328
8.12728 10.01885 8.82385 8.73152 9.40384 7.57244 8.92125 7.86811 8.26597 8.27862
8.13788 10.03162 8.83529 8.74279 9.41487 7.58739 8.93843 7.88454 8.28332 8.29398
