3.99381 4.39916 3.97343 3.40588 4.02605 4.11242 4.49085 4.30304 4.71003 4.39915
3.9953 4.40007 3.97983 3.40657 4.04145 4.11287 4.49189 4.31054 4.71162 4.39959
4.02323 4.4088 3.99983 3.41226 4.07122 4.12047 4.50299 4.32975 4.72042 4.43019
4.39888 4.57327 4.16127 3.53987 4.27688 4.18812 4.7769 4.4794 4.82968 4.63614
5.07309 5.16804 4.66244 4.13972 4.89228 4.65432 5.34481 5.02688 5.33176 5.21436
5.58612 5.75096 5.15452 4.7362 5.48114 5.16578 5.96186 5.55291 5.82705 5.72625
6.05088 6.39301 5.68174 5.39302 6.06504 5.65984 6.54354 6.07 6.35541 6.23603
6.46547 7.10598 6.28243 6.0823 6.73599 6.17184 7.148 6.58977 6.89151 6.80575
6.82496 7.68503 6.74427 6.62568 7.21913 6.54179 7.63427 7.00502 7.28943 7.19475
7.10943 8.14855 7.12545 7.06439 7.64308 6.82124 7.99243 7.30157 7.5743 7.47116
7.4169 8.62721 7.5448 7.51771 8.10103 7.05135 8.31029 7.48572 7.80777 7.73347
7.67071 9.05494 7.92501 7.89797 8.4915 7.19878 8.51107 7.56506 7.8916 7.90383
7.86248 9.42714 8.2605 8.2411 8.85535 7.25123 8.58925 7.58147 7.89759 7.99927
8.02832 9.75328 8.57727 8.48908 9.19015 7.25372 8.63391 7.58303 7.89934 8.00189
8.07813 9.92299 8.70646 8.60953 9.27847 7.25379 8.63395 7.58306 7.89935 8.0019
8.08679 9.95257 8.72293 8.63082 9.29235 7.25378 8.63399 7.58307 7.89935 8.00191
8.08848 9.95605 8.72408 8.63304 9.29251 7.25384 8.63394 7.58308 7.89938 8.00194
8.08852 9.95612 8.72403 8.63311 9.29237 7.25363 8.63375 7.5829 7.89919 8.00177
8.0885 9.95604 8.72403 8.63301 9.29232 7.25354 8.63369 7.58282 7.8991 8.00171
8.08848 9.95604 8.72402 8.63298 9.29228 7.25351 8.63365 7.58277 7.89908 8.00166
8.08848 9.95603 8.71588 8.63295 9.29226 7.25349 8.63363 7.58276 7.89906 8.00164
