4.06312 4.28345 3.17206 3.63303 3.50956 4.25064 4.21513 3.57842 4.21414 3.68573
4.06434 4.28417 3.17248 3.63364 3.51008 4.25151 4.2157 3.57877 4.21476 3.68611
4.0757 4.29357 3.1794 3.64527 3.51777 4.26144 4.22462 3.58507 4.22283 3.69235
4.36444 4.48015 3.33556 3.88872 3.65945 4.40417 4.31145 3.62212 4.27811 3.72576
4.88588 5.10078 3.86626 4.40465 4.23723 4.74233 4.73832 3.9727 4.67073 4.0725
5.34184 5.72272 4.37761 4.87026 4.81371 5.0372 5.21241 4.32581 5.11187 4.52913
5.77508 6.30419 4.86863 5.32319 5.40482 5.29589 5.63232 4.68634 5.50104 4.92531
6.17485 6.87225 5.36229 5.80171 6.03324 5.55233 6.03912 5.07894 5.84596 5.35043
6.48234 7.27234 5.75649 6.14908 6.53312 5.73526 6.36933 5.41126 6.05224 5.68543
6.76274 7.62529 6.11574 6.43383 6.96024 5.8695 6.60604 5.67398 6.17252 5.95505
7.06195 8.02131 6.47326 6.74497 7.40459 5.9645 6.84681 5.90311 6.25313 6.21258
7.27436 8.36889 6.80034 6.99305 7.7979 5.99659 7.03113 6.03765 6.27147 6.421
7.4646 8.64838 7.0637 7.21293 8.14559 5.99884 7.19953 6.05059 6.27398 6.5385
7.59258 8.89718 7.28908 7.37948 8.50648 5.9991 7.20618 6.05128 6.27484 6.57053
7.6328 9.00963 7.37441 7.42662 8.63187 5.99905 7.20617 6.05129 6.27492 6.57111
7.63912 9.02624 7.39455 7.4298 8.63901 5.99915 7.20623 6.05136 6.27496 6.57113
7.64023 9.02816 7.39754 7.43041 8.63925 5.99928 7.20629 6.05135 6.27502 6.57117
7.64037 9.02826 7.39762 7.4302 8.63909 5.99899 7.20606 6.05114 6.27479 6.57098
7.64043 9.02826 7.39778 7.43014 8.63904 5.99892 7.20601 6.05107 6.27472 6.57092
7.64043 9.02825 7.39788 7.4301 8.63901 5.99886 7.20592 6.05101 6.27466 6.57086
7.64044 9.02825 7.39787 7.43007 8.63899 5.99881 7.20592 6.051 6.27464 6.57084
