3.04908 3.46368 3.75289 3.77163 3.61954 4.33088 4.38632 4.28943 4.1639 4.84833
3.04908 3.46368 3.75289 3.77163 3.61954 4.33088 4.38632 4.28943 4.1639 4.84833
3.04908 3.46368 3.75289 3.77163 3.61954 4.33088 4.38632 4.28943 4.1639 4.84833
3.04908 3.46368 3.75289 3.77163 3.61954 4.33088 4.38632 4.28943 4.1639 4.84833
3.04908 3.46368 3.75289 3.77163 3.61954 4.33088 4.38632 4.28943 4.1639 4.84833
3.04908 3.46368 3.75289 3.77163 3.61954 4.33088 4.38632 4.28943 4.1639 4.84833
3.04908 3.46368 3.75289 3.77163 3.61954 4.33088 4.38632 4.28943 4.1639 4.84833
3.04908 3.46368 3.75289 3.77163 3.61954 4.33088 4.38632 4.28943 4.1639 4.84833
3.04908 3.46368 3.75289 3.77163 3.61954 4.33088 4.38632 4.28943 4.1639 4.84833
3.04908 3.46368 3.75289 3.77163 3.61954 4.33088 4.38632 4.28943 4.1639 4.84833
3.04908 3.46368 3.75289 3.77163 3.61954 4.33088 4.38632 4.28943 4.1639 4.84833
3.04908 3.46368 3.75289 3.77163 3.61954 4.33088 4.38632 4.28943 4.1639 4.84833
3.04908 3.46368 3.75289 3.77163 3.61954 4.33088 4.38632 4.28943 4.1639 4.84833
3.04908 3.46368 3.75289 3.77163 3.61954 4.33088 4.38632 4.28943 4.1639 4.84833
3.04908 3.46368 3.75289 3.77163 3.61954 4.33088 4.38632 4.28943 4.1639 4.84833
3.04908 3.46368 3.75289 3.77163 3.61954 4.33088 4.38632 4.28943 4.1639 4.84833
3.04886 3.46368 3.75289 3.77163 3.61954 4.33088 4.38632 4.28943 4.1639 4.84833
3.04908 3.46368 3.75289 3.77163 3.61954 4.33088 4.38632 4.28943 4.1639 4.84833
3.04908 3.46368 3.75289 3.77163 3.61954 4.33088 4.38632 4.28943 4.1639 4.84833
3.04908 3.46368 3.75289 3.77163 3.61954 4.33088 4.38632 4.28943 4.1639 4.84833
3.04908 3.46368 3.75289 3.77163 3.61954 4.33088 4.38632 4.28943 4.1639 4.84833
