3.0147 3.63559 4.21743 3.62259 3.83632 3.83743 4.58118 4.11539 4.24239 3.64485
3.01537 3.63632 4.21829 3.6237 3.837 3.838 4.5831 4.11601 4.24304 3.64889
3.0225 3.65824 4.23142 3.6864 3.84675 3.8485 4.64234 4.1366 4.26013 3.69318
3.1613 3.91517 4.55712 4.02676 4.16433 4.04861 5.05832 4.46429 4.49944 3.91108
3.72577 4.66459 5.29694 4.74974 5.03148 4.5714 5.89433 5.1788 5.13323 4.54678
4.5487 5.64171 6.19528 5.69426 6.12688 5.38888 6.96119 6.06525 5.9201 5.38753
5.46954 6.61544 7.11945 6.64557 7.13518 6.36425 7.95546 6.97961 6.83312 6.35461
6.35771 7.53461 7.90103 7.57757 8.04897 7.38309 8.58055 7.6018 7.47307 7.2906
7.0798 8.32547 8.46328 8.31752 8.78354 7.79675 8.58093 7.58826 7.69147 7.84772
7.68378 8.90568 8.78272 8.82661 9.30873 7.79954 8.58093 7.61068 7.70534 7.84782
8.21599 9.09753 8.93511 9.1839 9.45696 7.79954 8.58094 7.6107 7.70554 7.84782
8.37138 9.10002 8.95695 9.22459 9.46028 7.79954 8.58092 7.61068 7.70548 7.84783
8.37336 9.1002 8.96048 9.22519 9.46127 7.79953 8.58093 7.61068 7.70549 7.84784
8.3738 9.1003 8.9613 9.22523 9.46169 7.79953 8.58092 7.61066 7.70545 7.84783
8.37388 9.10034 8.96163 9.22519 9.46169 7.79948 8.5809 7.61065 7.70539 7.84778
8.37389 9.10034 8.96161 9.22518 9.46166 7.79947 8.58089 7.61063 7.70538 7.84778
8.3739 9.10032 8.96163 9.2252 9.46166 7.79947 8.58089 7.61062 7.70536 7.84777
8.37393 9.10033 8.96164 9.22525 9.4617 7.7995 8.5809 7.61065 7.70539 7.84778
8.37395 9.10035 8.96168 9.22525 9.46176 7.79954 8.5809 7.61067 7.70558 7.84782
8.37396 9.10035 8.96169 9.22527 9.46177 7.79954 8.5809 7.61067 7.70545 7.84784
8.37396 9.10036 8.9617 9.22527 9.46177 7.79954 8.58091 7.61067 7.70545 7.84784
