2.60321 2.958 2.80122 2.888 3.09376 2.91812 3.37887 3.30434 2.97111 3.3899
2.60958 2.96705 2.80795 2.89463 3.10477 2.9258 3.38605 3.31309 2.97737 3.40001
2.61651 2.97927 2.81535 2.90321 3.12172 2.93382 3.39506 3.32335 2.98508 3.41554
2.62701 2.99638 2.82651 2.91388 3.16243 2.94302 3.40507 3.33428 2.99623 3.43354
2.64392 3.02986 2.85251 2.92509 3.21218 2.95386 3.4161 3.34943 3.01069 3.45085
2.68642 3.09942 2.90243 2.97992 3.28229 2.96979 3.4288 3.37276 3.02862 3.48467
2.76329 3.21998 3.00423 3.08027 3.38863 3.01179 3.44837 3.42927 3.0665 3.55992
2.86455 3.36819 3.11094 3.2024 3.51318 3.08315 3.47707 3.47115 3.1369 3.60823
2.96835 3.50694 3.22089 3.33102 3.61915 3.16739 3.49452 3.49508 3.21941 3.6276
3.07924 3.6285 3.33094 3.44432 3.67615 3.23184 3.50231 3.50831 3.28614 3.63615
3.20643 3.75692 3.42582 3.53601 3.71871 3.28399 3.50832 3.51733 3.33779 3.64222
3.34049 3.82879 3.49468 3.58859 3.74836 3.31782 3.51431 3.52335 3.36726 3.64754
3.42737 3.85935 3.53391 3.6145 3.76175 3.32727 3.52028 3.52937 3.38635 3.65284
3.48028 3.86968 3.55142 3.62442 3.77032 3.33323 3.5263 3.53544 3.39361 3.65819
3.50534 3.87455 3.55603 3.62971 3.77499 3.33926 3.53234 3.54154 3.39903 3.66357
3.51066 3.87946 3.56048 3.63433 3.77898 3.34535 3.53843 3.54768 3.40451 3.669
3.51575 3.88441 3.56496 3.63902 3.78294 3.35145 3.54456 3.55387 3.41004 3.67449
3.52088 3.88938 3.56942 3.6437 3.78693 3.35762 3.55074 3.56009 3.41557 3.67996
3.52599 3.89434 3.5739 3.64835 3.7909 3.36379 3.5569 3.56628 3.42114 3.68524
3.53103 3.89923 3.57834 3.65293 3.79484 3.3699 3.56305 3.57243 3.42664 3.69048
3.53608 3.90413 3.58277 3.65753 3.79879 3.37598 3.56917 3.57858 3.43209 3.6957
