2.80685 3.01305 2.52533 2.73128 2.85784 2.94336 3.11672 2.69629 2.77258 3.14849
2.81308 3.02296 2.53239 2.73739 2.86392 2.95164 3.12331 2.70295 2.77805 3.15499
2.81979 3.03772 2.53957 2.74621 2.87116 2.96139 3.13064 2.70995 2.78351 3.16203
2.82733 3.06119 2.55067 2.75961 2.87992 2.97167 3.13845 2.71755 2.78975 3.17186
2.83713 3.0881 2.56616 2.78021 2.89849 2.98193 3.14679 2.72666 2.79572 3.1882
2.86888 3.14582 2.58333 2.80744 2.93208 2.99386 3.1574 2.73956 2.80152 3.2104
2.93582 3.23433 2.63953 2.88623 3.02692 3.00668 3.18798 2.75887 2.80916 3.24799
3.01674 3.31259 2.73471 2.96809 3.14297 3.01975 3.24653 2.78913 2.81746 3.28828
3.0817 3.36134 2.82397 3.0383 3.27199 3.0367 3.29158 2.8104 2.82273 3.31473
3.13247 3.40006 2.9021 3.09102 3.38678 3.04276 3.30898 2.8164 2.82746 3.32777
3.17329 3.43051 2.97665 3.13222 3.4776 3.04774 3.31448 2.82127 2.8322 3.33392
3.20307 3.44182 3.03993 3.15901 3.54707 3.05272 3.32 2.82616 2.83689 3.33841
3.21546 3.44858 3.06309 3.17591 3.56931 3.05773 3.32553 2.83108 2.84161 3.34294
3.22293 3.45308 3.07201 3.18414 3.57708 3.06279 3.33108 2.83604 2.84638 3.34752
3.22728 3.45722 3.07673 3.18823 3.58143 3.06793 3.33673 2.8411 2.85124 3.35217
3.23143 3.46146 3.08134 3.1924 3.58584 3.07312 3.34242 2.84622 2.85612 3.35689
3.23568 3.46577 3.08601 3.19658 3.59027 3.07833 3.34819 2.85135 2.86106 3.36161
3.23994 3.47003 3.09074 3.2008 3.59477 3.08357 3.35399 2.85651 2.86607 3.36637
3.24418 3.47433 3.09541 3.20507 3.59926 3.08886 3.35973 2.8617 2.87087 3.37118
3.24833 3.47859 3.10009 3.20927 3.60361 3.09412 3.3653 2.86684 2.87562 3.37592
3.25252 3.48284 3.10468 3.21335 3.60799 3.09932 3.37078 2.87195 2.88033 3.38065
