3.35771 3.33317 3.25859 3.07718 3.31808 3.30058 3.04583 3.14279 3.18546 3.42848
3.35771 3.33317 3.25859 3.07718 3.31808 3.30058 3.04583 3.14279 3.18546 3.42848
3.35771 3.33317 3.25859 3.07718 3.31808 3.30058 3.04583 3.14279 3.18546 3.42848
3.35771 3.33317 3.25859 3.07718 3.31808 3.30058 3.04583 3.14279 3.18546 3.42848
3.35771 3.33317 3.25859 3.07718 3.31808 3.30058 3.04583 3.14279 3.18546 3.42848
3.35771 3.33317 3.25859 3.07718 3.31808 3.30058 3.04583 3.14279 3.18546 3.42848
3.35771 3.33317 3.25859 3.07718 3.31808 3.30058 3.04583 3.14279 3.18546 3.42848
3.35771 3.33317 3.25859 3.07718 3.31808 3.30058 3.04583 3.14279 3.18546 3.42848
3.35771 3.33317 3.25859 3.07718 3.31808 3.30058 3.04583 3.14279 3.18546 3.42848
3.35771 3.33317 3.25859 3.07718 3.31808 3.30058 3.04583 3.14279 3.18546 3.42848
3.35771 3.33317 3.25859 3.07718 3.31808 3.30058 3.04583 3.14279 3.18546 3.42848
3.35771 3.33317 3.25859 3.07718 3.31808 3.30058 3.04583 3.14279 3.18546 3.42848
3.35771 3.33317 3.25859 3.07718 3.31808 3.30058 3.04583 3.14279 3.18546 3.42848
3.35771 3.33317 3.25859 3.07718 3.31808 3.30058 3.04583 3.14279 3.18546 3.42848
3.35771 3.33317 3.25859 3.07718 3.31808 3.30058 3.04583 3.14279 3.18546 3.42848
3.35771 3.33317 3.25859 3.07718 3.31808 3.30058 3.04583 3.14279 3.18546 3.42848
3.35771 3.33317 3.25859 3.07718 3.31808 3.30058 3.04583 3.14279 3.18546 3.42848
3.35771 3.33317 3.25859 3.07718 3.31808 3.30058 3.04583 3.14279 3.18546 3.42848
3.35771 3.33317 3.25859 3.07718 3.31808 3.30058 3.04583 3.14279 3.18546 3.42848
3.35771 3.33317 3.25859 3.07718 3.31808 3.30058 3.04583 3.14279 3.18546 3.42848
3.35771 3.33317 3.25859 3.07718 3.31808 3.30058 3.04583 3.14279 3.18546 3.42848
