2.49325 2.36767 2.55544 2.40175 2.79936 2.74228 2.92418 2.74141 2.67896 3.29231
2.50021 2.37486 2.5624 2.41026 2.80686 2.74926 2.93193 2.74786 2.68576 3.29915
2.50815 2.38217 2.57223 2.43052 2.81587 2.75628 2.94197 2.75443 2.69267 3.306
2.51647 2.39167 2.5839 2.45345 2.83121 2.76344 2.95546 2.76108 2.69956 3.31279
2.52564 2.40886 2.59595 2.47634 2.85028 2.77042 2.97044 2.76773 2.70639 3.32062
2.53879 2.43345 2.6136 2.50357 2.8793 2.77748 2.98509 2.77442 2.71377 3.32842
2.55781 2.47814 2.64574 2.52963 2.91588 2.78467 3.00307 2.78207 2.7216 3.33607
2.61157 2.54644 2.71681 2.57818 2.97647 2.79162 3.02281 2.78947 2.72921 3.34398
2.72284 2.66451 2.81589 2.67317 3.08685 2.7998 3.06314 2.79834 2.75123 3.35185
2.84193 2.80242 2.92059 2.76905 3.22758 2.80692 3.08572 2.80458 2.76985 3.36043
2.9687 2.96745 3.02917 2.84013 3.37527 2.8133 3.09299 2.81018 2.77586 3.36659
3.10689 3.12801 3.10161 2.8837 3.50828 2.81969 3.09898 2.81574 2.78155 3.37266
3.19981 3.26275 3.13601 2.90586 3.60337 2.82609 3.10503 2.82132 2.78732 3.35333
3.25147 3.28035 3.15201 2.91515 3.65502 2.83252 3.1111 2.82696 2.7931 3.35931
3.26661 3.28642 3.15721 2.91918 3.66648 2.839 3.11714 2.83266 2.79895 3.36522
3.27164 3.29167 3.16163 2.92309 3.67165 2.8455 3.12324 2.83838 2.8048 3.39655
3.2767 3.29697 3.16601 2.92708 3.67681 2.85198 3.12934 2.84408 2.81072 3.40252
3.28176 3.30232 3.17039 2.93111 3.68203 2.85852 3.13547 2.84986 2.81666 3.40853
3.28684 3.30768 3.1748 2.93518 3.68729 2.86506 3.14162 2.85564 2.82264 3.3892
3.29194 3.31313 3.17921 2.93927 3.69256 2.87166 3.14778 2.86149 2.82865 3.39527
3.29708 3.31855 3.18364 2.94338 3.69785 2.87833 3.15395 2.86726 2.83467 3.40118
