3.46506 3.54845 3.39878 3.29984 3.42316 3.81012 3.48949 3.49824 3.557 3.81482
3.47347 3.55836 3.39937 3.30593 3.42356 3.81003 3.48959 3.49816 3.55704 3.81486
3.49945 3.58346 3.40432 3.33687 3.43753 3.81012 3.49019 3.49816 3.55702 3.81664
3.56345 3.61782 3.43014 3.38102 3.4766 3.81022 3.49311 3.49869 3.55722 3.83104
3.68105 3.66809 3.52349 3.48173 3.59075 3.8106 3.50535 3.50304 3.55995 3.88459
3.80506 3.74929 3.67319 3.63851 3.74029 3.81098 3.52369 3.51772 3.5641 3.91977
3.88202 3.80178 3.80986 3.79049 3.89821 3.81081 3.52673 3.52143 3.56417 3.93108
3.92919 3.83267 3.89257 3.85656 4.035 3.81066 3.5266 3.52124 3.56404 3.93162
3.95277 3.85316 3.94508 3.87956 4.13045 3.81056 3.5265 3.5211 3.56391 3.93149
3.96244 3.86801 3.97131 3.88507 4.16396 3.8105 3.52645 3.52101 3.56384 3.93141
3.96939 3.8814 3.98752 3.88616 4.17751 3.81041 3.52638 3.52089 3.56372 3.93134
3.97364 3.89235 3.99655 3.8863 4.18229 3.81037 3.52634 3.52082 3.56367 3.93127
3.97489 3.89586 3.99941 3.88626 4.18335 3.81034 3.52633 3.52078 3.56366 3.93125
3.97503 3.89584 3.9994 3.88626 4.18334 3.81032 3.52631 3.52077 3.56365 3.93124
3.97502 3.89583 3.99939 3.88625 4.18333 3.81032 3.52631 3.52076 3.56362 3.93123
3.97501 3.89582 3.99938 3.88625 4.18331 3.81031 3.52631 3.52076 3.56362 3.93123
3.975 3.89582 3.99936 3.88625 4.18327 3.81032 3.52631 3.52075 3.56362 3.93122
3.975 3.89581 3.99936 3.88625 4.18329 3.81032 3.52631 3.52075 3.56362 3.93121
3.97499 3.89581 3.99937 3.88625 4.18329 3.81032 3.52631 3.52076 3.56362 3.93122
3.975 3.89581 3.99937 3.88625 4.18328 3.81031 3.52632 3.52075 3.56361 3.9312
3.97501 3.89581 3.99937 3.88625 4.18329 3.81031 3.52632 3.52075 3.56361 3.9312
