2.91413 3.01385 2.73476 2.90121 3.16657 3.27531 3.17306 2.89866 3.11605 3.45007
2.92136 3.02209 2.74201 2.90924 3.17521 3.28359 3.18109 2.90642 3.12275 3.45983
2.92909 3.0304 2.75217 2.92045 3.18605 3.29177 3.1891 2.91415 3.1294 3.46973
2.93729 3.04013 2.76327 2.9324 3.19728 3.29993 3.19705 2.92192 3.13604 3.4797
2.94581 3.05125 2.77847 2.94537 3.21599 3.30804 3.20496 2.92961 3.1427 3.49066
2.95524 3.06319 2.7943 2.96271 3.23928 3.31611 3.21289 2.93728 3.14931 3.50284
2.97602 3.09214 2.81463 3.01103 3.26761 3.32421 3.2208 2.9449 3.1559 3.51939
3.02196 3.18618 2.87076 3.09388 3.32761 3.33211 3.22863 2.95246 3.16251 3.54551
3.11903 3.31304 3.00472 3.23031 3.41224 3.34001 3.23642 2.95994 3.16905 3.58407
3.22354 3.4183 3.09669 3.36885 3.53243 3.34797 3.24424 2.96733 3.17553 3.59756
3.23252 3.43628 3.11603 3.39202 3.67642 3.35596 3.25201 2.97481 3.18205 3.60553
3.23763 3.44198 3.1219 3.39744 3.71447 3.36402 3.25982 2.98233 3.18864 3.61358
3.24277 3.44771 3.12712 3.40276 3.7196 3.37216 3.26767 2.98989 3.19524 3.62168
3.24797 3.45346 3.13237 3.4081 3.72471 3.3803 3.27557 2.9975 3.20183 3.62982
3.25322 3.45925 3.13767 3.41348 3.72988 3.38853 3.28356 3.00514 3.20847 3.63794
3.25849 3.46509 3.143 3.41889 3.73512 3.3968 3.29161 3.01132 3.21515 3.64611
3.26379 3.47096 3.14835 3.42432 3.7404 3.40508 3.29962 3.0206 3.22186 3.65429
3.26913 3.47683 3.15368 3.42978 3.74567 3.41336 3.30765 3.02836 3.22859 3.66248
3.27445 3.4827 3.15904 3.43522 3.75096 3.42168 3.31568 3.03615 3.23532 3.67067
3.27979 3.48857 3.1644 3.44069 3.75625 3.42996 3.32372 3.0439 3.24207 3.67887
3.28512 3.49445 3.16974 3.44615 3.76149 3.43825 3.33177 3.05169 3.2488 3.68705
