2.67325 2.59313 2.77067 2.67537 3.0149 2.8937 3.02462 2.78985 2.66504 3.44231
2.67591 2.59652 2.77817 2.68706 3.02058 2.89365 3.02466 2.7898 2.66494 3.44215
2.68867 2.62888 2.80592 2.71689 3.05652 2.89375 3.02537 2.78959 2.66465 3.44184
2.75129 2.72509 2.89497 2.78776 3.16226 2.86911 3.0253 2.78928 2.66435 3.4414
2.94139 2.94244 3.05328 2.85498 3.37732 2.89305 3.02513 2.78878 2.66395 3.44086
3.09797 3.11792 3.07454 2.86768 3.52874 2.89253 3.02484 2.78835 2.66348 3.44045
3.12701 3.12928 3.07435 2.86786 3.56185 2.89218 3.02468 2.78809 2.66324 3.44017
3.12692 3.12918 3.07428 2.86773 3.56177 2.89203 3.02461 2.78801 2.66318 3.44011
3.12692 3.12914 3.07424 2.86771 3.56174 2.89195 3.02459 2.78799 2.66317 3.44007
3.12691 3.12913 3.07424 2.86771 3.56173 2.89195 3.02459 2.78799 2.66317 3.44007
3.12692 3.12911 3.07424 2.8677 3.56173 2.89196 3.02458 2.788 2.66314 3.44008
3.12693 3.12912 3.07424 2.8677 3.56173 2.89196 3.02458 2.78801 2.66315 3.44007
3.12694 3.12913 3.07425 2.8677 3.56174 2.89196 3.02459 2.78803 2.66316 3.44009
3.12691 3.12913 3.07425 2.8677 3.56174 2.89195 3.02458 2.78797 2.66314 3.44006
3.12688 3.12913 3.07424 2.86771 3.56173 2.89195 3.02458 2.78797 2.66314 3.44006
3.12687 3.12912 3.07423 2.86768 3.56171 2.89194 3.02458 2.78796 2.66314 3.44005
3.12685 3.12912 3.07422 2.86769 3.5617 2.89194 3.02457 2.78796 2.66314 3.44005
3.12689 3.12912 3.07422 2.86769 3.56172 2.89194 3.02458 2.78796 2.66315 3.44006
3.12691 3.12913 3.07422 2.8677 3.56174 2.89196 3.02458 2.78799 2.66314 3.44006
3.12691 3.12913 3.07424 2.86771 3.56174 2.89195 3.02459 2.78799 2.66314 3.44007
3.12691 3.12913 3.07424 2.8677 3.56174 2.89195 3.02459 2.78799 2.66314 3.44007
