3.56065 4.04675 3.69589 3.97491 4.04496 3.82612 4.23083 4.23058 4.0421 4.35071
3.56907 4.05698 3.70474 3.9845 4.05581 3.83576 4.23836 4.23915 4.04977 4.35853
3.58251 4.07122 3.71804 3.99575 4.07427 3.84536 4.24586 4.24864 4.05751 4.36634
3.60012 4.08974 3.73871 4.01153 4.10946 3.85561 4.25333 4.25843 4.06575 4.37433
3.62736 4.14373 3.78045 4.03874 4.16027 3.86848 4.26086 4.27157 4.08141 4.3838
3.68131 4.24841 3.87547 4.08969 4.2308 3.89682 4.26879 4.2863 4.11016 4.39443
3.78712 4.38253 3.99283 4.17335 4.32179 3.95534 4.27941 4.30039 4.14616 4.40788
3.92027 4.5021 4.10097 4.24837 4.40089 4.01294 4.29247 4.31404 4.18205 4.41983
4.03756 4.58521 4.17748 4.2985 4.46037 4.05376 4.30161 4.32179 4.21471 4.42851
4.12291 4.63168 4.22403 4.32831 4.49198 4.07569 4.30843 4.32856 4.23226 4.43566
4.18682 4.64766 4.25541 4.34957 4.51868 4.08504 4.31516 4.33534 4.23992 4.44288
4.23629 4.67754 4.26971 4.35905 4.53177 4.09302 4.32195 4.34219 4.24671 4.45014
4.25772 4.6838 4.27669 4.36484 4.53865 4.10109 4.32881 4.34907 4.25354 4.45745
4.26793 4.68905 4.28239 4.36964 4.54447 4.10918 4.33573 4.35602 4.26043 4.46478
4.27392 4.69428 4.28773 4.37446 4.54908 4.11729 4.34265 4.363 4.26735 4.47217
4.27992 4.69952 4.29307 4.3793 4.5537 4.1254 4.34961 4.36994 4.27427 4.47949
4.28592 4.7047 4.29844 4.38412 4.55833 4.13334 4.35655 4.37686 4.28122 4.48639
4.29194 4.70992 4.30381 4.38879 4.56296 4.14122 4.36352 4.38385 4.28817 4.49296
4.29792 4.71512 4.30916 4.39344 4.5675 4.14908 4.37047 4.3908 4.29511 4.49948
4.3039 4.72028 4.31451 4.39811 4.572 4.15674 4.37738 4.39774 4.30203 4.50596
4.30991 4.72546 4.31984 4.40275 4.57651 4.16418 4.38434 4.40468 4.30897 4.51245
