3.1783 3.15855 3.09661 3.12269 3.57316 3.26109 3.61852 3.241 3.17139 3.93486
3.18252 3.16487 3.09991 3.13006 3.57352 3.26108 3.61993 3.24094 3.17139 3.93481
3.19136 3.18902 3.11044 3.14649 3.58036 3.26109 3.62356 3.24087 3.17134 3.9347
3.21737 3.24087 3.13323 3.18767 3.6156 3.26103 3.6287 3.24089 3.17147 3.93459
3.31005 3.35572 3.20516 3.25957 3.71562 3.26102 3.63337 3.24168 3.17319 3.93485
3.4319 3.5084 3.31596 3.31994 3.86593 3.26082 3.63344 3.24342 3.17424 3.9358
3.54068 3.59708 3.40748 3.35637 3.97876 3.26061 3.63325 3.24322 3.17404 3.93646
3.62337 3.64318 3.46613 3.37704 4.06203 3.2604 3.63311 3.24303 3.17385 3.93627
3.67752 3.67212 3.48785 3.38586 4.11174 3.26024 3.633 3.2429 3.17369 3.93613
3.7011 3.69089 3.49313 3.3884 4.13636 3.26011 3.63294 3.24281 3.17356 3.93605
3.71118 3.70223 3.49408 3.38869 4.14495 3.25998 3.63287 3.24269 3.17343 3.93595
3.71394 3.70464 3.49396 3.38862 4.14709 3.25989 3.63284 3.24264 3.17333 3.93591
3.71431 3.70499 3.49391 3.38856 4.14791 3.25986 3.63281 3.2426 3.17329 3.93588
3.7143 3.70496 3.49389 3.38854 4.14788 3.25985 3.6328 3.24259 3.17327 3.93586
3.71428 3.70496 3.49389 3.38854 4.14788 3.25985 3.6328 3.24258 3.17325 3.93586
3.71428 3.70496 3.49388 3.38853 4.14788 3.25985 3.63278 3.24257 3.17325 3.93586
3.71426 3.70496 3.49388 3.38854 4.14787 3.25985 3.63278 3.24257 3.17325 3.93586
3.71426 3.70496 3.49388 3.38854 4.14787 3.25984 3.6328 3.24256 3.17325 3.93586
3.71426 3.70496 3.49388 3.38853 4.14787 3.25985 3.63279 3.24257 3.17325 3.93585
3.71425 3.70497 3.49387 3.38853 4.14788 3.25984 3.63279 3.24257 3.17325 3.93585
3.71425 3.70496 3.49386 3.38851 4.14787 3.25983 3.63279 3.24256 3.17324 3.93585
