3.22492 3.21814 3.21167 3.02217 3.32258 3.33895 3.1128 3.15415 3.26229 3.55098
3.23341 3.22833 3.22093 3.03114 3.33114 3.34623 3.12123 3.16175 3.27062 3.5613
3.24603 3.24554 3.23094 3.04357 3.34036 3.35349 3.12962 3.16929 3.2789 3.57345
3.26375 3.26713 3.2418 3.06442 3.35249 3.36073 3.13795 3.17681 3.28717 3.58825
3.2913 3.29783 3.25709 3.08529 3.37031 3.36791 3.14624 3.18547 3.29539 3.60664
3.32643 3.33039 3.28303 3.11212 3.39549 3.37507 3.15449 3.19179 3.30352 3.62876
3.36925 3.38278 3.34297 3.16066 3.46237 3.38221 3.16272 3.19919 3.31175 3.67861
3.4381 3.45582 3.46453 3.24417 3.59266 3.38935 3.17094 3.20654 3.31993 3.72904
3.52125 3.4959 3.60601 3.31567 3.75649 3.39644 3.17922 3.21389 3.32802 3.74217
3.55856 3.51158 3.70899 3.43505 3.85693 3.40348 3.18749 3.22129 3.3361 3.74974
3.57014 3.52057 3.72931 3.52087 3.88987 3.41051 3.19568 3.22865 3.34424 3.75745
3.57514 3.52563 3.73567 3.54305 3.89574 3.41765 3.20388 3.2361 3.35235 3.76519
3.58022 3.53076 3.74152 3.54849 3.90105 3.42483 3.21208 3.24358 3.36053 3.77295
3.5853 3.53587 3.74737 3.55391 3.9064 3.43205 3.22025 3.25225 3.36867 3.78073
3.59041 3.54101 3.75326 3.55935 3.91178 3.43927 3.22844 3.25852 3.32733 3.78853
3.59554 3.54618 3.75919 3.56482 3.9172 3.44656 3.23671 3.26604 3.38516 3.79638
3.60071 3.55134 3.76516 3.57036 3.92267 3.45386 3.24503 3.27361 3.39347 3.80424
3.60585 3.55653 3.77112 3.57587 3.92813 3.46108 3.25337 3.28121 3.4018 3.81209
3.61101 3.56168 3.77708 3.58142 3.93356 3.46833 3.2617 3.28881 3.41013 3.81995
3.61611 3.56687 3.78307 3.58693 3.93896 3.47556 3.27005 3.29638 3.41847 3.8278
3.62121 3.57203 3.78903 3.59246 3.94429 3.4828 3.27839 3.30397 3.4268 3.83567
