2.49009 2.34504 2.63882 2.55261 2.84403 2.71614 3.00561 2.68898 2.71734 3.28255
2.49064 2.34985 2.64531 2.56912 2.85543 2.71604 3.00791 2.68901 2.71725 3.28241
2.49591 2.37373 2.66333 2.60047 2.89435 2.71597 3.03627 2.68892 2.71699 3.28215
2.54586 2.47658 2.73921 2.69115 2.98327 2.71584 3.04774 2.68865 2.71665 3.28175
2.7323 2.7037 2.90017 2.83473 3.23857 2.71544 3.04748 2.68827 2.71617 3.28128
2.99371 2.98428 3.07467 2.88175 3.46807 2.71489 3.04732 2.6879 2.7157 3.28096
3.109 3.12262 3.08735 2.88361 3.55015 2.71458 3.04718 2.68763 2.71547 3.28075
3.10889 3.12251 3.08728 2.88349 3.5525 2.71448 3.04711 2.68755 2.71544 3.28069
3.10888 3.12247 3.08728 2.88348 3.55249 2.71446 3.04708 2.68752 2.71541 3.28067
3.10889 3.12247 3.08728 2.88348 3.55251 2.71445 3.04707 2.68753 2.71543 3.28068
3.10887 3.12249 3.08728 2.88348 3.55252 2.71446 3.04707 2.68753 2.71543 3.28068
3.10887 3.12249 3.08728 2.8835 3.55252 2.71446 3.04708 2.68755 2.71543 3.28068
3.10888 3.12249 3.08729 2.88351 3.55252 2.71446 3.04708 2.68756 2.71543 3.28068
3.10888 3.12248 3.08727 2.88352 3.55251 2.71446 3.04708 2.68754 2.71543 3.28068
3.10885 3.12245 3.08727 2.88348 3.5525 2.71444 3.04704 2.68753 2.71542 3.28066
3.10884 3.12245 3.08726 2.88349 3.55249 2.71442 3.04704 2.68753 2.7154 3.28065
3.10884 3.12245 3.08726 2.88349 3.55247 2.71441 3.04706 2.68753 2.71541 3.28065
3.10886 3.12246 3.08723 2.88348 3.55247 2.71442 3.04706 2.68752 2.7154 3.28066
3.10889 3.12249 3.08727 2.8835 3.55251 2.71446 3.04708 2.68754 2.71542 3.28066
3.10889 3.12249 3.08727 2.8835 3.55251 2.71446 3.04708 2.68756 2.71542 3.28068
3.10889 3.12249 3.08727 2.8835 3.55251 2.71446 3.04708 2.68755 2.71542 3.28068
