3.3145 3.52253 3.21279 2.98458 3.39796 3.35877 3.24599 3.55639 3.36272 3.89377
3.32257 3.5309 3.22157 2.99489 3.40658 3.36658 3.2537 3.5642 3.37049 3.90137
3.33083 3.53983 3.23409 3.01278 3.41773 3.37432 3.26137 3.57193 3.37811 3.9089
3.33936 3.55039 3.25149 3.03169 3.43117 3.38202 3.26899 3.57961 3.3618 3.91645
3.34857 3.56855 3.26984 3.05549 3.45209 3.38966 3.27659 3.58731 3.36934 3.92394
3.36418 3.60528 3.2903 3.08615 3.48622 3.39728 3.28421 3.59498 3.40075 3.93141
3.39249 3.6761 3.34359 3.14522 3.54449 3.40486 3.2918 3.60262 3.40829 3.9388
3.47737 3.77006 3.42853 3.26177 3.66381 3.41241 3.29937 3.61021 3.41582 3.94599
3.53112 3.84821 3.49042 3.41893 3.79687 3.4199 3.30692 3.61788 3.42329 3.95311
3.54332 3.91836 3.52797 3.54765 3.88883 3.42746 3.31439 3.62554 3.43082 3.96024
3.54947 3.92805 3.54011 3.59576 3.90571 3.43504 3.32196 3.63319 3.43844 3.96746
3.55474 3.93389 3.54542 3.60125 3.9109 3.4426 3.32954 3.64076 3.44612 3.97473
3.56005 3.93954 3.55069 3.6067 3.91607 3.45025 3.33721 3.64833 3.45377 3.98202
3.56541 3.94519 3.55599 3.61222 3.92121 3.45788 3.34488 3.65591 3.46146 3.9893
3.57084 3.95087 3.5613 3.61779 3.92643 3.46561 3.35256 3.66349 3.4691 3.99659
3.57627 3.95657 3.56666 3.6234 3.93166 3.47333 3.36022 3.67115 3.4768 4.00389
3.58173 3.96231 3.57201 3.62903 3.93691 3.4811 3.36793 3.67883 3.48453 4.01112
3.58723 3.96804 3.57738 3.63469 3.94217 3.48888 3.37567 3.68651 3.49229 4.01837
3.59271 3.97381 3.58274 3.64032 3.94741 3.49668 3.3834 3.69418 3.50004 4.0256
3.59818 3.97952 3.58811 3.63269 3.95268 3.50448 3.39114 3.70185 3.50782 4.03284
3.60367 3.98529 3.59346 3.6516 3.95791 3.51226 3.39888 3.70953 3.51559 4.04005
