2.60457 2.57846 2.81658 2.63438 3.07417 2.84476 3.07791 2.7994 2.75777 3.44051
2.6111 2.58654 2.82475 2.6431 3.08233 2.85105 3.08473 2.80545 2.76353 3.4463
2.618 2.59797 2.83712 2.65978 3.09627 2.85729 3.09188 2.81146 2.76928 3.45198
2.62503 2.6149 2.8523 2.67587 3.11486 2.86356 3.09913 2.81741 2.77501 3.45761
2.63523 2.63823 2.87281 2.69483 3.14031 2.86983 3.10661 2.82338 2.78076 3.46321
2.65188 2.67384 2.90652 2.71978 3.17132 2.87611 3.11476 2.82935 2.78648 3.46889
2.69369 2.71613 2.9627 2.76426 3.21758 2.88229 3.12347 2.83528 2.79229 3.47464
2.77535 2.79469 3.04118 2.83009 3.30119 2.88844 3.13149 2.84132 2.79865 3.48227
2.88171 2.91603 3.12182 2.90741 3.41094 2.89454 3.13762 2.84731 2.80446 3.49015
3.00702 3.05535 3.17898 2.95966 3.52204 2.90058 3.14374 2.85312 2.80988 3.49556
3.12854 3.17087 3.21144 2.99338 3.62103 2.90664 3.14986 2.85892 2.81528 3.50075
3.1938 3.216 3.23718 3.01407 3.6891 2.91269 3.15602 2.86471 2.82067 3.50601
3.21478 3.22696 3.24629 3.02232 3.72742 2.91877 3.16217 2.8705 2.82611 3.51129
3.21943 3.23169 3.25061 3.02682 3.7374 2.92491 3.16835 2.87634 2.8316 3.51661
3.22389 3.23645 3.25497 3.03098 3.74213 2.93101 3.17454 2.88222 2.8371 3.52192
3.22839 3.24127 3.25935 3.03518 3.74683 2.93716 3.18076 2.88809 2.84265 3.52727
3.23294 3.24607 3.26378 3.0394 3.75157 2.94334 3.18698 2.894 2.8482 3.5326
3.23751 3.25096 3.26817 3.04355 3.75632 2.94954 3.19321 2.89993 2.8538 3.53797
3.24209 3.25585 3.27261 3.04767 3.76111 2.95574 3.19946 2.90587 2.85941 3.54326
3.24667 3.26075 3.27706 3.05173 3.7659 2.96195 3.20574 2.91185 2.86501 3.54856
3.25129 3.26565 3.28152 3.05577 3.77069 2.96817 3.21201 2.91779 2.87061 3.55384
