2.96421 3.16371 2.85966 2.7685 3.16192 3.18949 3.17254 3.28895 3.13863 3.66642
2.97098 3.17147 2.86736 2.77886 3.17014 3.19593 3.17905 3.29668 3.14524 3.67421
2.97825 3.18022 2.88089 2.79377 3.18052 3.20512 3.18708 3.30549 3.15261 3.68225
2.98685 3.2006 2.8979 2.81754 3.20081 3.21581 3.1972 3.31795 3.16099 3.69266
2.99592 3.24605 2.92774 2.85219 3.22954 3.22539 3.21393 3.33087 3.17541 3.70708
3.02316 3.34068 2.97157 2.90908 3.30138 3.24116 3.2362 3.34581 3.19016 3.73201
3.12003 3.45438 3.04897 3.0018 3.40885 3.2573 3.2661 3.37289 3.20375 3.77461
3.22415 3.56939 3.14957 3.11461 3.5233 3.2826 3.28446 3.42252 3.21841 3.81897
3.29817 3.65025 3.23585 3.24082 3.6189 3.30239 3.29464 3.44731 3.22593 3.85324
3.35205 3.70368 3.30247 3.35101 3.69453 3.30863 3.30085 3.45718 3.23129 3.8706
3.40257 3.7462 3.36913 3.44058 3.75285 3.31378 3.30617 3.46413 3.23664 3.88135
3.42969 3.77214 3.42289 3.48976 3.79485 3.31891 3.31147 3.46966 3.242 3.8867
3.4427 3.78731 3.44334 3.50327 3.81516 3.32404 3.31679 3.47518 3.24738 3.89306
3.4517 3.79523 3.4534 3.51114 3.82691 3.32924 3.32213 3.48078 3.2528 3.89848
3.45627 3.80081 3.45771 3.51572 3.83208 3.33446 3.32753 3.48639 3.25829 3.90393
3.46092 3.80545 3.46188 3.52026 3.83655 3.33973 3.33298 3.49209 3.26379 3.90944
3.4656 3.8101 3.46609 3.52486 3.8409 3.34505 3.33847 3.49776 3.26933 3.9149
3.47031 3.81482 3.47026 3.52947 3.84523 3.35039 3.34397 3.5035 3.27489 3.92044
3.47504 3.81946 3.47449 3.53409 3.84949 3.35575 3.34942 3.50924 3.28045 3.92601
3.47966 3.82407 3.47869 3.53864 3.85372 3.36106 3.3549 3.51491 3.28596 3.93146
3.48427 3.82871 3.48282 3.54324 3.85795 3.36634 3.36031 3.52059 3.29149 3.93694
