2.69303 3.0166 2.50235 2.71937 2.72137 3.01019 3.08832 2.73964 2.7595 3.0234
2.69973 3.02588 2.51004 2.72647 2.72823 3.01703 3.09877 2.74674 2.76526 3.03083
2.70668 3.04077 2.51801 2.73532 2.73596 3.0244 3.11226 2.75399 2.77092 3.0388
2.71422 3.05923 2.52617 2.74621 2.74376 3.03249 3.1247 2.76169 2.77666 3.04675
2.72184 3.07884 2.53465 2.76457 2.75461 3.0403 3.14198 2.77126 2.78243 3.05544
2.73213 3.09959 2.54523 2.78981 2.77528 3.04838 3.16157 2.78494 2.78824 3.06531
2.75894 3.1384 2.56493 2.82646 2.81572 3.05674 3.18331 2.79815 2.79457 3.07886
2.81418 3.2294 2.60087 2.90563 2.89031 3.06408 3.21742 2.81256 2.80038 3.09641
2.90402 3.31474 2.70978 3.0069 3.01032 3.07531 3.26737 2.83604 2.80951 3.12199
2.99339 3.37347 2.82413 3.10118 3.14625 3.08579 3.34114 2.87082 2.81867 3.14972
3.05849 3.41473 2.93116 3.16987 3.29335 3.09168 3.37299 2.90327 2.82405 3.15579
3.11419 3.44919 3.02025 3.21383 3.43496 3.09749 3.37993 2.9138 2.82919 3.16157
3.14694 3.46015 3.08275 3.23875 3.53662 3.10331 3.3869 2.91946 2.83436 3.16741
3.15713 3.46623 3.1029 3.24864 3.56922 3.10911 3.39386 2.92513 2.83954 3.17327
3.16213 3.4711 3.11028 3.2534 3.57855 3.11494 3.40082 2.93085 2.84477 3.17912
3.16647 3.47604 3.11529 3.25793 3.58362 3.12077 3.40782 2.93655 2.85004 3.18494
3.17156 3.48096 3.1203 3.26247 3.58874 3.12665 3.41484 2.94228 2.85534 3.19083
3.17524 3.48589 3.12538 3.26705 3.59382 3.13257 3.42189 2.94807 2.8606 3.19672
3.17965 3.49078 3.1305 3.27162 3.59884 3.13848 3.42898 2.95387 2.86588 3.20266
3.18407 3.49574 3.13566 3.27621 3.60389 3.14447 3.43607 2.95966 2.87119 3.20863
3.18853 3.50073 3.1408 3.28084 3.60891 3.15046 3.44312 2.96551 2.87653 3.21463
