3.93616 4.02158 3.74191 3.74604 3.95509 3.97142 4.02056 3.81212 4.00728 4.28055
3.94757 4.03027 3.75201 3.75637 3.96816 3.97819 4.02769 3.81927 4.01488 4.28681
3.96716 4.04314 3.76324 3.77475 3.991 3.98489 4.03479 3.82649 4.02284 4.29336
3.99345 4.0598 3.77596 3.80627 4.02457 3.99175 4.04195 3.83393 4.03111 4.30029
4.03247 4.07699 3.80373 3.85414 4.0907 3.99862 4.0495 3.84231 4.03856 4.30911
4.09223 4.1327 3.88068 3.95487 4.18698 4.00663 4.05812 3.85068 4.04762 4.32018
4.15879 4.21053 4.00323 4.05884 4.28546 4.01637 4.07118 3.86661 4.05944 4.33049
4.21022 4.28323 4.12089 4.1409 4.36787 4.02369 4.07886 3.87779 4.06898 4.33802
4.24926 4.33446 4.21085 4.19114 4.4256 4.02984 4.08523 3.8841 4.07582 4.34338
4.27638 4.37016 4.27488 4.22971 4.46658 4.03601 4.0916 3.89043 4.08257 4.34879
4.29618 4.39975 4.32873 4.25548 4.49038 4.0422 4.09796 3.89682 4.08934 4.35426
4.31185 4.41027 4.34957 4.26698 4.50593 4.04849 4.10436 3.90322 4.0962 4.35976
4.32133 4.41596 4.35806 4.27402 4.51459 4.05482 4.11079 3.90972 4.1031 4.36513
4.32886 4.42021 4.36355 4.27916 4.52039 4.06119 4.11727 3.91625 4.11003 4.37054
4.33351 4.42447 4.36904 4.28408 4.52474 4.0676 4.12374 3.9228 4.11699 4.37595
4.33814 4.42875 4.37457 4.28899 4.52908 4.07405 4.13025 3.92911 4.12397 4.38119
4.34278 4.43291 4.38012 4.29393 4.53347 4.08046 4.13678 3.93542 4.13098 4.38631
4.34738 4.43703 4.38564 4.29886 4.53783 4.08686 4.14329 3.94169 4.13798 4.39136
4.35199 4.44114 4.39116 4.30378 4.54219 4.09304 4.14962 3.9478 4.14496 4.3964
4.3566 4.44522 4.39667 4.30867 4.54651 4.09918 4.1559 3.95392 4.15193 4.40141
4.36117 4.44932 4.40218 4.3136 4.55088 4.10518 4.1622 3.96001 4.15891 4.40625
