3.16647 3.5199 3.12007 3.08258 3.40267 3.33705 3.30143 3.58397 3.47064 3.80824
3.17388 3.52712 3.12838 3.0908 3.41036 3.34483 3.30823 3.592 3.47814 3.81602
3.18178 3.53517 3.14193 3.10185 3.42769 3.3527 3.31561 3.60116 3.48562 3.82426
3.18972 3.54906 3.15529 3.11665 3.44672 3.36062 3.32609 3.61132 3.49323 3.83226
3.19877 3.57415 3.169 3.13679 3.46958 3.36867 3.33496 3.62088 3.50103 3.84084
3.20944 3.61064 3.19012 3.16903 3.49957 3.37763 3.34223 3.63394 3.50893 3.84985
3.22195 3.65918 3.22519 3.22266 3.55961 3.38705 3.35035 3.64754 3.51721 3.86064
3.28592 3.74585 3.28001 3.30164 3.66002 3.39619 3.36692 3.66376 3.52757 3.87138
3.40194 3.8801 3.38177 3.4338 3.77483 3.40907 3.37739 3.68688 3.53749 3.89123
3.51062 3.99628 3.48454 3.58008 3.86963 3.42704 3.38448 3.71103 3.54542 3.91862
3.58374 4.07078 3.56737 3.69259 3.9531 3.43593 3.39043 3.72109 3.55218 3.92719
3.64726 4.11487 3.64409 3.79113 4.01226 3.44217 3.39631 3.72865 3.55897 3.93324
3.67468 4.13643 3.70483 3.84179 4.04036 3.44847 3.40228 3.7356 3.56582 3.93938
3.68278 4.14565 3.72657 3.85687 4.0534 3.45484 3.40826 3.74259 3.57272 3.94559
3.68811 4.15116 3.73175 3.86257 4.06249 3.46119 3.41428 3.74958 3.57967 3.95185
3.69341 4.15657 3.73663 3.86759 4.06721 3.46758 3.42032 3.75661 3.58659 3.95809
3.69863 4.16197 3.74153 3.87264 4.07192 3.47397 3.4264 3.76361 3.59351 3.96431
3.70385 4.16739 3.74644 3.87772 4.07668 3.48042 3.43246 3.77064 3.60045 3.97051
3.70907 4.17281 3.75139 3.88285 4.08145 3.48682 3.43849 3.77765 3.60738 3.97659
3.71432 4.17828 3.7563 3.88801 4.08623 3.49329 3.44454 3.78469 3.61432 3.98273
3.71962 4.18376 3.76126 3.89314 4.09103 3.49976 3.45064 3.79174 3.62115 3.98885
