2.83691 2.81189 2.68258 2.64636 2.91712 3.0489 2.75911 2.68952 2.43566 3.2832
2.84254 2.82098 2.68869 2.65493 2.92301 3.05414 2.7652 2.69591 2.43996 3.29013
2.85383 2.83558 2.6956 2.66583 2.92993 3.06113 2.77146 2.70256 2.4443 3.29727
2.87883 2.85906 2.70368 2.67712 2.93779 3.0673 2.77825 2.70925 2.44892 3.30664
2.91569 2.89451 2.71648 2.69305 2.95314 3.07316 2.78556 2.71607 2.45354 3.31625
2.95415 2.94016 2.76368 2.73016 3.00234 3.08003 2.79403 2.72412 2.45974 3.32981
3.01076 3.01731 2.84964 2.8081 3.09681 3.08722 2.80994 2.73862 2.46589 3.34559
3.06655 3.08937 2.94504 2.89459 3.20587 3.1079 2.84252 2.75568 2.47288 3.38213
3.11215 3.15252 3.01377 2.98036 3.30324 3.12861 2.86815 2.76653 2.47685 3.41744
3.1379 3.21632 3.05159 3.05674 3.39127 3.13586 2.89068 2.7719 2.48049 3.43304
3.15585 3.26616 3.0699 3.11952 3.46591 3.13994 2.90424 2.77712 2.4841 3.43882
3.1692 3.28995 3.07936 3.15665 3.51849 3.14399 2.91028 2.78231 2.48769 3.44443
3.17578 3.29703 3.08447 3.1718 3.5371 3.14811 2.91539 2.7875 2.49132 3.45002
3.18045 3.30149 3.08824 3.18197 3.54239 3.15224 2.92058 2.79277 2.49503 3.45557
3.1839 3.3051 3.0919 3.1888 3.54625 3.15646 2.92584 2.79809 2.4988 3.46108
3.18745 3.30878 3.0956 3.19464 3.55016 3.16075 2.93115 2.80349 2.50266 3.4666
3.19106 3.31253 3.09936 3.20056 3.55413 3.16508 2.93654 2.80899 2.50654 3.47217
3.19463 3.31635 3.10312 3.2054 3.55811 3.16938 2.94193 2.81448 2.51048 3.47779
3.1982 3.32017 3.1069 3.21076 3.56207 3.17375 2.94738 2.81995 2.51439 3.48334
3.20176 3.32389 3.11058 3.21496 3.56599 3.17807 2.9528 2.82545 2.51832 3.48893
3.20528 3.32761 3.11437 3.21917 3.5699 3.18234 2.95814 2.83092 2.52224 3.49449
