2.84518 3.09817 2.6096 2.83709 2.90788 3.11182 3.15524 2.80762 2.76431 3.05469
2.85095 3.10738 2.61625 2.84365 2.91399 3.11953 3.16247 2.81381 2.76909 3.05963
2.85735 3.12478 2.62616 2.85375 2.922 3.12838 3.16974 2.8209 2.77385 3.06485
2.86536 3.14473 2.63782 2.87092 2.93617 3.13708 3.17724 2.82869 2.77871 3.07137
2.88312 3.17181 2.64983 2.89823 2.96038 3.1457 3.18776 2.83717 2.78386 3.07846
2.92328 3.22287 2.67314 2.95731 3.01881 3.15748 3.20665 2.84743 2.78925 3.08663
2.98965 3.28811 2.74323 3.03678 3.11834 3.17617 3.23076 2.85927 2.79487 3.09573
3.05308 3.3389 2.8322 3.10128 3.23362 3.19106 3.25172 2.86713 2.79939 3.1019
3.09791 3.36573 2.90989 3.14887 3.33334 3.19655 3.25959 2.87156 2.80386 3.10609
3.12431 3.3888 2.9703 3.18012 3.41127 3.20122 3.26526 2.87597 2.80828 3.11029
3.14512 3.4016 3.02191 3.20229 3.4717 3.20589 3.27099 2.88043 2.81275 3.11448
3.15577 3.40659 3.01927 3.21394 3.49303 3.21059 3.27672 2.8849 2.81726 3.1187
3.16015 3.4108 3.026 3.21965 3.49837 3.21532 3.28251 2.88943 2.82176 3.12301
3.16414 3.41501 3.05808 3.22364 3.50228 3.22007 3.28833 2.89398 2.82633 3.12734
3.16808 3.41923 3.06239 3.22767 3.50618 3.22487 3.2942 2.89858 2.83092 3.13167
3.17205 3.42349 3.06666 3.23173 3.51009 3.22968 3.30008 2.90321 2.83557 3.13606
3.17604 3.42776 3.071 3.23577 3.51404 3.23451 3.30598 2.90786 2.84021 3.14048
3.18003 3.43204 3.07534 3.23985 3.51796 3.23935 3.31189 2.91247 2.84486 3.14491
3.18401 3.43633 3.07969 3.24391 3.52188 3.2442 3.31781 2.91711 2.84952 3.14931
3.18803 3.44061 3.08402 3.24797 3.52569 3.24905 3.32373 2.92174 2.85419 3.15371
3.19199 3.4449 3.08836 3.25203 3.52949 3.25388 3.32957 2.92638 2.85887 3.15816
