4.02065 4.29235 4.01544 3.84271 3.9415 3.98496 4.04649 3.72467 4.05216 4.239
4.03597 4.30596 4.02002 3.85208 3.94379 3.98471 4.04638 3.72457 4.05189 4.23869
4.10476 4.32481 4.04303 3.91883 3.99426 3.98425 4.04609 3.7243 4.05155 4.23795
4.22371 4.36265 4.24017 4.20564 4.26309 3.98367 4.04576 3.72386 4.05107 4.23699
4.24348 4.3861 4.3082 4.2843 4.47617 3.98303 4.0455 3.72337 4.05051 4.23631
4.24396 4.38586 4.30965 4.28409 4.47629 3.9827 4.04535 3.72305 4.05025 4.23604
4.24386 4.38575 4.3095 4.28401 4.47621 3.98255 4.04523 3.72292 4.0501 4.23594
4.2438 4.38571 4.30941 4.28395 4.47613 3.98248 4.0451 3.72283 4.05 4.2359
4.24377 4.38566 4.30931 4.28386 4.47609 3.98244 4.04503 3.72276 4.04995 4.23582
4.24376 4.38566 4.30931 4.28386 4.47609 3.98244 4.04503 3.72276 4.04995 4.23582
4.24376 4.38566 4.30931 4.28385 4.47608 3.98244 4.04503 3.72276 4.04995 4.23582
4.24376 4.38566 4.30931 4.28385 4.47608 3.98244 4.04503 3.72276 4.04995 4.23582
4.24376 4.38566 4.30931 4.28385 4.47608 3.98244 4.04503 3.72276 4.04995 4.23582
4.24376 4.38566 4.30931 4.28385 4.47608 3.98244 4.04503 3.72276 4.04995 4.23582
4.24376 4.38566 4.30931 4.28385 4.47608 3.98244 4.04503 3.72276 4.04995 4.23582
4.24376 4.38566 4.30931 4.28385 4.47608 3.98244 4.04503 3.72276 4.04995 4.23582
4.24376 4.38566 4.30931 4.28385 4.47608 3.98244 4.04503 3.72276 4.04995 4.23582
4.24376 4.38566 4.30931 4.28385 4.47608 3.98244 4.04503 3.72276 4.04995 4.23582
4.24376 4.38566 4.30931 4.28385 4.47608 3.98244 4.04503 3.72276 4.04995 4.23582
4.24376 4.38566 4.30931 4.28385 4.47608 3.98244 4.04503 3.72276 4.04995 4.23582
4.24376 4.38566 4.30931 4.28385 4.47608 3.98244 4.04503 3.72276 4.04995 4.23582
