2.98586 2.84904 2.90149 2.6777 2.92986 3.19034 2.93699 2.87572 3.06552 3.2075
2.99283 2.85638 2.90822 2.68401 2.93675 3.19863 2.94352 2.88218 3.0732 3.21578
3.00144 2.86902 2.91577 2.69049 2.94393 3.21001 2.95167 2.88868 3.08097 3.22495
3.03181 2.89663 2.92642 2.70742 2.95279 3.22089 2.96243 2.8957 3.08937 3.23532
3.07426 2.9413 2.9433 2.73318 2.96672 3.23149 2.97103 2.90285 3.09878 3.24851
3.12948 2.9987 2.97772 2.77069 3.01406 3.24227 2.98108 2.90995 3.10689 3.272
3.19709 3.09633 3.06914 2.85441 3.11023 3.252 2.99217 2.91845 3.12278 3.3108
3.27698 3.20247 3.19208 2.95894 3.24091 3.26798 3.00908 2.93367 3.1616 3.373
3.35479 3.30373 3.32911 3.05706 3.38051 3.27677 3.03046 2.94874 3.19041 3.42349
3.41754 3.36854 3.4514 3.15966 3.51054 3.28182 3.03901 2.95412 3.2018 3.4529
3.47198 3.42143 3.54592 3.25062 3.62425 3.2869 3.04435 2.95954 3.20846 3.46449
3.50658 3.45578 3.61489 3.30993 3.70826 3.29196 3.0496 2.96494 3.21426 3.4708
3.51715 3.4717 3.65 3.34807 3.74118 3.29705 3.05488 2.97035 3.22004 3.47671
3.52299 3.48136 3.67183 3.36501 3.75428 3.30217 3.06022 2.97585 3.22589 3.48268
3.52719 3.48531 3.67798 3.36946 3.75877 3.30732 3.06561 2.98138 3.23179 3.48874
3.53143 3.48932 3.68322 3.37381 3.76314 3.31255 3.07104 2.98699 3.23776 3.49482
3.53572 3.49336 3.68851 3.37823 3.76752 3.31778 3.07651 2.99261 3.24378 3.50096
3.53997 3.49741 3.69383 3.38263 3.77194 3.32306 3.082 2.9983 3.24982 3.50711
3.54425 3.50144 3.69914 3.38703 3.77624 3.32833 3.08752 3.004 3.25587 3.51324
3.54847 3.50542 3.70437 3.39135 3.78046 3.33358 3.09301 3.00969 3.26194 3.51939
3.55276 3.5094 3.70962 3.39572 3.78461 3.33877 3.09846 3.01527 3.26793 3.52551
