2.87576 3.03794 2.76984 2.9581 3.29309 3.39165 3.36218 2.94579 3.22626 3.79205
2.88265 3.04592 2.77615 2.96478 3.30042 3.40075 3.37026 2.95316 3.2332 3.80008
2.89022 3.0544 2.78753 2.97152 3.31503 3.41076 3.37856 2.96063 3.24037 3.80814
2.89976 3.06293 2.80023 2.98081 3.33073 3.42155 3.38714 2.96806 3.24801 3.81629
2.91138 3.07374 2.81333 2.9957 3.34592 3.43263 3.39825 2.97568 3.25578 3.82565
2.93032 3.0917 2.83033 3.01272 3.36662 3.4459 3.41054 2.98349 3.26332 3.83714
2.96805 3.13232 2.85826 3.04321 3.39496 3.46069 3.42033 2.99179 3.27206 3.85217
3.0276 3.20635 2.90925 3.10482 3.45606 3.48095 3.42959 3.00012 3.28089 3.87793
3.1261 3.33554 2.997 3.21738 3.57691 3.53616 3.44129 3.01177 3.2938 3.94505
3.23103 3.47251 3.10228 3.34711 3.70161 3.57824 3.46161 3.03649 3.30403 4.02973
3.34132 3.60528 3.19683 3.4345 3.81932 3.58741 3.46956 3.04684 3.30999 4.06357
3.42808 3.70422 3.29284 3.47862 3.89513 3.59477 3.47632 3.05316 3.31601 4.06978
3.44962 3.75131 3.35536 3.49557 3.96519 3.60222 3.48317 3.05964 3.32209 4.07605
3.45917 3.76828 3.36904 3.50154 3.98494 3.6097 3.49005 3.06618 3.32814 4.08237
3.46502 3.7739 3.37568 3.50631 3.99011 3.61718 3.49686 3.07276 3.33421 4.08873
3.47017 3.77932 3.38051 3.51109 3.9946 3.62468 3.50354 3.07653 3.3403 4.0951
3.47535 3.78473 3.38539 3.51589 3.99904 3.63222 3.51024 3.08594 3.34642 4.10151
3.48059 3.79018 3.39027 3.52069 4.00346 3.63981 3.51699 3.09259 3.35252 4.10791
3.48581 3.79569 3.39523 3.52553 4.00793 3.64737 3.52373 3.09921 3.35866 4.11433
3.4911 3.80119 3.40014 3.5304 4.01238 3.65501 3.53055 3.10588 3.3648 4.12077
3.49637 3.80671 3.40512 3.53527 4.01682 3.66267 3.53735 3.11256 3.37096 4.12725
