3.26425 3.63686 3.4451 3.64457 3.71879 3.57139 3.98701 4.014 3.82091 3.90721
3.26565 3.64386 3.44619 3.64553 3.72571 3.57138 3.98719 4.01967 3.8209 3.91533
3.27374 3.65645 3.454 3.65225 3.75188 3.572 3.9881 4.03191 3.82124 3.92648
3.2945 3.69906 3.48015 3.68204 3.82362 3.58123 3.98831 4.05296 3.82812 3.94621
3.37653 3.81909 3.56548 3.7608 3.95359 3.61718 3.98927 4.07915 3.86112 4.0087
3.52705 3.98445 3.69192 3.90244 4.10974 3.68292 3.99095 4.10183 3.92428 4.11246
3.68188 4.13304 3.81592 4.05858 4.22434 3.73999 3.99091 4.12228 3.96411 4.2018
3.81184 4.25183 3.91059 4.12547 4.27259 3.77118 3.99079 4.13352 3.98857 4.208
3.92519 4.3471 3.97606 4.14282 4.28108 3.78755 3.99066 4.13452 4.00081 4.20788
3.99607 4.39794 4.01545 4.15204 4.30872 3.79596 3.99061 4.13443 4.0056 4.2078
4.034 4.42286 4.02963 4.15813 4.31334 3.79898 3.99054 4.13434 4.0061 4.2077
4.07618 4.43043 4.03651 4.16042 4.31483 3.79891 3.99051 4.13429 4.00601 4.20765
4.08765 4.43199 4.03675 4.1615 4.31494 3.79889 3.9905 4.13425 4.00599 4.20762
4.08796 4.43204 4.03673 4.1615 4.31493 3.79887 3.9905 4.13425 4.00597 4.20762
4.08795 4.43203 4.03671 4.16149 4.31492 3.79887 3.9905 4.13426 4.00597 4.2076
4.08793 4.43203 4.0367 4.16148 4.31492 3.79887 3.9905 4.13426 4.00597 4.2076
4.07162 4.43203 4.0367 4.16148 4.31492 3.79886 3.99049 4.13426 4.00597 4.2076
4.08793 4.43202 4.0367 4.16148 4.31489 3.79886 3.99048 4.13425 4.00597 4.2076
4.08792 4.43202 4.0367 4.16148 4.31489 3.79886 3.99049 4.13425 4.00597 4.2076
4.08791 4.43202 4.0367 4.16148 4.31489 3.79887 3.99049 4.13425 4.00595 4.2076
4.08791 4.43202 4.0367 4.16148 4.31489 3.79887 3.99049 4.13425 4.00595 4.2076
