2.59407 2.52325 2.67282 2.47969 2.91838 2.826 3.00701 2.78243 2.66163 3.48907
2.59987 2.52979 2.6817 2.48608 2.92526 2.83241 3.01439 2.78844 2.66751 3.49591
2.60193 2.53962 2.69307 2.49942 2.9328 2.83899 3.02656 2.79416 2.67333 3.50293
2.61378 2.5536 2.7101 2.5244 2.94171 2.84581 3.04512 2.8001 2.67984 3.51086
2.62827 2.5822 2.73891 2.55842 2.98119 2.85279 3.06962 2.80657 2.68596 3.52035
2.65745 2.62741 2.78474 2.60531 3.04241 2.85996 3.09337 2.81408 2.692 3.54519
2.75236 2.70958 2.87219 2.67985 3.14 2.87057 3.12175 2.82595 2.69816 3.58131
2.85341 2.82896 2.96502 2.76114 3.25716 2.888 3.15504 2.84578 2.7108 3.61153
2.95278 2.94581 3.03645 2.83815 3.40234 2.89868 3.17558 2.8561 2.72088 3.62337
3.04865 3.06446 3.07946 2.90023 3.52187 2.90464 3.1826 2.86103 2.72598 3.6312
3.14284 3.16262 3.11987 2.94989 3.61323 2.91008 3.18829 2.86576 2.73106 3.63755
3.21538 3.23144 3.14041 2.98191 3.68473 2.91549 3.1938 2.8705 2.73617 3.6429
3.27566 3.26164 3.14617 2.9971 3.72606 2.92097 3.19924 2.8752 2.7413 3.64799
3.28353 3.2751 3.15048 3.00374 3.74265 2.92652 3.20473 2.87999 2.74655 3.65298
3.30302 3.28015 3.15438 3.00728 3.74757 2.93213 3.21025 2.88484 2.75186 3.65803
3.30732 3.28465 3.15837 3.0109 3.75219 2.9378 3.21586 2.88976 2.75724 3.66311
3.31173 3.28922 3.16238 3.01458 3.7568 2.94353 3.22151 2.89472 2.76267 3.66825
3.3161 3.29384 3.1664 3.01834 3.76127 2.94931 3.22717 2.89974 2.76814 3.6734
3.30808 3.29841 3.17044 3.02205 3.76576 2.95509 3.23284 2.90475 2.77363 3.67859
3.32475 3.30296 3.17438 3.02575 3.77022 2.96084 3.2385 2.90969 2.77915 3.68375
3.32896 3.30753 3.17837 3.02942 3.77463 2.96651 3.24412 2.91464 2.78458 3.68886
