2.85621 3.09768 2.64692 2.85316 2.9985 3.07208 3.13732 2.7356 2.81293 3.08146
2.85716 3.1049 2.6471 2.85407 2.99996 3.07235 3.13717 2.73554 2.81296 3.08302
2.86269 3.12065 2.65255 2.86121 3.01452 3.07397 3.13745 2.73608 2.81314 3.08625
2.88162 3.15529 2.66637 2.88998 3.06252 3.07844 3.14373 2.7374 2.8136 3.08991
2.93479 3.22141 2.72872 2.96446 3.1711 3.08403 3.16765 2.73993 2.8137 3.09548
3.0077 3.28092 2.83091 3.03343 3.30837 3.09156 3.18597 2.74225 2.81346 3.09972
3.06247 3.31692 2.91907 3.08199 3.41688 3.09333 3.18745 2.74213 2.81319 3.09947
3.09148 3.33846 2.97713 3.10881 3.5008 3.09312 3.18716 2.74188 2.81293 3.09924
3.10984 3.3493 3.01395 3.12441 3.54746 3.09295 3.18695 2.74171 2.81273 3.09905
3.12124 3.35277 3.02965 3.13087 3.56865 3.09285 3.18685 2.7416 2.81263 3.09896
3.12615 3.35342 3.03546 3.13216 3.57677 3.09276 3.18673 2.74153 2.81251 3.09887
3.1272 3.35363 3.03847 3.13216 3.5789 3.09271 3.1867 2.74151 2.81246 3.09885
3.12724 3.3536 3.03854 3.13214 3.57976 3.09271 3.18667 2.74149 2.81242 3.09882
3.12721 3.3536 3.03853 3.13214 3.57975 3.09271 3.18665 2.74149 2.81242 3.09882
3.12721 3.35359 3.03853 3.13213 3.57973 3.09269 3.18664 2.74149 2.81242 3.09882
3.12721 3.35357 3.0385 3.13211 3.57974 3.09269 3.18664 2.74148 2.81243 3.09881
3.12719 3.35357 3.0385 3.1321 3.57974 3.09268 3.18664 2.74146 2.81241 3.0988
3.1272 3.35359 3.03849 3.1321 3.57972 3.09266 3.18663 2.74145 2.81241 3.09879
3.1272 3.3536 3.03851 3.13211 3.5797 3.09267 3.18661 2.74145 2.8124 3.09879
3.1272 3.3536 3.03853 3.13213 3.57969 3.09268 3.18663 2.74146 2.81239 3.0988
3.12721 3.3536 3.03852 3.13213 3.57972 3.09269 3.18664 2.74148 2.81241 3.0988
