3.02184 3.06407 2.86088 3.06291 3.34719 3.28709 3.34296 3.1021 3.09089 3.81985
3.02894 3.07235 2.87154 3.07322 3.36004 3.29465 3.35127 3.11051 3.09784 3.82918
3.0368 3.08162 2.8874 3.08516 3.38094 3.3023 3.36135 3.11926 3.1049 3.83974
3.04834 3.09254 2.9064 3.1014 3.40639 3.31228 3.36949 3.12885 3.11312 3.85551
3.08254 3.10862 2.93169 3.13539 3.44918 3.32218 3.37751 3.13856 3.12111 3.8797
3.13761 3.16812 2.96271 3.19728 3.50292 3.33016 3.38549 3.14829 3.12896 3.91043
3.23263 3.28386 3.04966 3.27693 3.60213 3.34342 3.39634 3.16536 3.13693 3.96833
3.33171 3.40303 3.14424 3.36304 3.70111 3.36161 3.41255 3.19997 3.14644 4.05317
3.40041 3.48613 3.21702 3.43019 3.80024 3.37442 3.42519 3.22308 3.15304 4.10067
3.44663 3.54598 3.2722 3.48017 3.87225 3.38104 3.43203 3.23251 3.15926 4.10984
3.48229 3.58835 3.31695 3.51898 3.94617 3.38741 3.43883 3.2395 3.16552 4.1161
3.50196 3.61373 3.33729 3.54713 4.00242 3.39359 3.4454 3.24637 3.17164 4.12234
3.51155 3.62525 3.34662 3.56352 4.02343 3.39994 3.45214 3.25343 3.17792 4.12865
3.5164 3.63159 3.3533 3.57295 4.0294 3.40646 3.459 3.26066 3.18429 4.13506
3.52104 3.63709 3.35815 3.57969 4.03435 3.41299 3.46592 3.26795 3.19069 4.14148
3.52574 3.64263 3.36307 3.58598 4.03932 3.41958 3.47286 3.27528 3.19715 4.14776
3.53034 3.64816 3.36798 3.59117 4.04432 3.42617 3.47982 3.28264 3.2036 4.15398
3.53494 3.65373 3.37289 3.59601 4.04931 3.43279 3.48676 3.28999 3.21007 4.1602
3.53949 3.65861 3.37775 3.60081 4.05423 3.43938 3.49373 3.29734 3.21653 4.16638
3.54405 3.66475 3.38265 3.60565 4.05924 3.44597 3.50074 3.30467 3.223 4.1726
3.54863 3.6703 3.38755 3.61116 4.06425 3.45257 3.50772 3.31205 3.22948 4.17879
