3.60202 3.98718 3.3783 3.95331 4.07637 3.84857 4.01828 3.36366 3.7118 4.57403
3.60344 3.99428 3.38545 3.96826 4.09395 3.84822 4.01815 3.36351 3.7116 4.57742
3.63338 4.01817 3.40774 4.03443 4.12844 3.84776 4.01774 3.36305 3.71109 4.58573
3.76595 4.20638 3.5692 4.10719 4.28364 3.84697 4.01725 3.3625 3.71066 4.59333
3.77507 4.25469 3.76212 4.10979 4.4411 3.84618 4.01678 3.36176 3.71019 4.59249
3.77472 4.25449 3.78069 4.10955 4.44153 3.84568 4.01648 3.36133 3.71005 4.59213
3.77457 4.25433 3.78059 4.10941 4.44138 3.84552 4.01626 3.36115 3.70999 4.592
3.77449 4.2542 3.78048 4.10936 4.44124 3.84541 4.01611 3.36101 3.7099 4.59191
3.77443 4.25413 3.78041 4.10932 4.44115 3.84535 4.01605 3.36093 3.70985 4.59185
3.77443 4.25412 3.78041 4.10931 4.44116 3.84533 4.01605 3.36093 3.70985 4.59185
3.77443 4.25412 3.78041 4.10931 4.44116 3.84533 4.01605 3.36093 3.70985 4.59185
3.77443 4.25411 3.78041 4.1093 4.44116 3.84533 4.01605 3.36093 3.70985 4.59185
3.77443 4.25411 3.78041 4.1093 4.44116 3.84532 4.01605 3.36093 3.70985 4.59185
3.77443 4.25411 3.78041 4.1093 4.44116 3.84532 4.01605 3.36093 3.70985 4.59185
3.77443 4.25411 3.78041 4.1093 4.44116 3.84532 4.01605 3.36093 3.70985 4.59185
3.77443 4.25411 3.78041 4.1093 4.44116 3.84532 4.01605 3.36093 3.70985 4.59185
3.77443 4.25411 3.78041 4.1093 4.44116 3.84532 4.01605 3.36093 3.70985 4.59185
3.77443 4.25411 3.78041 4.1093 4.44116 3.84532 4.01605 3.36093 3.70985 4.59185
3.77443 4.25411 3.78041 4.1093 4.44116 3.84532 4.01605 3.36093 3.70985 4.59185
3.77443 4.25411 3.78041 4.1093 4.44116 3.84532 4.01605 3.36093 3.70985 4.59185
3.77443 4.25411 3.78041 4.1093 4.44116 3.84532 4.01605 3.36093 3.70985 4.59185
