2.67738 2.62272 2.75215 2.55642 3.04281 2.85482 2.96691 2.84774 2.73369 3.47095
2.67748 2.62652 2.75685 2.56423 3.04836 2.85528 2.96732 2.84774 2.73363 3.47088
2.68062 2.64948 2.77431 2.58282 3.0718 2.85576 2.96911 2.84779 2.73359 3.47224
2.70323 2.69868 2.8138 2.61026 3.11678 2.85608 2.97323 2.84905 2.73392 3.47607
2.77915 2.78108 2.8914 2.66596 3.21879 2.85719 2.98081 2.85346 2.73696 3.47867
2.88907 2.90675 2.96187 2.73148 3.36393 2.8588 2.9855 2.85769 2.74182 3.48198
2.99491 3.02711 3.00925 2.77436 3.47275 2.85877 2.98533 2.85883 2.74222 3.48465
3.07416 3.1031 3.03601 2.7954 3.54894 2.85847 2.98509 2.85856 2.74193 3.4852
3.12533 3.13985 3.0548 2.80878 3.60044 2.85821 2.98492 2.85835 2.74168 3.48507
3.15085 3.15611 3.06426 2.81362 3.63385 2.85808 2.98485 2.85821 2.74154 3.485
3.16124 3.16388 3.06703 2.81537 3.65182 2.85796 2.98478 2.85811 2.74142 3.48493
3.16314 3.16596 3.06709 2.81546 3.65643 2.85791 2.98472 2.85804 2.74136 3.4849
3.16324 3.16619 3.06706 2.81545 3.65711 2.85788 2.98473 2.85802 2.74136 3.48488
3.16322 3.16616 3.06706 2.81544 3.65707 2.85787 2.98471 2.85801 2.74135 3.48488
3.1632 3.16616 3.06703 2.81544 3.65706 2.85787 2.98471 2.858 2.74133 3.48485
3.16318 3.16615 3.06703 2.81542 3.65706 2.85787 2.98471 2.85799 2.74132 3.48483
3.16317 3.16615 3.06703 2.81542 3.65707 2.85787 2.98471 2.858 2.74132 3.48482
3.16318 3.16614 3.06704 2.81542 3.65707 2.85785 2.98469 2.858 2.74131 3.48484
3.1632 3.16614 3.06705 2.81541 3.65706 2.85785 2.98469 2.85798 2.7413 3.48485
3.1632 3.16614 3.06705 2.81539 3.65706 2.85786 2.98469 2.85799 2.74133 3.48484
3.1632 3.16615 3.06705 2.81543 3.65707 2.85787 2.98471 2.858 2.74133 3.48485
