2.60805 2.92125 2.78896 2.83863 3.06155 2.9685 3.21886 3.27125 2.99796 3.3699
2.61441 2.92989 2.79555 2.8462 3.06914 2.97628 3.22678 3.28073 3.00481 3.37745
2.62119 2.94149 2.80307 2.85491 3.0831 2.98446 3.23393 3.29146 3.01274 3.39001
2.63395 2.95793 2.81161 2.86511 3.10115 2.99386 3.24364 3.30279 3.02042 3.40889
2.65289 2.98265 2.82988 2.8756 3.14402 3.0039 3.25356 3.31474 3.03226 3.43157
2.69277 3.03928 2.86592 2.90927 3.2095 3.01589 3.26561 3.32741 3.04943 3.46502
2.7691 3.15799 2.95998 2.99657 3.30443 3.03826 3.27839 3.37644 3.0903 3.52319
2.87128 3.30178 3.06584 3.10846 3.42291 3.08667 3.28838 3.43038 3.14296 3.59875
2.98445 3.45274 3.17151 3.24033 3.53353 3.14845 3.30239 3.46146 3.21231 3.62709
3.09374 3.5801 3.27865 3.36048 3.60635 3.20152 3.30914 3.47804 3.27139 3.63606
3.22882 3.7025 3.37367 3.4592 3.64913 3.24345 3.31525 3.49097 3.32658 3.64186
3.36514 3.79064 3.45097 3.51765 3.67587 3.26083 3.32132 3.49787 3.36012 3.64765
3.4566 3.82296 3.49781 3.54415 3.68918 3.26824 3.32742 3.50444 3.38499 3.65343
3.52329 3.83412 3.52267 3.55241 3.69637 3.27455 3.33359 3.51104 3.39565 3.65915
3.56338 3.83963 3.53016 3.55725 3.70063 3.2809 3.33978 3.51768 3.40147 3.66481
3.57305 3.84497 3.53469 3.56197 3.70491 3.2873 3.34602 3.52433 3.40737 3.67047
3.57823 3.85029 3.53925 3.56675 3.70925 3.29377 3.35232 3.53108 3.41333 3.67618
3.58341 3.85568 3.54382 3.57155 3.71358 3.30024 3.35863 3.53768 3.41929 3.68171
3.58862 3.86105 3.54839 3.57637 3.71787 3.28231 3.36493 3.54421 3.42517 3.68727
3.59374 3.86632 3.55293 3.58103 3.72221 3.3132 3.37125 3.55074 3.43086 3.69274
3.59882 3.87165 3.55748 3.58579 3.72651 3.31962 3.37749 3.55722 3.43656 3.6982
