3.29711 3.22864 3.26998 2.99745 3.27454 3.31071 3.12966 3.06145 3.19057 3.51108
3.30751 3.24642 3.27978 3.00569 3.28291 3.31784 3.13713 3.0682 3.19843 3.51999
3.33311 3.27347 3.2908 3.02042 3.29519 3.32496 3.14456 3.07489 3.20623 3.53216
3.37377 3.30424 3.30836 3.04694 3.31517 3.33194 3.15197 3.08153 3.21405 3.54511
3.42146 3.34441 3.33371 3.07759 3.36534 3.33884 3.15937 3.08817 3.22186 3.56736
3.48247 3.40683 3.40624 3.1412 3.46287 3.34589 3.16674 3.09474 3.22964 3.5963
3.56487 3.48499 3.54378 3.21051 3.61022 3.35284 3.1741 3.10128 3.23738 3.63264
3.63104 3.52797 3.67553 3.25903 3.74948 3.35976 3.18148 3.1078 3.24509 3.64672
3.6618 3.5474 3.75419 3.37861 3.84058 3.36673 3.18886 3.11436 3.2528 3.65403
3.67247 3.5619 3.78203 3.43286 3.86695 3.37366 3.19613 3.12092 3.26053 3.66131
3.6775 3.56798 3.79125 3.44148 3.87219 3.38065 3.20343 3.12753 3.26829 3.66843
3.68246 3.57286 3.79718 3.44658 3.8773 3.38777 3.21073 3.11109 3.27614 3.67563
3.6875 3.57781 3.80319 3.45177 3.88243 3.39492 3.21818 3.14104 3.28405 3.68288
3.69255 3.58274 3.80921 3.45694 3.88752 3.40206 3.22566 3.14786 3.29196 3.69015
3.6976 3.58771 3.81523 3.46211 3.89263 3.4092 3.23313 3.15466 3.29987 3.69726
3.70265 3.59264 3.82124 3.4673 3.89775 3.41635 3.24061 3.16147 3.30777 3.70434
3.70771 3.5976 3.82727 3.47249 3.90286 3.42351 3.24811 3.16827 3.31569 3.7114
3.71275 3.60255 3.8333 3.47768 3.90797 3.43065 3.25558 3.17508 3.32362 3.71849
3.71778 3.60747 3.83931 3.48287 3.91306 3.4378 3.26306 3.18189 3.33153 3.72547
3.72285 3.61242 3.84533 3.48805 3.91818 3.44496 3.27047 3.18869 3.33945 3.73235
3.72787 3.61733 3.85134 3.49326 3.92328 3.45208 3.27775 3.19548 3.34735 3.73919
