3.49894 4.04466 3.30704 3.51131 3.74626 3.71969 3.54553 4.12825 3.67435 4.13593
3.49902 4.0547 3.31543 3.51733 3.74831 3.72051 3.54555 4.12867 3.67425 4.13602
3.50018 4.08649 3.33345 3.53584 3.76667 3.72205 3.54569 4.13069 3.67412 4.13624
3.51208 4.14457 3.37025 3.5818 3.81486 3.72393 3.5477 4.13394 3.674 4.14487
3.58962 4.23866 3.45176 3.68503 3.91331 3.72651 3.54855 4.13996 3.67387 4.15567
3.69937 4.32673 3.55843 3.81849 4.05715 3.72739 3.54844 4.14713 3.67372 4.16741
3.77122 4.36825 3.65915 3.93508 4.18646 3.72798 3.54832 4.15118 3.67358 4.16921
3.80854 4.38993 3.73066 3.97782 4.24162 3.72784 3.54819 4.15153 3.67345 4.16905
3.83371 4.401 3.78081 4.0005 4.25715 3.72771 3.54806 4.15141 3.67334 4.1689
3.84507 4.40561 3.82026 4.01055 4.26752 3.72761 3.54798 4.15134 3.67328 4.16882
3.84912 4.40714 3.85347 4.01429 4.27564 3.7275 3.54789 4.15127 3.67318 4.16874
3.84983 4.40758 3.89195 4.01558 4.27918 3.72744 3.54786 4.15123 3.67311 4.16869
3.8498 4.40756 3.92213 4.01576 4.28021 3.7274 3.54784 4.1512 3.6731 4.16868
3.84977 4.40756 3.92543 4.01575 4.28018 3.72739 3.54781 4.1512 3.67309 4.16867
3.84977 4.40756 3.92541 4.01573 4.28018 3.72739 3.54779 4.1512 3.67309 4.16865
3.84977 4.40756 3.9254 4.01572 4.28017 3.72738 3.54779 4.1512 3.67307 4.16865
3.84977 4.40755 3.92539 4.01571 4.28017 3.72738 3.54779 4.15119 3.67308 4.16864
3.84976 4.40755 3.9254 4.01572 4.28016 3.72738 3.54779 4.15119 3.67307 4.16863
3.84976 4.40756 3.9254 4.01572 4.28016 3.72738 3.54779 4.15118 3.67307 4.16862
3.84977 4.40756 3.92539 4.01572 4.28016 3.72737 3.54779 4.15118 3.67306 4.16861
3.84977 4.40756 3.92539 4.01571 4.28016 3.72737 3.54779 4.15118 3.67306 4.16863
