2.56901 2.51544 2.66999 2.4843 2.95763 2.72019 2.92756 2.67174 2.63846 3.20908
2.56972 2.52633 2.67839 2.49275 2.97999 2.72017 2.93091 2.67191 2.63844 3.20939
2.59176 2.56804 2.718 2.53899 3.02593 2.72076 2.94072 2.67846 2.63919 3.21322
2.70029 2.67035 2.82314 2.63439 3.14654 2.72893 2.95789 2.68975 2.64747 3.22121
2.88966 2.87599 2.95398 2.77246 3.34735 2.74611 2.97058 2.6968 2.66728 3.22959
3.03825 3.04629 3.04003 2.8435 3.5134 2.74492 2.96976 2.69588 2.66749 3.23065
3.13674 3.14338 3.07837 2.85328 3.61062 2.74469 2.96958 2.69566 2.66728 3.23052
3.1677 3.16178 3.08188 2.85462 3.63985 2.74467 2.9696 2.69565 2.66727 3.23052
3.16896 3.16371 3.08186 2.85467 3.64135 2.7447 2.96961 2.69568 2.66732 3.23054
3.16898 3.16305 3.08189 2.85467 3.64135 2.74477 2.96962 2.69569 2.66738 3.23056
3.16902 3.16309 3.08191 2.86756 3.64138 2.74479 2.96966 2.69574 2.66743 3.23057
3.16894 3.16306 3.08184 2.86752 3.64133 2.74477 2.96964 2.69571 2.66739 3.23052
3.16877 3.16292 3.08175 2.86742 3.64125 2.74463 2.96953 2.69563 2.66725 3.23045
3.16873 3.16284 3.0817 2.86734 3.64119 2.74456 2.96951 2.69557 2.66717 3.23043
3.16877 3.16284 3.08174 2.86734 3.64122 2.74459 2.96951 2.69555 2.66721 3.23045
3.16888 3.16294 3.08181 2.86741 3.64129 2.74468 2.96959 2.69565 2.66729 3.23051
3.16899 3.16303 3.08189 2.86754 3.64139 2.74476 2.96963 2.69572 2.66737 3.23058
3.16902 3.16309 3.08193 2.86756 3.6414 2.74479 2.96966 2.69576 2.6674 3.23058
3.16902 3.16309 3.08193 2.86756 3.6414 2.74479 2.96966 2.69576 2.6674 3.23058
3.16902 3.16309 3.08193 2.86756 3.6414 2.74479 2.96966 2.69576 2.6674 3.23058
3.16902 3.16309 3.08193 2.86756 3.6414 2.74479 2.96966 2.69576 2.6674 3.23058
