3.23142 3.23711 3.07614 3.02613 3.40162 3.36042 3.04054 2.96449 2.5657 3.76559
3.24379 3.24748 3.08272 3.03478 3.40905 3.3669 3.04792 2.9718 2.57127 3.77358
3.26156 3.26593 3.0921 3.04646 3.41774 3.37353 3.05558 2.97926 2.57685 3.78182
3.28553 3.29732 3.10391 3.06237 3.43673 3.38051 3.06363 2.98713 2.58269 3.79135
3.31791 3.33657 3.13908 3.08926 3.47131 3.38729 3.07133 2.9949 2.59003 3.80141
3.3719 3.39026 3.19484 3.13471 3.56004 3.39563 3.07894 3.00279 2.59681 3.81108
3.43898 3.47178 3.27007 3.20871 3.67762 3.40408 3.0875 3.01144 2.60397 3.83001
3.50231 3.55742 3.34505 3.28521 3.80142 3.42143 3.09726 3.02956 2.61146 3.84464
3.54644 3.62347 3.40256 3.34848 3.91466 3.42915 3.11356 3.04349 2.61634 3.85698
3.57839 3.67236 3.44776 3.39226 4.00046 3.43472 3.1204 3.05318 2.62128 3.86391
3.6068 3.70975 3.4796 3.42384 4.06527 3.44031 3.12675 3.06021 2.62625 3.87072
3.62439 3.73893 3.50507 3.44911 4.10467 3.44591 3.13303 3.06776 2.63116 3.87748
3.63378 3.75606 3.51946 3.46182 4.1177 3.45167 3.13949 3.07451 2.6362 3.88434
3.64018 3.76745 3.52923 3.4736 4.12283 3.45756 3.14613 3.08113 2.64142 3.89131
3.64465 3.77557 3.53696 3.48092 4.12764 3.46343 3.15283 3.0878 2.64667 3.8983
3.64912 3.78075 3.54367 3.4892 4.13236 3.46937 3.15955 3.09447 2.65198 3.90533
3.65363 3.78574 3.54848 3.49787 4.13709 3.47533 3.1663 3.1012 2.6573 3.9123
3.65812 3.79075 3.55327 3.50714 4.14177 3.48129 3.17308 3.10798 2.66266 3.91914
3.66258 3.79571 3.55804 3.51621 4.14644 3.48724 3.17984 3.11471 2.66796 3.92599
3.66706 3.8007 3.56286 3.52778 4.15111 3.49322 3.18665 3.12149 2.67333 3.93265
3.67156 3.80574 3.56767 3.53809 4.15578 3.49917 3.19345 3.12828 2.67866 3.93921
