3.4246 3.96797 3.1971 3.425 3.63503 3.75328 3.54571 4.11193 3.73306 4.182
3.42465 3.97984 3.20441 3.43184 3.6362 3.75419 3.54576 4.11219 3.733 4.18248
3.42648 4.01853 3.21997 3.44938 3.64891 3.75627 3.54608 4.11417 3.73302 4.18352
3.43371 4.09665 3.24796 3.49408 3.7056 3.75951 3.54915 4.12012 3.73323 4.18554
3.48841 4.21437 3.3212 3.59175 3.80907 3.76909 3.55384 4.12824 3.73424 4.19394
3.59143 4.30095 3.42366 3.74781 3.93526 3.78234 3.55476 4.13636 3.73435 4.22733
3.67196 4.35173 3.52473 3.90711 4.06821 3.78696 3.55465 4.14093 3.73423 4.24923
3.71734 4.38016 3.59701 3.98572 4.17397 3.78678 3.55451 4.14147 3.7081 4.24936
3.74443 4.39216 3.64869 4.02349 4.19888 3.78668 3.5544 4.14136 3.734 4.24921
3.76018 4.39909 3.68855 4.03876 4.20953 3.78659 3.55432 4.1413 3.73395 4.24913
3.76537 4.40318 3.72095 4.04681 4.2178 3.78648 3.55423 4.1069 3.73385 4.24907
3.7654 4.40517 3.75638 4.05019 4.22073 3.78643 3.55416 4.14119 3.73381 4.24901
3.76537 4.4061 3.77751 4.05114 4.22108 3.78639 3.55414 4.14119 3.73378 4.249
3.76535 4.40609 3.77808 4.0511 4.22106 3.78638 3.55412 4.14118 3.73378 4.249
3.76534 4.40609 3.77808 4.0511 4.22104 3.78638 3.55411 4.14118 3.73378 4.249
3.76533 4.40609 3.77808 4.05109 4.22102 3.78638 3.55411 4.14118 3.73377 4.24898
3.76532 4.40608 3.77807 4.05108 4.22102 3.78638 3.55411 4.14118 3.73378 4.24899
3.7653 4.40607 3.77806 4.05109 4.22102 3.78638 3.55411 4.14118 3.73378 4.24899
3.7653 4.40608 3.77806 4.05109 4.22101 3.78638 3.55411 4.14118 3.73377 4.24897
3.7653 4.40608 3.77806 4.05107 4.22101 3.78638 3.55411 4.14118 3.73377 4.24897
3.7653 4.40608 3.77806 4.05107 4.22101 3.75802 3.5541 4.14118 3.73377 4.24897
