3.14005 3.15646 3.09702 3.12313 3.56214 3.20127 3.54953 3.04168 3.16518 3.93939
3.14361 3.16843 3.10168 3.13334 3.56273 3.20129 3.55003 3.04158 3.16513 3.93931
3.15103 3.19815 3.11385 3.15185 3.57205 3.20128 3.55178 3.04145 3.16511 3.93917
3.17921 3.25307 3.1456 3.19983 3.61198 3.20119 3.55592 3.04135 3.16511 3.93921
3.27827 3.36908 3.22397 3.27879 3.7284 3.20103 3.56322 3.04119 3.16544 3.94174
3.4039 3.51301 3.32003 3.34478 3.87201 3.20082 3.56805 3.04096 3.1658 3.94595
3.51805 3.60544 3.41929 3.3845 3.98683 3.20061 3.56794 3.04076 3.16561 3.94877
3.60112 3.65656 3.49634 3.40689 4.05957 3.20042 3.56779 3.04059 3.16542 3.94864
3.64993 3.68684 3.53159 3.418 4.11359 3.20026 3.56769 3.04045 3.16525 3.9485
3.667 3.7063 3.5444 3.42196 4.14506 3.20016 3.56763 3.04033 3.16513 3.94841
3.67626 3.71914 3.54814 3.42252 4.16189 3.20003 3.56756 3.04026 3.16501 3.94834
3.67898 3.72437 3.54981 3.42242 4.16867 3.19993 3.56752 3.04016 3.16493 3.94829
3.6807 3.72496 3.54998 3.42237 4.17145 3.19991 3.56751 3.04011 3.16489 3.94827
3.68081 3.72495 3.54996 3.42237 4.17145 3.1999 3.5675 3.04011 3.16486 3.94825
3.6808 3.72494 3.54996 3.42235 4.17143 3.19989 3.5675 3.04011 3.16486 3.94825
3.6808 3.72492 3.54995 3.42234 4.1714 3.19989 3.5675 3.0401 3.16486 3.94825
3.68078 3.72493 3.54995 3.42235 4.1714 3.19988 3.5675 3.0401 3.16486 3.94825
3.68078 3.72492 3.54995 3.42234 4.17139 3.19988 3.5675 3.04009 3.16485 3.94824
3.68079 3.72493 3.54995 3.42233 4.17139 3.19989 3.56749 3.0401 3.16486 3.94824
3.68078 3.72491 3.54995 3.42233 4.1714 3.19988 3.56749 3.0401 3.16484 3.94823
3.68077 3.72491 3.54994 3.42234 4.1714 3.19988 3.56749 3.04009 3.16484 3.94824
