3.10778 3.43932 3.3711 3.47105 3.59689 3.59737 3.8293 3.90718 3.63043 3.69268
3.10879 3.44535 3.37294 3.4725 3.60326 3.59932 3.82967 3.91411 3.6305 3.69932
3.11796 3.46842 3.38139 3.47935 3.62665 3.60549 3.83059 3.92981 3.63053 3.71162
3.1409 3.51969 3.40915 3.5044 3.68261 3.61734 3.83109 3.95151 3.64134 3.74354
3.22042 3.62858 3.51283 3.56801 3.80755 3.64966 3.83244 3.98275 3.68667 3.80081
3.35787 3.79166 3.65683 3.6929 3.96156 3.72661 3.83415 4.01687 3.76922 3.88231
3.53741 3.95423 3.78677 3.83904 4.10218 3.79396 3.83404 4.04186 3.82805 3.99305
3.67986 4.0842 3.89971 3.97119 4.17659 3.82832 3.83388 4.05588 3.85501 4.10332
3.81204 4.18695 3.9744 4.04875 4.20541 3.84723 3.83378 4.05901 3.87136 4.10755
3.9136 4.26991 4.02399 4.05742 4.2175 3.85302 3.83371 4.05894 3.87808 4.10747
3.98778 4.30865 4.04582 4.06133 4.22422 3.85372 3.83363 4.05886 3.88031 4.10737
4.02684 4.32055 4.05371 4.0622 4.22655 3.85365 3.83358 4.05881 3.88026 4.10732
4.03958 4.32174 4.05767 4.06217 4.22685 3.85363 3.83359 4.05881 3.88021 4.1073
4.03988 4.32173 4.05765 4.06216 4.22682 3.85362 3.83357 4.05881 3.88021 4.10728
4.03987 4.32173 4.05764 4.06215 4.2268 3.85362 3.83356 4.0588 3.88021 4.10727
4.03986 4.32172 4.05764 4.06214 4.2268 3.85362 3.83356 4.0588 3.88021 4.10726
4.03985 4.32171 4.05764 4.06286 4.22679 3.85362 3.83356 4.05879 3.88021 4.10726
4.03985 4.32169 4.05764 4.06214 4.2268 3.85362 3.83355 4.05879 3.88021 4.10726
4.03986 4.32172 4.05763 4.06214 4.2268 3.85362 3.83355 4.0588 3.8802 4.10726
4.03984 4.32172 4.05763 4.06214 4.2268 3.85361 3.83355 4.0588 3.88021 4.10726
4.03984 4.32171 4.05763 4.06214 4.2268 3.82157 3.83355 4.0588 3.88021 4.10726
