3.05943 3.33181 2.77269 3.0504 3.20456 3.2867 3.44825 2.97666 3.0162 3.48111
3.0664 3.34048 2.78352 3.05716 3.21278 3.29341 3.4563 2.9699 3.02274 3.49124
3.07413 3.35413 2.79552 3.07239 3.22956 3.3001 3.46445 2.99214 3.03159 3.50221
3.0831 3.37486 2.80864 3.09043 3.24744 3.30771 3.47293 3.00139 3.0393 3.51375
3.10387 3.4144 2.82384 3.11271 3.26723 3.31578 3.48138 3.01613 3.04648 3.52561
3.14667 3.49858 2.84208 3.17207 3.31725 3.32266 3.49259 3.03115 3.05426 3.54569
3.23335 3.58651 2.92512 3.26402 3.42909 3.33058 3.50789 3.04592 3.06923 3.58158
3.32633 3.66317 3.0414 3.34914 3.55995 3.34459 3.53051 3.07404 3.07937 3.61583
3.391 3.71909 3.14597 3.4163 3.67273 3.35524 3.53988 3.08741 3.08524 3.63201
3.4445 3.76208 3.21727 3.46925 3.76572 3.36202 3.54673 3.09137 3.09072 3.63908
3.48514 3.78832 3.28842 3.50973 3.82508 3.36837 3.5537 3.09817 3.09621 3.64511
3.51341 3.79779 3.33407 3.5318 3.85104 3.37442 3.56056 3.10391 3.10162 3.65115
3.531 3.80311 3.35309 3.5419 3.86418 3.3806 3.56754 3.1098 3.10721 3.65731
3.54057 3.80768 3.36461 3.5468 3.87187 3.38683 3.57466 3.11579 3.11292 3.66345
3.54786 3.81231 3.37012 3.55146 3.87685 3.39312 3.58182 3.12086 3.11867 3.66961
3.55248 3.81699 3.37567 3.55619 3.88187 3.39945 3.589 3.12696 3.12445 3.67575
3.5571 3.82168 3.38125 3.56092 3.88691 3.40579 3.59624 3.13411 3.1303 3.68196
3.56175 3.82631 3.38683 3.56563 3.89195 3.41213 3.60346 3.13921 3.13613 3.68816
3.56635 3.83094 3.39238 3.57032 3.89693 3.41847 3.61067 3.14635 3.14199 3.69435
3.57094 3.83558 3.39792 3.57498 3.90192 3.42481 3.61776 3.1525 3.14784 3.70053
3.57556 3.84025 3.40349 3.5797 3.90692 3.43115 3.62478 3.15863 3.15367 3.70672
