2.83885 2.85072 2.81781 2.57009 2.83715 3.15115 3.00121 2.95939 3.06468 3.13914
2.84748 2.85814 2.82582 2.57684 2.84448 3.15922 3.01056 2.96767 3.07402 3.14764
2.86115 2.86627 2.83554 2.58411 2.85238 3.16969 3.02076 2.97611 3.08346 3.15725
2.8789 2.88231 2.84579 2.59393 2.86018 3.18192 3.03562 2.98474 3.09315 3.16872
2.90835 2.91052 2.85693 2.61014 2.86985 3.19599 3.05161 2.99471 3.10692 3.18131
2.94753 2.95033 2.87008 2.63322 2.88576 3.2108 3.06738 3.01279 3.12281 3.19726
2.99624 2.99488 2.91491 2.67522 2.92354 3.22672 3.08179 3.04464 3.1358 3.22101
3.07155 3.07275 2.9911 2.7364 2.99761 3.23924 3.09708 3.0761 3.1558 3.28037
3.19867 3.1819 3.11752 2.84882 3.122 3.25705 3.13775 3.11448 3.19667 3.36382
3.32797 3.28353 3.26118 2.98246 3.27833 3.26813 3.18282 3.15001 3.21329 3.43748
3.43241 3.3549 3.39636 3.09518 3.44462 3.27401 3.19716 3.15688 3.22131 3.45509
3.50929 3.40618 3.5143 3.22586 3.60013 3.27971 3.20418 3.16309 3.22859 3.46245
3.55972 3.44184 3.58108 3.34151 3.7122 3.28551 3.21121 3.16937 3.23587 3.46929
3.57678 3.4586 3.61977 3.35894 3.7454 3.29132 3.21824 3.17565 3.2432 3.47616
3.58518 3.46435 3.6369 3.36412 3.75268 3.29716 3.22659 3.18192 3.25054 3.48307
3.59028 3.46895 3.6428 3.36903 3.75795 3.30299 3.20295 3.18823 3.25787 3.48999
3.59541 3.47356 3.64844 3.37394 3.76321 3.30885 3.20988 3.19453 3.2652 3.49677
3.60054 3.4781 3.65413 3.3789 3.76842 3.31472 3.21678 3.20086 3.27258 3.50346
3.60571 3.48265 3.65983 3.38388 3.77368 3.32057 3.25302 3.2072 3.28002 3.51015
3.61089 3.4872 3.66555 3.38888 3.77896 3.32645 3.25997 3.21358 3.28746 3.5169
3.61608 3.4918 3.67131 3.39387 3.78426 3.33233 3.23761 3.22003 3.29495 3.52362
