3.36131 3.49444 3.19713 3.02328 3.38498 3.26284 3.28036 3.36666 3.26866 3.86259
3.36942 3.50309 3.21011 3.03179 3.39479 3.27008 3.28738 3.37444 3.27571 3.87058
3.37803 3.51296 3.23049 3.04863 3.40911 3.27732 3.29436 3.38212 3.28275 3.87867
3.38872 3.53995 3.25006 3.07553 3.42804 3.2844 3.30131 3.38972 3.2897 3.887
3.40151 3.59075 3.2756 3.11861 3.46378 3.2913 3.30824 3.39731 3.29664 3.89535
3.44552 3.67676 3.34286 3.1966 3.5373 3.29821 3.31508 3.40499 3.3035 3.9047
3.51549 3.77734 3.42476 3.32545 3.65665 3.30506 3.32196 3.41273 3.31039 3.91399
3.54749 3.83449 3.50009 3.47937 3.78005 3.31189 3.32878 3.42043 3.31728 3.92107
3.5587 3.85495 3.54738 3.59043 3.83346 3.31875 3.3356 3.42812 3.32421 3.9281
3.56563 3.86404 3.56684 3.60995 3.84301 3.32565 3.3425 3.43582 3.33119 3.93527
3.57068 3.87112 3.57307 3.61524 3.84807 3.33255 3.34941 3.44354 3.33817 3.94242
3.57583 3.87691 3.57827 3.62058 3.85313 3.33957 3.35639 3.45132 3.34518 3.94961
3.58103 3.88244 3.58354 3.62605 3.85829 3.34666 3.3634 3.45918 3.35229 3.95685
3.58628 3.88791 3.58879 3.63152 3.86347 3.35375 3.37043 3.46703 3.35942 3.96409
3.5915 3.8934 3.59407 3.63704 3.86862 3.36085 3.37747 3.47487 3.36654 3.97125
3.59674 3.89885 3.59934 3.64252 3.87378 3.36795 3.38451 3.48274 3.37364 3.97828
3.60198 3.90426 3.60459 3.648 3.87895 3.37503 3.39153 3.49056 3.38075 3.98529
3.6072 3.90955 3.60986 3.65348 3.88409 3.38212 3.39858 3.49813 3.38768 3.99235
3.61243 3.91486 3.61512 3.65896 3.88924 3.38921 3.4055 3.50572 3.39455 3.99934
3.6176 3.92017 3.6204 3.66445 3.89436 3.39631 3.41227 3.51331 3.40139 4.00639
3.62276 3.92546 3.62567 3.6699 3.89954 3.40341 3.41907 3.5209 3.40826 4.01343
