3.08023 3.32259 2.75104 3.09523 3.26399 3.04653 3.21845 2.86658 2.82572 3.2113
3.08023 3.32259 2.75104 3.09523 3.26399 3.04653 3.21845 2.86658 2.82572 3.2113
3.08023 3.32259 2.75104 3.09523 3.26399 3.04653 3.21845 2.86658 2.82572 3.2113
3.08023 3.32259 2.75104 3.09523 3.26399 3.04653 3.21845 2.86658 2.82572 3.2113
3.08023 3.32259 2.75104 3.09523 3.26399 3.04653 3.21845 2.86658 2.82572 3.2113
3.08023 3.32259 2.75104 3.09523 3.26399 3.04653 3.21845 2.86658 2.82572 3.2113
3.08023 3.32259 2.75104 3.09523 3.26399 3.04653 3.21845 2.86658 2.82572 3.2113
3.08023 3.32259 2.75104 3.09523 3.26399 3.04653 3.21845 2.86658 2.82572 3.2113
3.08023 3.32259 2.75104 3.09523 3.26399 3.04653 3.21845 2.86658 2.82572 3.2113
3.08023 3.32259 2.75104 3.09523 3.26399 3.04653 3.21845 2.86658 2.82572 3.2113
3.08023 3.32259 2.75104 3.09523 3.26399 3.04653 3.21845 2.86658 2.82572 3.2113
3.08023 3.32259 2.75104 3.09523 3.26399 3.04653 3.21845 2.86658 2.82572 3.2113
3.08023 3.32259 2.75104 3.09523 3.26399 3.04653 3.21845 2.86658 2.82572 3.2113
3.08023 3.32259 2.75104 3.09523 3.26399 3.04653 3.21845 2.86658 2.82572 3.2113
3.08023 3.32259 2.75104 3.09523 3.26399 3.04653 3.21845 2.86658 2.82572 3.2113
3.08023 3.32259 2.75104 3.09523 3.26399 3.04653 3.21845 2.86658 2.82572 3.2113
3.08023 3.32259 2.75104 3.09523 3.26399 3.04653 3.21845 2.86658 2.82572 3.2113
3.08023 3.32259 2.75104 3.09523 3.26399 3.04653 3.21845 2.86658 2.82572 3.2113
3.08023 3.32259 2.75104 3.09523 3.26399 3.04653 3.21845 2.86658 2.82572 3.2113
3.08023 3.32259 2.75104 3.09523 3.26399 3.04653 3.21845 2.86658 2.82572 3.2113
3.08023 3.32259 2.75104 3.09523 3.26399 3.04653 3.21845 2.86658 2.82572 3.2113
