3.42268 3.52434 3.44387 3.29989 3.95488 3.43006 3.90364 3.34858 3.32506 4.3301
3.43562 3.5379 3.45448 3.3096 3.96261 3.4369 3.91102 3.35519 3.33078 4.33627
3.45211 3.56371 3.46803 3.32487 3.97448 3.4436 3.91887 3.36178 3.33647 4.34278
3.47179 3.59864 3.48619 3.34883 3.9997 3.45019 3.92682 3.36847 3.34211 4.34952
3.51685 3.63506 3.52658 3.38586 4.05404 3.45684 3.93576 3.37575 3.34799 4.35649
3.61231 3.70036 3.59518 3.43582 4.15774 3.46379 3.94373 3.38314 3.35539 4.36499
3.71674 3.79213 3.67381 3.49038 4.28171 3.47092 3.95191 3.3916 3.3644 4.37633
3.80616 3.8786 3.74338 3.53403 4.37774 3.47733 3.9602 3.39987 3.3702 4.38696
3.87109 3.93684 3.78842 3.56419 4.44047 3.4836 3.96654 3.40619 3.3753 4.39395
3.9193 3.97132 3.82538 3.58107 4.4784 3.48987 3.97248 3.41237 3.38035 4.39952
3.94573 3.99625 3.85747 3.59113 4.51043 3.49616 3.97845 3.41857 3.38547 4.40515
3.96311 4.01306 3.8692 3.59649 4.52761 3.50259 3.98447 3.42482 3.39064 4.41082
3.97118 4.02041 3.87619 3.60056 4.53559 3.50908 3.99048 3.43116 3.3959 4.41655
3.97857 4.02581 3.88106 3.60465 4.5424 3.51567 3.99659 3.43756 3.40122 4.42233
3.98356 4.03089 3.88593 3.60875 4.54762 3.52224 4.00268 3.44403 3.40662 4.4281
3.98858 4.03601 3.89084 3.61285 4.5527 3.52886 4.00879 3.45047 3.41204 4.43391
3.99366 4.04112 3.89575 3.61698 4.55765 3.53547 4.01492 3.45696 3.41746 4.43973
3.99868 4.04627 3.90063 3.62111 4.56256 3.54212 4.02107 3.46343 3.42288 4.44555
4.00371 4.05138 3.90556 3.62527 4.56741 3.54875 4.02721 3.46987 3.42829 4.45134
4.00872 4.05651 3.91044 3.62936 4.57217 3.55535 4.03331 3.47632 3.43369 4.45714
4.01365 4.06161 3.91535 3.63348 4.57695 3.56195 4.03945 3.48279 3.43908 4.46294
