2.28366 2.69236 2.62912 2.60242 2.79407 2.32143 2.80748 2.626 2.57043 2.63119
2.29012 2.703 2.63669 2.60988 2.80358 2.3279 2.81946 2.63524 2.58066 2.64415
2.29727 2.71681 2.64665 2.62164 2.81917 2.33796 2.83655 2.64649 2.5944 2.66045
2.31171 2.73809 2.66483 2.63732 2.84599 2.34954 2.87284 2.6693 2.61713 2.67768
2.34544 2.77873 2.69876 2.66011 2.89334 2.38602 2.92768 2.71157 2.6721 2.71826
2.39869 2.87005 2.78058 2.73738 2.99169 2.47639 3.03725 2.7998 2.74177 2.79821
2.49621 3.01261 2.90375 2.85927 3.13528 2.60398 3.17973 2.92642 2.83614 2.92525
2.61523 3.19401 3.04935 3.00742 3.28321 2.75257 3.28391 3.07004 2.93726 3.08099
2.75638 3.36007 3.18491 3.14277 3.43719 2.87941 3.32223 3.23355 3.05357 3.27756
2.93124 3.53211 3.28981 3.29114 3.49972 3.01834 3.34067 3.35542 3.17101 3.43587
3.10818 3.66673 3.35218 3.41781 3.51194 3.10497 3.34685 3.3799 3.27063 3.53684
3.27093 3.69133 3.37468 3.43819 3.51723 3.13737 3.35118 3.38905 3.31047 3.54518
3.35235 3.696 3.38089 3.44276 3.52145 3.1447 3.35532 3.39416 3.33194 3.54948
3.35895 3.70071 3.38526 3.44722 3.52563 3.14888 3.35943 3.39866 3.33946 3.55382
3.36333 3.70539 3.38964 3.45168 3.52977 3.15302 3.36379 3.40314 3.34357 3.55809
3.36773 3.71008 3.39405 3.45612 3.53393 3.15721 3.36769 3.40763 3.34765 3.56233
3.37212 3.71476 3.39843 3.46058 3.53808 3.16136 3.37184 3.41212 3.35176 3.5665
3.37651 3.71943 3.40282 3.46505 3.5422 3.16554 3.37595 3.41661 3.35586 3.57068
3.38089 3.72406 3.40719 3.46949 3.54635 3.1697 3.38006 3.42111 3.35997 3.57482
3.38529 3.72874 3.41157 3.47395 3.55038 3.17382 3.38424 3.42561 3.36396 3.57899
3.38969 3.73338 3.41592 3.47838 3.55443 3.1779 3.38834 3.43011 3.36793 3.58317
