3.00681 3.40908 2.76688 3.0669 3.0828 3.35825 3.43687 2.89178 3.16887 3.48598
3.01404 3.41707 2.77489 3.07325 3.09042 3.3651 3.44582 2.89869 3.1755 3.49385
3.02184 3.43041 2.78293 3.0807 3.09963 3.3731 3.45551 2.9059 3.18244 3.50219
3.03055 3.44564 2.79127 3.09422 3.11019 3.38082 3.46571 2.91291 3.18949 3.51117
3.045 3.46455 2.80445 3.10859 3.12802 3.38846 3.47638 2.9202 3.19704 3.52245
3.06412 3.4983 2.81867 3.12188 3.15376 3.39697 3.48764 2.92755 3.20544 3.5376
3.09856 3.56125 2.83382 3.16414 3.19986 3.40512 3.50526 2.9361 3.21587 3.55531
3.15333 3.65699 2.87711 3.24744 3.29126 3.41282 3.54616 2.94408 3.22638 3.58439
3.25462 3.74724 2.99749 3.34613 3.42208 3.42374 3.58136 2.95162 3.23381 3.63154
3.35232 3.81205 3.12903 3.42417 3.55953 3.43753 3.60625 2.977 3.24066 3.6677
3.41854 3.87564 3.22346 3.48584 3.70574 3.44438 3.61321 2.99446 3.24625 3.6784
3.47621 3.91334 3.31592 3.53446 3.82152 3.45027 3.62005 3.0002 3.25186 3.68457
3.50336 3.92706 3.3581 3.56159 3.90358 3.45606 3.62699 3.00602 3.25753 3.69066
3.51415 3.93525 3.37756 3.5768 3.92294 3.4619 3.63395 3.0119 3.2632 3.69675
3.51985 3.94025 3.38494 3.58153 3.92899 3.46774 3.64093 3.01779 3.26894 3.70272
3.52487 3.94528 3.39034 3.58623 3.9342 3.47357 3.6479 3.0237 3.27464 3.7087
3.52994 3.95033 3.39577 3.59096 3.93944 3.47947 3.65487 3.02965 3.28036 3.71468
3.535 3.95538 3.40121 3.59572 3.9447 3.48535 3.66172 3.03564 3.28612 3.72068
3.54007 3.96044 3.4067 3.60049 3.94993 3.49127 3.6686 3.04162 3.29189 3.72673
3.54521 3.96553 3.41222 3.60531 3.95512 3.49726 3.67551 3.04764 3.29768 3.73285
3.55036 3.97061 3.41779 3.61013 3.96033 3.50324 3.68242 3.05366 3.30352 3.73887
