2.72011 2.73066 2.54593 2.66527 2.89178 3.12441 3.10154 2.83588 2.94745 3.25857
2.72612 2.7381 2.55274 2.67458 2.9004 3.1316 3.1083 2.84266 2.95331 3.26532
2.73315 2.74611 2.56494 2.68605 2.90983 3.14089 3.11546 2.84963 2.95925 3.27317
2.74089 2.75546 2.58277 2.6992 2.92486 3.15355 3.12316 2.85702 2.96559 3.28216
2.75072 2.76569 2.60389 2.71259 2.95227 3.16502 3.13602 2.86474 2.97454 3.29086
2.78606 2.80326 2.63033 2.75862 2.98956 3.17526 3.14766 2.87271 2.98338 3.30981
2.85546 2.89663 2.68954 2.83237 3.06081 3.19536 3.1609 2.88494 2.9955 3.35226
2.94824 3.01809 2.77201 2.94691 3.14989 3.23689 3.18799 2.92029 3.01046 3.43087
3.04457 3.13472 2.84978 3.06 3.25724 3.26255 3.20711 2.94291 3.01995 3.50699
3.11954 3.23733 2.91474 3.16904 3.35875 3.26885 3.21552 2.9531 3.02484 3.56876
3.17774 3.31666 2.97315 3.23243 3.46814 3.2744 3.2212 2.95913 3.02978 3.60292
3.20755 3.35696 3.01955 3.26134 3.53488 3.27994 3.22671 2.96485 3.03467 3.61296
3.21878 3.37104 3.04763 3.27333 3.5794 3.28552 3.23224 2.97058 3.03958 3.61876
3.22521 3.37956 3.05668 3.27966 3.58924 3.29119 3.23783 2.97637 3.04455 3.62461
3.22935 3.38474 3.06189 3.28379 3.59331 3.29695 3.2435 2.98228 3.04955 3.63052
3.23355 3.38978 3.0662 3.28791 3.59742 3.30266 3.24921 2.98821 3.05459 3.63639
3.23782 3.39493 3.07057 3.29215 3.60156 3.30836 3.25494 2.99423 3.05969 3.64215
3.24209 3.40005 3.07495 3.29638 3.60576 3.31407 3.26073 3.00024 3.06481 3.64794
3.2464 3.40518 3.07931 3.30062 3.60993 3.31981 3.26652 3.00628 3.06986 3.65372
3.25059 3.41023 3.08364 3.30477 3.61409 3.32546 3.27228 3.0123 3.07499 3.65943
3.25535 3.41535 3.08798 3.30892 3.61818 3.33097 3.27806 3.01829 3.08005 3.665
