3.06987 3.09222 2.82767 2.83311 3.10041 3.0874 2.92406 2.76642 2.47399 3.43271
3.07545 3.09944 2.83328 2.83967 3.10711 3.09242 2.92986 2.77219 2.4782 3.4383
3.08176 3.11264 2.84049 2.84869 3.11638 3.09747 2.93578 2.77795 2.48234 3.4439
3.09034 3.13006 2.84946 2.85807 3.12893 3.10273 2.94178 2.78373 2.48662 3.4498
3.10506 3.14607 2.8596 2.87238 3.14348 3.10803 2.94804 2.78956 2.49064 3.45588
3.12563 3.162 2.88876 2.89679 3.1708 3.11371 2.95499 2.79558 2.49465 3.46282
3.15905 3.18011 2.93057 2.93753 3.2224 3.11904 2.96205 2.8016 2.4987 3.46994
3.19481 3.23253 2.9899 2.9968 3.30734 3.12394 2.97004 2.80749 2.50273 3.48311
3.24045 3.29982 3.07587 3.0775 3.40753 3.13552 2.98116 2.81441 2.50751 3.51585
3.26801 3.3458 3.13295 3.14132 3.49248 3.14027 2.9977 2.82174 2.51113 3.54297
3.28075 3.37187 3.16289 3.17972 3.55485 3.14447 3.00376 2.82702 2.51471 3.55007
3.28973 3.38684 3.17586 3.20513 3.60858 3.14875 3.00882 2.83228 2.51828 3.55451
3.29478 3.3914 3.18169 3.2188 3.63046 3.15308 3.01393 2.83754 2.52191 3.55901
3.2977 3.39496 3.18598 3.22598 3.63605 3.1574 3.01904 2.84284 2.52562 3.56354
3.30114 3.39855 3.18966 3.23145 3.6402 3.16177 3.02419 2.84814 2.52933 3.56804
3.30464 3.40217 3.19333 3.23588 3.64437 3.16613 3.02935 2.85346 2.53307 3.57254
3.30816 3.40581 3.19704 3.24011 3.64857 3.17054 3.03446 2.85884 2.53689 3.57704
3.31171 3.4095 3.20077 3.24435 3.6528 3.175 3.03963 2.86423 2.5407 3.58154
3.31524 3.41322 3.20457 3.24858 3.65703 3.17947 3.0259 2.86964 2.54456 3.58607
3.31883 3.41696 3.20839 3.25288 3.66134 3.18397 3.04995 2.87506 2.54846 3.59062
3.32243 3.42074 3.21218 3.25719 3.66563 3.18853 3.05506 2.88053 2.55237 3.59519
