3.90747 4.30854 3.60498 3.90519 3.88424 4.01256 4.33031 3.38426 3.70359 3.92888
3.90761 4.30943 3.60682 3.90709 3.89507 4.01226 4.33021 3.38403 3.70337 3.92867
3.91043 4.31472 3.61336 3.91574 3.95973 4.01172 4.32991 3.38333 3.70304 3.9281
3.928 4.33519 3.71398 3.95488 4.14536 4.01112 4.32936 3.38235 3.7024 3.92742
3.92982 4.33458 3.81563 3.97197 4.28525 4.01057 4.32874 3.38166 3.70179 3.92677
3.92949 4.33434 3.81623 3.97175 4.32249 4.01033 4.32854 3.3813 3.7014 3.92634
3.92934 4.33419 3.8161 3.97162 4.32239 4.01014 4.32842 3.38114 3.7012 3.9261
3.92927 4.33414 3.81601 3.97156 4.32233 4.00998 4.32828 3.38107 3.70106 3.92594
3.92922 4.33411 3.81594 3.97152 4.3223 4.00989 4.32822 3.38099 3.70098 3.92586
3.92922 4.33409 3.81594 3.97151 4.3223 4.00989 4.32822 3.38099 3.70098 3.92586
3.92922 4.33409 3.81594 3.97151 4.3223 4.00989 4.32822 3.38098 3.70098 3.92586
3.92922 4.33408 3.81594 3.97151 4.3223 4.00989 4.32822 3.38098 3.70098 3.92585
3.92922 4.33408 3.81594 3.97151 4.3223 4.00989 4.32822 3.38098 3.70098 3.92585
3.92922 4.33408 3.81594 3.97151 4.3223 4.00989 4.32822 3.38098 3.70098 3.92585
3.92922 4.33408 3.81594 3.97151 4.3223 4.00989 4.32822 3.38098 3.70098 3.92585
3.92922 4.33408 3.81594 3.97151 4.3223 4.00989 4.32822 3.38098 3.70098 3.92585
3.92922 4.33408 3.81594 3.97151 4.3223 4.00989 4.32822 3.38098 3.70098 3.92585
3.92922 4.33408 3.81594 3.97151 4.3223 4.00989 4.32822 3.38098 3.70098 3.92585
3.92922 4.33408 3.81594 3.97151 4.3223 4.00989 4.32822 3.38098 3.70098 3.92585
3.92922 4.33408 3.81594 3.97151 4.3223 4.00989 4.32822 3.38098 3.70098 3.92585
3.92922 4.33408 3.81594 3.97151 4.3223 4.00989 4.32822 3.38098 3.70098 3.92585
