2.82907 3.03342 2.54734 2.76802 2.85098 2.91479 3.06707 2.74184 2.87135 3.11618
2.83548 3.04224 2.55362 2.77529 2.85703 2.92302 3.07426 2.74816 2.87679 3.12243
2.84237 3.05868 2.56295 2.78484 2.86363 2.93228 3.08157 2.755 2.88229 3.13039
2.85002 3.08177 2.57582 2.79926 2.8741 2.94185 3.0892 2.7636 2.88817 3.1439
2.8665 3.1084 2.5882 2.81925 2.89578 2.95074 3.09764 2.77912 2.89651 3.15752
2.90393 3.17326 2.60625 2.86391 2.94633 2.96118 3.10981 2.79941 2.90322 3.1722
2.97645 3.2574 2.67717 2.94478 3.04127 2.97395 3.14038 2.81941 2.91279 3.20503
3.06 3.32752 2.77353 3.02797 3.15963 3.00259 3.19298 2.84596 2.92905 3.2401
3.12856 3.37866 2.8658 3.09628 3.2956 3.02957 3.225 2.87197 2.9352 3.25933
3.17977 3.41865 2.94297 3.148 3.40039 3.03829 3.23378 2.88155 2.93962 3.26554
3.22101 3.44874 3.01646 3.18763 3.48841 3.04402 3.23901 2.88615 2.94407 3.27011
3.24857 3.46293 3.07979 3.21318 3.55897 3.04853 3.24423 2.89068 2.94854 3.27471
3.26084 3.4693 3.10374 3.2259 3.58587 3.05178 3.24949 2.89522 2.95301 3.27938
3.26901 3.47374 3.11924 3.23285 3.59376 3.05636 3.2548 2.89984 2.95754 3.28407
3.27325 3.47792 3.12492 3.23675 3.59863 3.06101 3.26011 2.90452 2.96212 3.28884
3.27728 3.48215 3.12916 3.2407 3.60266 3.06699 3.26532 2.90926 2.96675 3.29366
3.28139 3.48648 3.13351 3.24474 3.60676 3.07171 3.27058 2.91407 2.97146 3.29853
3.28553 3.49076 3.13789 3.24873 3.61086 3.0765 3.27589 2.91884 2.97617 3.30342
3.28966 3.4949 3.14223 3.25277 3.61486 3.07997 3.28116 2.92363 2.98095 3.30831
3.29372 3.49901 3.14652 3.25673 3.61871 3.08472 3.28645 2.92843 2.98562 3.31315
3.29776 3.50309 3.1508 3.26064 3.62261 3.08942 3.29168 2.93319 2.99031 3.318
