2.77365 3.15886 3.11927 3.02154 3.38666 3.2968 3.51903 3.49509 3.21493 3.66711
2.78165 3.16858 3.12869 3.03014 3.39569 3.30629 3.52743 3.50432 3.22399 3.67733
2.78983 3.18164 3.1384 3.0391 3.40962 3.31592 3.53577 3.51367 3.23332 3.691
2.80147 3.19584 3.14873 3.04965 3.4292 3.32593 3.54413 3.52343 3.24308 3.70736
2.81476 3.21408 3.15987 3.06337 3.45624 3.33679 3.55248 3.53322 3.25456 3.72697
2.83819 3.24197 3.18552 3.08279 3.49965 3.34941 3.56075 3.54355 3.26681 3.76136
2.88241 3.29879 3.22631 3.13722 3.56549 3.36337 3.56904 3.55417 3.29142 3.81875
2.97227 3.42899 3.32066 3.246 3.6818 3.38068 3.57722 3.56918 3.32734 3.84702
3.10263 3.60097 3.43539 3.38541 3.83073 3.41532 3.58541 3.58033 3.37705 3.85464
3.27584 3.76866 3.54039 3.53681 3.87222 3.44212 3.59357 3.58879 3.41693 3.862
3.43688 3.8989 3.59447 3.64365 3.88036 3.45402 3.60177 3.59732 3.43276 3.86947
3.58263 3.91055 3.61628 3.65062 3.88604 3.46223 3.61007 3.60595 3.44206 3.877
3.6283 3.91642 3.62262 3.65633 3.89165 3.47049 3.61835 3.61456 3.45007 3.88451
3.63582 3.92229 3.62844 3.66204 3.89713 3.47875 3.62671 3.62316 3.45808 3.89207
3.64184 3.92823 3.63434 3.66775 3.90269 3.48704 3.63506 3.63178 3.46612 3.8996
3.64792 3.93418 3.64027 3.6735 3.90831 3.49536 3.64345 3.6404 3.47419 3.9072
3.65404 3.94012 3.64621 3.67928 3.9139 3.50377 3.65188 3.64906 3.48229 3.91488
3.66013 3.94612 3.65218 3.68505 3.91944 3.51216 3.66027 3.65775 3.4904 3.92255
3.66624 3.95208 3.65812 3.69083 3.92491 3.52057 3.6687 3.66643 3.49854 3.93024
3.67234 3.95807 3.66406 3.69662 3.93037 3.52898 3.67711 3.67512 3.50667 3.93791
3.67848 3.96405 3.67005 3.70239 3.93584 3.53737 3.68551 3.68378 3.51478 3.94558
