3.10409 3.31709 3.02669 2.82291 3.22416 3.10104 3.09323 3.28176 3.20976 3.66499
3.10443 3.3182 3.04137 2.83399 3.22981 3.10102 3.09319 3.28171 3.20941 3.66752
3.10897 3.34874 3.06381 2.87062 3.27108 3.10078 3.09307 3.2815 3.20904 3.68325
3.14686 3.44848 3.14485 2.97972 3.36693 3.10042 3.09274 3.28125 3.20862 3.70826
3.26823 3.56238 3.25438 3.19483 3.5866 3.10002 3.09228 3.28098 3.20823 3.70884
3.28837 3.63845 3.30859 3.38499 3.63219 3.09964 3.09202 3.28073 3.20796 3.70865
3.28848 3.64217 3.3178 3.40277 3.63208 3.09944 3.09189 3.28055 3.20778 3.7085
3.28844 3.63037 3.32028 3.40263 3.63205 3.09936 3.09186 3.28048 3.2077 3.70845
3.28843 3.64504 3.321 3.40264 3.63203 3.09936 3.09185 3.28045 3.2077 3.70843
3.28842 3.64523 3.32106 3.40263 3.63202 3.09936 3.09185 3.28044 3.20771 3.70842
3.28843 3.62966 3.32103 3.40263 3.63203 3.09937 3.06784 3.28042 3.20771 3.7084
3.28843 3.64521 3.32103 3.40265 3.63203 3.09937 3.06783 3.28042 3.2077 3.7084
3.28843 3.6452 3.32103 3.40265 3.63203 3.09934 3.09186 3.28042 3.20769 3.70839
3.2884 3.6452 3.32104 3.40263 3.63201 3.09935 3.09187 3.28042 3.20769 3.70841
3.28838 3.64519 3.32104 3.40262 3.63199 3.09933 3.09184 3.28041 3.20767 3.70841
3.28837 3.64518 3.32104 3.40262 3.63199 3.09932 3.09185 3.28042 3.20767 3.7084
3.28838 3.64518 3.32104 3.4026 3.63199 3.09932 3.09183 3.28042 3.20768 3.70842
3.28842 3.64521 3.32104 3.40261 3.63201 3.09935 3.09184 3.28044 3.20768 3.70843
3.28842 3.6452 3.32104 3.40263 3.63202 3.09935 3.09186 3.28042 3.2077 3.70841
3.28842 3.6452 3.32103 3.40263 3.63202 3.09935 3.09186 3.28042 3.2077 3.70842
3.28842 3.64521 3.32103 3.40263 3.63202 3.09935 3.09186 3.28042 3.2077 3.70842
