2.71673 2.88084 2.83855 2.70518 3.20643 2.96136 3.06359 2.84644 2.82072 3.61209
2.72241 2.88768 2.84532 2.71181 3.21359 2.96693 3.06927 2.8518 2.8258 3.61724
2.72875 2.89865 2.8572 2.72561 3.22768 2.97239 3.07558 2.85714 2.83082 3.62239
2.74089 2.9146 2.87206 2.74084 3.24987 2.978 3.0841 2.86257 2.8358 3.62749
2.7586 2.93818 2.89235 2.75852 3.27494 2.98359 3.09249 2.8679 2.84088 3.63418
2.77967 2.96367 2.92132 2.79353 3.30413 2.98945 3.10084 2.87552 2.84624 3.63992
2.81117 2.99508 2.96768 2.83292 3.3452 2.99551 3.11047 2.88416 2.85203 3.64515
2.88721 3.05409 3.03159 2.88361 3.40633 3.00137 3.11933 2.89186 2.85934 3.65466
2.99544 3.14785 3.09986 2.94353 3.48368 3.01316 3.12891 2.90156 2.8669 3.66408
3.093 3.23177 3.15102 2.98721 3.55608 3.01866 3.1352 2.9093 2.87135 3.66963
3.15235 3.29204 3.18997 3.01355 3.61642 3.02344 3.14034 2.91385 2.87552 3.67397
3.18959 3.33407 3.22305 3.02998 3.66517 3.02823 3.14553 2.91843 2.87973 3.67832
3.20315 3.34873 3.23282 3.03643 3.68371 3.03308 3.15073 2.92308 2.884 3.68278
3.20696 3.35332 3.2365 3.04015 3.68765 3.03795 3.15588 2.92776 2.8883 3.68726
3.2107 3.35732 3.23998 3.04339 3.69113 3.04286 3.16108 2.9324 2.89267 3.69174
3.21447 3.36136 3.24355 3.04665 3.69456 3.04778 3.16628 2.93706 2.89703 3.69623
3.2183 3.36544 3.24709 3.04998 3.69804 3.05271 3.17149 2.94177 2.90144 3.70077
3.22216 3.36959 3.25066 3.05335 3.70155 3.0577 3.17675 2.9465 2.90588 3.70531
3.22603 3.37374 3.25421 3.05674 3.70508 3.06268 3.18198 2.95128 2.91031 3.70985
3.22992 3.37791 3.25781 3.06016 3.70864 3.06769 3.18723 2.95602 2.91479 3.71438
3.23385 3.38215 3.26142 3.06361 3.71223 3.07276 3.19252 2.96078 2.91928 3.71885
