2.41097 2.83698 2.66043 2.68125 2.87509 2.80449 3.07397 3.13488 2.84855 3.21244
2.4191 2.84619 2.66716 2.68958 2.88398 2.81201 3.08094 3.14271 2.85563 3.22393
2.42817 2.8569 2.67552 2.70122 2.89893 2.81962 3.08788 3.15155 2.86295 3.23983
2.43844 2.8822 2.69044 2.71661 2.92126 2.82787 3.09475 3.16106 2.87199 3.25745
2.46313 2.92641 2.72216 2.73782 2.96329 2.83778 3.10184 3.17588 2.88858 3.28943
2.50859 2.99298 2.79397 2.78908 3.03417 2.85032 3.11057 3.19432 2.9135 3.34031
2.58038 3.09954 2.89786 2.8842 3.15423 2.87524 3.11994 3.21965 2.94927 3.40247
2.68885 3.23191 3.02449 3.00037 3.28122 2.92178 3.12736 3.24564 2.99309 3.49411
2.81752 3.39657 3.14167 3.12386 3.39187 2.94591 3.13358 3.26614 3.02504 3.51403
2.957 3.55149 3.24349 3.24637 3.44997 2.95194 3.1398 3.27798 3.05385 3.52105
3.10321 3.67347 3.31986 3.35078 3.4797 2.95783 3.14633 3.28458 3.07251 3.52787
3.24652 3.70339 3.36501 3.40613 3.49136 2.96404 3.15299 3.2912 3.08043 3.53484
3.31985 3.70976 3.38429 3.41521 3.49683 2.97024 3.15969 3.2979 3.08638 3.54184
3.32873 3.71502 3.38924 3.41985 3.50166 2.97651 3.16645 3.30461 3.09235 3.54887
3.33417 3.72027 3.39419 3.42452 3.50644 2.9828 3.17317 3.3113 3.09835 3.55581
3.33958 3.72552 3.39912 3.4292 3.51114 2.98906 3.1799 3.31801 3.10432 3.56259
3.345 3.73074 3.40405 3.43383 3.51584 2.99535 3.18665 3.32453 3.11028 3.56938
3.35032 3.73588 3.4089 3.43842 3.52041 3.00157 3.19331 3.33087 3.11618 3.57613
3.35563 3.74105 3.41374 3.44298 3.52501 3.00771 3.19994 3.33719 3.12201 3.58284
3.36096 3.74621 3.41859 3.4476 3.52958 3.01387 3.20659 3.34353 3.12789 3.58951
3.3663 3.75141 3.42345 3.45222 3.5342 3.01996 3.21324 3.34987 3.13378 3.59584
