2.78656 2.82158 2.62168 2.76507 2.99981 3.25385 3.07396 2.85444 2.93409 3.4178
2.78666 2.82174 2.6303 2.77397 3.00682 3.25377 3.07401 2.85437 2.93411 3.41924
2.78887 2.82405 2.64697 2.79253 3.03134 3.25366 3.07469 2.85437 2.9342 3.4237
2.81544 2.8448 2.66768 2.83721 3.06358 3.25452 3.07585 2.85512 2.93619 3.43359
2.88951 2.93445 2.71933 2.91965 3.14041 3.26254 3.07889 2.85907 2.93789 3.4692
2.99421 3.06047 2.8032 3.04724 3.2466 3.27277 3.08226 2.86807 2.93813 3.52283
3.06926 3.1708 2.88047 3.13112 3.34748 3.27529 3.08309 2.87271 2.93791 3.57061
3.11031 3.22605 2.93231 3.16804 3.44273 3.27499 3.08283 2.87246 2.9377 3.59436
3.12859 3.25371 2.96306 3.18533 3.49468 3.27476 3.08267 2.87224 2.93757 3.59866
3.13731 3.26847 2.9829 3.1962 3.52452 3.27465 3.08258 2.87213 2.93749 3.5986
3.14074 3.27616 2.99368 3.20176 3.54067 3.27452 3.08253 2.87201 2.93738 3.59856
3.14232 3.27952 2.99585 3.20265 3.5449 3.27448 3.08249 2.87197 2.93733 3.59853
3.14234 3.28003 2.99597 3.20264 3.54488 3.27447 3.08248 2.87193 2.93733 3.59851
3.14232 3.28003 2.99597 3.20263 3.54487 3.27447 3.08248 2.87193 2.93733 3.5985
3.14231 3.28001 2.99597 3.20262 3.54485 3.27446 3.08247 2.87193 2.93733 3.5985
3.14231 3.28 2.99593 3.20262 3.54483 3.27446 3.08247 2.87192 2.93733 3.59848
3.1423 3.27998 2.99593 3.2026 3.54482 3.27444 3.08246 2.87191 2.93732 3.59847
3.14229 3.27999 2.99593 3.2026 3.54484 3.27442 3.08247 2.8719 2.93732 3.59849
3.14229 3.28001 2.99592 3.20261 3.54481 3.27443 3.08248 2.87188 2.93731 3.59849
3.14229 3.28 2.99592 3.20262 3.54482 3.27443 3.08248 2.8719 2.93731 3.59849
3.1423 3.27999 2.99593 3.20262 3.54485 3.27445 3.08247 2.87191 2.93732 3.59848
