3.56009 3.94538 3.27604 3.62471 3.76845 3.84289 4.43739 3.34511 3.55011 4.04931
3.56782 3.95548 3.28703 3.632 3.77984 3.84944 4.4447 3.35129 3.55662 4.05618
3.57806 3.97337 3.29863 3.64154 3.79866 3.85587 4.45185 3.35795 3.56323 4.06334
3.59179 3.99799 3.30964 3.65542 3.8333 3.86225 4.459 3.36526 3.56959 4.07091
3.61683 4.04855 3.3222 3.69027 3.89197 3.86877 4.46638 3.37354 3.57657 4.07954
3.68006 4.12586 3.37067 3.76128 3.97953 3.87536 4.47532 3.38033 3.58453 4.09054
3.77221 4.20993 3.47356 3.84606 4.08011 3.88478 4.48896 3.38917 3.59397 4.10522
3.84459 4.26907 3.57522 3.91483 4.16919 3.8939 4.4977 3.39572 3.60093 4.11795
3.8914 4.306 3.6492 3.95574 4.23806 3.90018 4.50422 3.40119 3.6065 4.12543
3.92036 4.33847 3.69856 3.98367 4.2996 3.90632 4.51077 3.40654 3.61203 4.131
3.94785 4.35029 3.75733 4.00598 4.33677 3.91254 4.51738 3.41188 3.61761 4.13658
3.96338 4.35477 3.78802 4.01552 4.35272 3.91878 4.52406 3.4173 3.62325 4.14223
3.9715 4.35886 3.80201 4.0212 4.3605 3.9251 4.5308 3.42281 3.62894 4.14796
3.97682 4.36299 3.81086 4.02602 4.3659 3.93148 4.53761 3.42836 3.63469 4.1537
3.98185 4.36718 3.81668 4.03085 4.37106 3.93788 4.54443 3.43399 3.64048 4.15949
3.98687 4.37134 3.82245 4.03567 4.37622 3.94429 4.55125 3.4396 3.64627 4.16513
3.99192 4.37551 3.82825 4.04049 4.38133 3.95072 4.55809 3.44523 3.65208 4.1708
3.99699 4.37968 3.83408 4.04532 4.38637 3.95715 4.56478 3.45084 3.65791 4.17646
4.00203 4.38385 3.83986 4.05014 4.39129 3.96355 4.57128 3.45644 3.66373 4.18212
4.00702 4.38803 3.84566 4.05494 4.39615 3.96996 4.57762 3.46204 3.66951 4.18774
4.01206 4.39219 3.85146 4.05976 4.40103 3.97638 4.58398 3.46763 3.67531 4.19338
