3.0763 3.52856 3.23729 3.39809 3.58535 3.40486 3.67141 3.71685 3.57209 3.87675
3.0864 3.53855 3.24503 3.40625 3.59787 3.41481 3.68024 3.72544 3.581 3.8851
3.0981 3.55172 3.25533 3.41497 3.61724 3.42549 3.68936 3.73457 3.59098 3.89384
3.11457 3.57062 3.27263 3.42815 3.64847 3.44102 3.69958 3.74458 3.6035 3.90447
3.13592 3.61489 3.31413 3.44719 3.69091 3.45458 3.71203 3.75511 3.61723 3.91741
3.18176 3.70322 3.3924 3.49789 3.75481 3.47078 3.72284 3.77886 3.64625 3.93254
3.27748 3.83539 3.51642 3.62185 3.85457 3.51724 3.73607 3.82027 3.69729 3.96268
3.39879 3.9667 3.63558 3.75631 3.93533 3.57966 3.76069 3.85252 3.7611 3.98822
3.53345 4.06615 3.7345 3.86054 4.0241 3.633 3.77921 3.87517 3.80838 4.00082
3.65981 4.14655 3.80212 3.92429 4.07447 3.66632 3.78888 3.88485 3.84253 4.00746
3.77024 4.19814 3.85659 3.97361 4.11318 3.68126 3.79651 3.89208 3.86923 4.01401
3.8612 4.22919 3.8878 3.99536 4.12939 3.68905 3.80413 3.89927 3.88169 4.02061
3.91439 4.2455 3.90534 4.00445 4.137 3.69692 3.8119 3.90652 3.88868 4.02732
3.9486 4.25633 3.91521 4.01175 4.1423 3.70495 3.81978 3.91385 3.89578 4.03408
3.95508 4.26201 3.92609 4.0172 4.14726 3.713 3.82763 3.9212 3.90291 4.04087
3.96104 4.26766 3.93332 4.02273 4.15229 3.72107 3.83552 3.9286 3.91006 4.04772
3.96701 4.27334 3.93885 4.02827 4.14048 3.72918 3.84345 3.936 3.91721 4.05454
3.97299 4.27899 3.94439 4.03376 4.16238 3.73726 3.85138 3.9434 3.9244 4.06139
3.97892 4.28461 3.94991 4.03925 4.16741 3.74518 3.85931 3.95079 3.93156 4.06821
3.98485 4.29019 3.95544 4.04475 4.17239 3.75302 3.8672 3.95818 3.9387 4.07475
3.99068 4.29586 3.96101 4.05015 4.1773 3.7609 3.87512 3.96535 3.94585 4.08115
