3.04103 3.23579 2.95387 2.86118 3.1952 3.0778 3.11368 3.1907 3.1563 3.63133
3.04102 3.23706 2.95637 2.86802 3.20134 3.07778 3.11381 3.19067 3.15628 3.63219
3.04198 3.25256 2.96867 2.88328 3.22904 3.07788 3.11549 3.1908 3.15701 3.63479
3.05369 3.31673 2.99665 2.92209 3.27763 3.07796 3.1187 3.19164 3.15896 3.63928
3.1182 3.42422 3.06815 3.00996 3.36781 3.07911 3.12143 3.19411 3.1608 3.6511
3.2122 3.53429 3.16197 3.13012 3.46557 3.07996 3.12529 3.19844 3.16391 3.66544
3.27562 3.59458 3.23807 3.239 3.53588 3.07972 3.12605 3.19931 3.16408 3.66856
3.31169 3.62613 3.28873 3.30904 3.56982 3.07951 3.12586 3.19914 3.16394 3.66838
3.33731 3.6434 3.32263 3.34527 3.59254 3.07938 3.12573 3.19898 3.16385 3.66826
3.35251 3.6525 3.34268 3.36165 3.60556 3.07931 3.12568 3.1989 3.16379 3.66821
3.35893 3.65626 3.35179 3.36641 3.61329 3.07922 3.12564 3.19884 3.16373 3.66815
3.36047 3.65685 3.35436 3.36704 3.61724 3.07919 3.12559 3.1988 3.16372 3.66811
3.36054 3.65684 3.35458 3.36703 3.61749 3.07919 3.12558 3.19879 3.16372 3.66809
3.36052 3.65684 3.35456 3.36702 3.61747 3.07919 3.12557 3.19877 3.16371 3.66808
3.36052 3.65684 3.35456 3.36701 3.61747 3.07919 3.12556 3.19877 3.16371 3.66808
3.3605 3.65683 3.35456 3.36701 3.61747 3.07918 3.12556 3.19877 3.16369 3.66808
3.3605 3.65681 3.35456 3.36701 3.61747 3.07918 3.12556 3.19876 3.16368 3.66807
3.36049 3.65681 3.35455 3.36699 3.61745 3.07915 3.12556 3.19876 3.16369 3.66806
3.3605 3.65682 3.35455 3.36698 3.61749 3.07915 3.12556 3.19876 3.16368 3.66807
3.3605 3.65682 3.35454 3.36696 3.61747 3.07919 3.12556 3.19877 3.1637 3.66807
3.36052 3.65682 3.35455 3.36699 3.61746 3.07919 3.12556 3.19877 3.16371 3.66808
