2.78661 2.71632 2.55159 2.56773 2.76753 2.78803 2.71044 2.58931 2.33065 2.97742
2.79663 2.7297 2.56026 2.5735 2.77644 2.79376 2.71806 2.59527 2.33542 2.98337
2.81589 2.75522 2.57202 2.58415 2.78816 2.79942 2.72808 2.60119 2.34062 2.98939
2.8398 2.78391 2.58691 2.6019 2.80442 2.80518 2.73957 2.60718 2.34578 2.99563
2.8742 2.82003 2.61378 2.6247 2.83841 2.8113 2.75477 2.61388 2.35097 3.00209
2.92623 2.87979 2.67615 2.67219 2.90342 2.81952 2.76524 2.62141 2.35695 3.01163
2.9922 2.95182 2.7755 2.74825 2.99872 2.83624 2.78636 2.63259 2.36241 3.03129
3.05312 3.02912 2.88649 2.83464 3.11512 2.85572 2.81284 2.63981 2.36641 3.06606
3.10472 3.09539 2.95195 2.9263 3.21714 2.86844 2.83544 2.64465 2.37025 3.08621
3.14025 3.14534 2.98029 3.01584 3.30677 2.8736 2.84851 2.64942 2.37415 3.09193
3.15969 3.18824 2.99741 3.08432 3.39631 2.87872 2.85476 2.65451 2.37839 3.09725
3.16704 3.20353 3.00284 3.1032 3.43961 2.88406 2.86115 2.65992 2.38281 3.1026
3.17141 3.20791 3.00733 3.11115 3.44806 2.88946 2.86756 2.66537 2.38733 3.10796
3.17571 3.21237 3.01187 3.11682 3.45284 2.89492 2.87409 2.67087 2.39189 3.11318
3.18002 3.21682 3.01641 3.12104 3.45755 2.90038 2.88059 2.67638 2.39542 3.11841
3.1843 3.22125 3.02096 3.12525 3.46226 2.90579 2.88711 2.68189 2.40106 3.12361
3.18854 3.22571 3.02551 3.12945 3.46693 2.91124 2.89365 2.68747 2.40452 3.12878
3.19274 3.23006 3.03002 3.1336 3.47155 2.91658 2.9001 2.69291 2.41002 3.13392
3.19695 3.23439 3.03448 3.13769 3.47617 2.9219 2.90647 2.69825 2.41439 3.13899
3.20115 3.23872 3.03894 3.14177 3.48079 2.92719 2.91288 2.70361 2.41877 3.14406
3.20541 3.24306 3.04414 3.1459 3.48545 2.93252 2.91928 2.70898 2.42319 3.14917
