2.94076 2.89133 2.85791 2.61625 2.94856 3.02643 2.8906 2.84569 3.02052 3.23231
2.97141 2.90751 2.86154 2.63108 2.9546 3.02898 2.89488 2.84582 3.02633 3.23467
3.02674 2.95413 2.89001 2.67258 2.98677 3.03063 2.89877 2.84899 3.03223 3.25154
3.13324 3.06629 3.00029 2.79496 3.12106 3.04134 2.9105 2.85995 3.05611 3.29794
3.27439 3.21152 3.19689 3.00159 3.34373 3.06746 2.92991 2.88052 3.09037 3.32876
3.37328 3.30992 3.36419 3.17054 3.51252 3.06667 2.92901 2.87997 3.09073 3.32808
3.42034 3.36633 3.47761 3.24919 3.60717 3.06654 2.92874 2.87982 3.09053 3.32794
3.43094 3.3859 3.53898 3.25978 3.62796 3.06654 2.92872 2.87979 3.09047 3.32793
3.43166 3.3899 3.55371 3.26033 3.62874 3.06656 2.92872 2.87981 3.09051 3.32795
3.43167 3.39133 3.5551 3.26034 3.62875 3.0666 2.92875 2.87983 3.09052 3.32796
3.4317 3.39137 3.55514 3.2604 3.62881 3.06663 2.92883 2.87988 3.09057 3.328
3.43161 3.39128 3.55505 3.26034 3.62874 3.06662 2.92883 2.87987 3.09053 3.32798
3.43152 3.39118 3.55495 3.26022 3.62864 3.06648 2.92872 2.87979 3.09045 3.32789
3.43148 3.39115 3.55487 3.26016 3.62858 3.06644 2.92864 2.87972 3.09039 3.32788
3.43155 3.39119 3.55493 3.2602 3.6286 3.06647 2.92865 2.87972 3.09042 3.3279
3.43162 3.39125 3.555 3.26026 3.62865 3.06654 2.92872 2.87979 3.09047 3.32794
3.43168 3.39135 3.55508 3.26038 3.62875 3.06661 2.92881 2.87985 3.09057 3.32798
3.43173 3.39136 3.5551 3.2604 3.62878 3.06664 2.92884 2.87989 3.09058 3.328
3.43173 3.39137 3.5551 3.2604 3.62878 3.06664 2.92884 2.87989 3.09058 3.328
3.43173 3.39137 3.5551 3.2604 3.62878 3.06664 2.92884 2.87989 3.09058 3.328
3.43173 3.39137 3.5551 3.2604 3.62878 3.06664 2.92884 2.87989 3.09058 3.328
