3.01599 2.88061 2.8773 2.69679 2.92928 3.19192 3.02892 2.90892 3.04146 3.28803
3.02209 2.88925 2.8848 2.70272 2.93571 3.20159 3.03667 2.915 3.04916 3.29595
3.03498 2.90733 2.89346 2.71037 2.94275 3.21417 3.04876 2.92117 3.05735 3.305
3.07463 2.93875 2.90482 2.72892 2.95171 3.22531 3.06324 2.92787 3.06825 3.31797
3.12448 2.97751 2.91874 2.76527 2.97895 3.23439 3.07648 2.93491 3.07747 3.33751
3.18987 3.02993 2.96886 2.82767 3.04828 3.24421 3.09056 2.94157 3.08527 3.37583
3.26782 3.11343 3.06761 2.92873 3.15446 3.25452 3.108 2.95471 3.10255 3.46146
3.34947 3.20559 3.19205 3.03543 3.27922 3.27676 3.15029 2.98044 3.13812 3.53723
3.4248 3.28427 3.32729 3.13175 3.41742 3.28459 3.18027 2.99889 3.15734 3.5909
3.48907 3.33661 3.43605 3.23826 3.55207 3.28915 3.19154 3.0044 3.16492 3.60763
3.54772 3.38157 3.51802 3.32687 3.65885 3.29377 3.19694 3.00936 3.17089 3.61622
3.58166 3.41047 3.57309 3.37622 3.73133 3.29839 3.20224 3.01424 3.17661 3.62158
3.59147 3.42337 3.6007 3.40835 3.75854 3.30301 3.20754 3.01918 3.18234 3.62696
3.59808 3.43066 3.6141 3.41634 3.77039 3.30767 3.21288 3.02416 3.18817 3.63241
3.60253 3.43451 3.62003 3.42042 3.77536 3.31236 3.21829 3.02922 3.19402 3.63788
3.60666 3.43842 3.62528 3.42458 3.77965 3.3171 3.22374 3.03432 3.19993 3.64337
3.61079 3.44239 3.63055 3.42877 3.78403 3.3219 3.22921 3.03948 3.20587 3.64897
3.61492 3.44636 3.63587 3.433 3.7884 3.32668 3.23472 3.04464 3.21187 3.65455
3.61908 3.45035 3.64113 3.43721 3.79275 3.33149 3.24024 3.04984 3.21786 3.66015
3.6232 3.45423 3.64633 3.44131 3.79703 3.33628 3.24575 3.05503 3.22385 3.66569
3.62729 3.45813 3.65157 3.44547 3.80133 3.34103 3.25095 3.06012 3.22975 3.67119
