3.13301 3.1913 3.01427 2.95524 3.27067 2.95973 2.92048 2.84893 2.47215 3.42655
3.13301 3.1913 3.01427 2.95524 3.27067 2.95973 2.92048 2.84893 2.47215 3.42655
3.13301 3.1913 3.01427 2.95524 3.27067 2.95973 2.92048 2.84893 2.47215 3.42655
3.13301 3.1913 3.01427 2.95524 3.27067 2.95973 2.92048 2.84893 2.47215 3.42655
3.13301 3.1913 3.01427 2.95524 3.27067 2.95973 2.92048 2.84893 2.47215 3.42655
3.13301 3.1913 3.01427 2.95524 3.27067 2.95973 2.92048 2.84893 2.47215 3.42655
3.13301 3.1913 3.01427 2.95524 3.27067 2.95973 2.92048 2.84893 2.47215 3.42655
3.13301 3.1913 3.01427 2.95524 3.27067 2.95973 2.92048 2.84893 2.47215 3.42655
3.13301 3.1913 3.01427 2.95524 3.27067 2.95973 2.92048 2.84893 2.47215 3.42655
3.13301 3.1913 3.01427 2.95524 3.27067 2.95973 2.92048 2.84893 2.47215 3.42655
3.13301 3.1913 3.01427 2.95524 3.27067 2.95973 2.92048 2.84893 2.47215 3.42655
3.13301 3.1913 3.01427 2.95524 3.27067 2.95973 2.92048 2.84893 2.47215 3.42655
3.13301 3.1913 3.01427 2.95524 3.27067 2.95973 2.92048 2.84893 2.47215 3.42655
3.13301 3.1913 3.01427 2.95524 3.27067 2.95973 2.92048 2.84893 2.47215 3.42655
3.13301 3.1913 3.01427 2.95524 3.27067 2.95973 2.92048 2.84893 2.47215 3.42655
3.13301 3.1913 3.01427 2.95524 3.27067 2.95973 2.92048 2.84893 2.47215 3.42655
3.13301 3.1913 3.01427 2.95524 3.27067 2.95973 2.92048 2.84893 2.47215 3.42655
3.13301 3.1913 3.01427 2.95524 3.27067 2.95973 2.92048 2.84893 2.47215 3.42655
3.13301 3.1913 3.01427 2.95524 3.27067 2.95973 2.92048 2.84893 2.47215 3.42655
3.13301 3.1913 3.01427 2.95524 3.27067 2.95973 2.92048 2.84893 2.47215 3.42655
3.13301 3.1913 3.01427 2.95524 3.27067 2.95973 2.92048 2.84893 2.47215 3.42655
