2.74179 2.79813 2.58072 2.69499 2.93372 3.03171 3.06475 2.75826 2.8628 3.29792
2.74751 2.80522 2.58993 2.70397 2.94202 3.03754 3.0707 2.76401 2.86784 3.30543
2.75347 2.81297 2.60396 2.71673 2.95604 3.0433 3.07681 2.7697 2.87289 3.31329
2.76036 2.82244 2.62172 2.73075 2.98225 3.04914 3.08386 2.77536 2.87802 3.32251
2.779 2.84486 2.64311 2.75537 3.01196 3.05512 3.09079 2.78107 2.88371 3.33413
2.81844 2.90047 2.68291 2.80555 3.05068 3.06145 3.09873 2.78705 2.89091 3.35266
2.88275 3.00685 2.7551 2.89792 3.11803 3.0698 3.10845 2.79525 2.89652 3.38615
2.96283 3.11481 2.84153 3.00783 3.19548 3.07713 3.11637 2.80474 2.90132 3.43632
3.05065 3.21267 2.92508 3.12137 3.28983 3.08237 3.1224 2.81056 2.9061 3.4846
3.1156 3.2789 2.98226 3.18162 3.40104 3.08759 3.1277 2.81586 2.91084 3.50432
3.1463 3.31888 3.01861 3.20584 3.46627 3.0928 3.13299 2.82118 2.9156 3.5101
3.15487 3.33413 3.04277 3.21658 3.50362 3.09805 3.1383 2.82651 2.9204 3.51593
3.15882 3.34037 3.05114 3.22112 3.51282 3.10335 3.14365 2.83189 2.92521 3.5218
3.16279 3.34537 3.0566 3.22503 3.5167 3.10873 3.14903 2.83735 2.93005 3.52774
3.16678 3.35009 3.06056 3.22882 3.5205 3.11414 3.15445 2.84286 2.93492 3.53366
3.17081 3.35481 3.06459 3.23258 3.52434 3.11958 3.15992 2.84836 2.93981 3.53963
3.17485 3.35956 3.0686 3.23636 3.52819 3.12503 3.16538 2.85387 2.9447 3.54558
3.17887 3.3643 3.07264 3.24015 3.53208 3.13048 3.17084 2.85941 2.94958 3.55157
3.18294 3.36906 3.07669 3.24395 3.53593 3.13593 3.17633 2.86494 2.9545 3.55752
3.18699 3.37381 3.08072 3.24773 3.53979 3.14139 3.1818 2.87046 2.95941 3.56336
3.19103 3.37857 3.08476 3.25153 3.54368 3.14686 3.18728 2.87599 2.9643 3.56917
