3.15953 3.47154 3.004 3.53749 3.64234 3.54303 3.74877 3.16554 3.52914 4.21367
3.15969 3.47157 3.01166 3.53978 3.65502 3.5432 3.74893 3.16547 3.5292 4.21472
3.16426 3.47369 3.02654 3.55083 3.69108 3.54418 3.75029 3.16525 3.5294 4.21726
3.1841 3.50501 3.05233 3.59147 3.72707 3.5462 3.75134 3.16495 3.53105 4.22129
3.24614 3.61112 3.11202 3.69382 3.80683 3.55333 3.75284 3.16478 3.53134 4.25456
3.34214 3.75075 3.21217 3.7863 3.93838 3.56483 3.75529 3.16479 3.53122 4.34031
3.42398 3.85823 3.30526 3.82676 4.06531 3.56515 3.75525 3.16455 3.53106 4.40902
3.46253 3.91262 3.36843 3.84638 4.13144 3.56495 3.7551 3.16429 3.53094 4.43065
3.47756 3.94595 3.41622 3.85994 4.17137 3.56481 3.75499 3.16409 3.53086 4.43071
3.48526 3.95846 3.44257 3.86907 4.19341 3.56468 3.75491 3.16395 3.5308 4.43065
3.4884 3.9622 3.45729 3.87444 4.21043 3.56456 3.75483 3.16377 3.53074 4.43059
3.4892 3.96313 3.46156 3.87567 4.22376 3.5645 3.75478 3.16368 3.53071 4.43055
3.48923 3.96345 3.46218 3.87614 4.2292 3.56445 3.75476 3.16365 3.53069 4.43053
3.48921 3.96345 3.46218 3.87611 4.2292 3.56444 3.75474 3.16361 3.53069 4.43053
3.4892 3.96341 3.46217 3.87609 4.22919 3.56444 3.75473 3.1636 3.53069 4.43053
3.48919 3.96339 3.46217 3.87607 4.22917 3.56444 3.75473 3.1636 3.53069 4.43052
3.48919 3.96339 3.46215 3.87607 4.22916 3.56444 3.75472 3.1636 3.53068 4.43051
3.48918 3.96339 3.46214 3.87608 4.22913 3.56444 3.75472 3.1636 3.53068 4.43052
3.48918 3.96339 3.46215 3.87608 4.22916 3.56444 3.75473 3.16358 3.53068 4.43052
3.48918 3.96339 3.46215 3.87607 4.22917 3.56444 3.75473 3.16358 3.5307 4.43051
3.48918 3.96339 3.46215 3.87607 4.22917 3.56444 3.75473 3.16358 3.53069 4.43051
