2.92086 3.3903 3.11851 3.23781 3.49099 3.33303 3.69845 3.62719 3.39364 3.81494
2.93003 3.40055 3.12607 3.24978 3.50605 3.34275 3.7069 3.63582 3.40284 3.82497
2.94154 3.41287 3.14087 3.26548 3.53134 3.35331 3.71578 3.64506 3.41339 3.84342
2.95587 3.43361 3.15669 3.28153 3.56852 3.36667 3.72745 3.65601 3.42492 3.8628
2.97733 3.47731 3.19055 3.30024 3.61312 3.38049 3.74216 3.66774 3.43568 3.88289
3.02546 3.57107 3.26091 3.34934 3.69054 3.40116 3.75609 3.69484 3.46942 3.90342
3.11605 3.70862 3.37833 3.46937 3.80493 3.45086 3.77542 3.73878 3.52911 3.93863
3.24843 3.85143 3.4931 3.60085 3.90496 3.53037 3.80938 3.77509 3.60014 3.97358
3.37606 3.97451 3.60539 3.71173 3.97941 3.60284 3.82567 3.80234 3.66421 3.98847
3.49669 4.06605 3.69549 3.79065 4.03216 3.65155 3.83294 3.8214 3.70003 3.99577
3.62207 4.13128 3.76333 3.83434 4.07351 3.67884 3.83993 3.83184 3.73366 4.00283
3.70251 4.16206 3.80483 3.84923 4.09353 3.68887 3.84689 3.83867 3.76009 4.0099
3.7588 4.17567 3.8258 3.85668 4.10063 3.6962 3.854 3.84556 3.77102 4.01702
3.78695 4.18221 3.83571 3.8621 4.10571 3.70366 3.86121 3.85254 3.77828 4.02426
3.79279 4.18783 3.843 3.86752 4.11074 3.71117 3.86841 3.85955 3.7856 4.0315
3.79866 4.19344 3.84803 3.87298 4.11575 3.7187 3.87567 3.86661 3.7929 4.03878
3.8046 4.1991 3.85304 3.87841 4.12081 3.72624 3.88295 3.87371 3.7999 4.04612
3.8105 4.20475 3.85808 3.88391 4.1258 3.73379 3.8902 3.88077 3.8069 4.05319
3.81635 4.21034 3.86306 3.88932 4.13083 3.74134 3.89744 3.88783 3.81386 4.06023
3.82221 4.21595 3.86807 3.89472 4.13576 3.74893 3.90469 3.89469 3.82082 4.06722
3.82807 4.22155 3.87314 3.90016 4.14062 3.75646 3.91192 3.9014 3.82779 4.07402
