3.59826 3.76668 3.86975 3.5495 4.04844 3.49869 5.58553 4.97682 5.04109 5.24088
3.60568 3.78429 3.87789 3.57194 4.05917 3.50515 5.59654 5.01371 5.07525 5.25558
3.62711 3.81683 3.89633 3.62807 4.08787 3.51778 5.62974 5.12453 5.13264 5.26958
3.65609 3.86261 3.94234 3.67098 4.14277 3.54103 5.67497 5.29788 5.20044 5.34219
3.72079 3.92988 4.02361 3.77024 4.24944 3.51801 5.69992 5.56229 5.49167 5.39439
3.83299 4.07881 4.13619 3.87056 4.39162 3.54172 5.945 5.60654 5.75169 5.40666
3.96237 4.42559 4.37401 4.19087 4.56246 4.00207 6.44434 5.70445 6.4761 5.48303
4.13431 4.7801 4.68407 4.5884 4.7068 7.00425 7.03889 6.01753 6.44037 5.52571
4.33437 4.9094 4.83774 4.98408 5.13016 6.9724 7.28337 6.62549 6.53599 5.57636
4.578 5.31852 4.94808 5.3729 5.53928 6.96248 7.25988 6.62025 6.5928 5.76615
4.55347 5.52954 5.22753 6.44377 6.0579 6.94433 7.24255 6.59196 6.57962 5.91213
5.97002 5.72768 6.20701 6.60147 7.09645 6.89631 7.22947 6.56292 6.56718 7.46648
7.15721 6.76999 7.36008 6.23318 7.85191 6.87582 7.21851 6.55966 6.53639 8.36591
7.12418 6.73135 7.32034 6.49805 7.91538 6.85293 7.21978 6.4689 6.53534 8.37178
7.12388 6.73044 7.31937 6.49527 7.91356 6.84495 7.2259 6.46449 6.52964 8.36122
7.11906 6.73412 7.31011 6.4948 7.9177 6.8371 7.2319 6.46702 6.53009 8.35442
7.12291 6.73831 7.31104 6.49583 7.92203 6.84192 7.23781 6.46786 6.53324 8.36025
7.12677 6.74248 7.31494 6.4986 7.92637 6.84643 7.24369 6.47312 6.53709 8.36608
7.13051 6.74666 7.31883 6.50134 7.93064 6.85071 7.24937 6.47822 6.54096 8.3718
7.13426 6.75082 7.32257 6.50396 7.93482 6.855 7.25504 6.4833 6.54481 8.37725
7.13797 6.75491 7.32622 6.50661 7.93896 6.85912 7.26062 6.4883 6.54847 8.38237
