6.23646 6.63923 5.60949 5.54469 5.37602 7.49946 6.90169 5.36983 7.00392 6.48591
6.27638 6.65736 5.62967 5.57548 5.40132 7.52926 6.92598 5.4191 7.09847 6.52329
6.40935 6.77254 5.69136 5.67668 5.48667 7.56044 7.00665 5.55079 7.16385 6.78141
6.66514 7.12299 5.89028 5.90512 5.69606 7.62135 7.19054 5.73503 7.52185 7.07216
7.12986 7.56667 6.19753 6.23627 6.05924 8.07583 7.65957 6.65302 7.58959 7.55338
7.74495 7.9136 6.66148 6.67734 6.49034 8.35657 7.98481 7.16353 7.56906 8.04194
8.07563 8.11545 7.40871 7.62919 6.91008 8.37193 8.46045 7.53268 7.52899 8.11812
8.12177 8.12478 7.78023 7.94289 7.3728 8.3691 8.45358 7.52702 7.51799 8.10914
8.11529 8.12113 7.87812 7.94526 7.85666 8.36567 8.45189 7.48093 7.51046 8.10399
8.11382 8.12099 7.86235 7.94583 7.97247 8.36569 8.44708 7.46481 7.50954 8.10286
8.11323 8.12076 7.86085 7.94579 8.03401 8.3566 8.4437 7.46488 7.50955 8.10289
8.11325 8.1209 7.86007 7.9458 8.05019 8.34362 8.44372 7.46491 7.50958 8.1026
8.1132 8.12092 7.86009 7.9458 8.04849 8.34363 8.44319 7.46491 7.51042 8.10273
8.11313 8.12027 7.85961 7.94575 8.04839 8.34358 8.44316 7.46483 7.51074 8.10276
8.11303 8.12074 7.8595 7.94568 8.04842 8.3435 8.4431 7.46477 7.51008 8.10267
8.11288 8.12074 7.85943 7.94565 8.04825 8.34348 8.44307 7.41395 7.50946 8.10245
8.11353 8.12073 7.85943 7.94566 8.04827 8.34346 8.44306 7.46477 7.51027 8.10246
8.11294 8.12058 7.85947 7.94571 8.04823 8.34347 8.44309 7.46482 7.50949 8.10252
8.1131 8.12082 7.85968 7.94577 8.04845 8.34357 8.44314 7.46491 7.50955 8.10261
8.11313 8.12087 7.8597 7.94578 8.04857 8.34361 8.44317 7.4649 7.50966 8.10269
8.11313 8.12087 7.8597 7.94578 8.04858 8.34361 8.44317 7.4649 7.50966 8.10269
