5.28517 5.33737 4.73281 4.51009 4.87825 4.18264 5.16049 5.81145 3.60319 4.58908
5.28517 5.33737 4.73281 4.51009 4.87825 4.18264 5.16049 5.81145 3.60319 4.58908
5.28517 5.33737 4.73281 4.51009 4.87825 4.18264 5.16049 5.81145 3.60319 4.58908
5.28517 5.33737 4.73281 4.51009 4.87825 4.18264 5.16049 5.81145 3.60319 4.58908
5.28517 5.33737 4.73281 4.51009 4.87825 4.18264 5.16049 5.81145 3.60319 4.58908
5.28517 5.33737 4.73281 4.51009 4.87825 4.18264 5.16049 5.81145 3.60319 4.58908
5.28517 5.33737 4.73281 4.51009 4.87825 4.18264 5.16049 5.81145 3.60319 4.58908
5.28517 5.33737 4.73281 4.51009 4.87825 4.18264 5.16049 5.81145 3.60319 4.58908
5.28517 5.33737 4.73281 4.51009 4.87825 4.18264 5.16049 5.81145 3.60319 4.58908
5.28517 5.33737 4.73281 4.51009 4.87825 4.18264 5.16049 5.81145 3.60319 4.58908
5.28517 5.33737 4.73281 4.51009 4.87825 4.18264 5.16049 5.81145 3.60319 4.58908
5.28517 5.33737 4.73281 4.51009 4.87825 4.18264 5.16049 5.81145 3.60319 4.58908
5.28517 5.33737 4.73281 4.51009 4.87825 4.18264 5.16049 5.81145 3.60319 4.58908
5.28517 5.33737 4.73281 4.51009 4.87825 4.18264 5.16049 5.81145 3.60319 4.58908
5.28517 5.33737 4.73281 4.51009 4.87825 4.18264 5.16049 5.81145 3.60319 4.58908
5.28517 5.33737 4.73281 4.51009 4.87825 4.18264 5.16049 5.81145 3.60319 4.58908
5.28517 5.33737 4.73281 4.51009 4.87825 4.18264 5.16049 5.81145 3.60319 4.58908
5.28517 5.33737 4.73281 4.51009 4.87825 4.18264 5.16049 5.81145 3.60319 4.58908
5.28517 5.33737 4.73281 4.51009 4.87825 4.18264 5.16049 5.81145 3.60319 4.58908
5.28517 5.33737 4.73281 4.51009 4.87825 4.18264 5.16049 5.81145 3.60319 4.58908
5.28517 5.33737 4.73281 4.51009 4.87825 4.18264 5.16049 5.81145 3.60319 4.58908
