5.05921 5.01049 5.1957 4.645 5.00625 5.33098 6.75698 5.82445 5.5114 6.13402
5.06798 5.02691 5.20584 4.67483 5.01619 5.33971 6.76597 5.84925 5.54202 6.146
5.0862 5.05462 5.22174 4.71751 5.03246 5.35177 6.77645 5.88067 5.60603 6.16204
5.11309 5.03158 5.25161 4.7583 5.0555 5.49678 6.78803 5.91846 5.7882 6.1712
5.14784 5.17592 5.3222 4.81185 5.09964 5.76571 6.80423 6.00614 5.41483 6.21533
5.19016 5.29849 5.38643 4.89742 5.19134 5.81716 6.8422 6.29251 5.45042 6.32577
5.28802 5.50956 5.53253 5.0484 5.30832 5.92056 6.93896 6.67553 5.54997 6.42903
5.39962 5.66741 5.74188 5.18613 5.48768 6.36199 7.1255 7.19846 5.66402 6.5123
5.55516 5.84927 5.78847 5.46093 5.61703 7.09029 7.43165 7.33318 5.91162 6.5997
5.79695 6.06141 6.10409 5.75582 5.82278 7.67945 7.94242 7.42872 5.93186 6.77943
6.1468 6.26327 6.33073 6.02664 6.06914 7.75169 8.02579 7.43508 6.3476 7.24327
6.87868 6.5121 6.64589 6.33713 6.3905 7.76282 8.03307 7.44065 7.53644 7.55891
7.24728 7.17066 7.30256 6.62555 6.90098 7.76854 8.03959 7.44619 7.54108 8.01066
7.89396 7.18523 7.95096 6.95779 7.41971 7.77459 8.04495 7.45128 7.54561 8.32287
7.89109 7.18934 7.96145 7.38286 8.14345 7.78064 8.05231 7.45684 7.55011 8.55291
7.89546 7.19439 7.96565 7.38594 8.15752 7.78673 8.05919 7.46197 7.55448 8.55899
7.89979 7.19858 7.96964 7.38889 8.1626 7.79288 8.06605 7.46713 7.55878 8.56454
7.90412 7.20321 7.97363 7.39182 8.16767 7.79901 8.07258 7.47227 7.56308 8.57117
7.9083 7.20783 7.97761 7.39477 8.17256 7.8049 8.07874 7.47743 7.56734 8.57675
7.91246 7.21244 7.98161 7.39772 8.17737 7.81076 8.0848 7.48257 7.5716 8.58288
7.91652 7.21711 7.9855 7.40066 8.18211 7.81664 8.09059 7.48772 7.57553 8.5888
