2.71212 2.58088 2.93545 3.02576 3.4405 3.93958 4.10684 5.07004 5.54649 5.02398
2.71703 2.59457 2.93625 3.03648 3.45616 3.94783 4.11115 5.05395 5.55809 5.03176
2.76507 2.63461 2.95532 3.07215 3.51251 3.99595 4.10308 5.02845 5.54249 5.10994
2.89419 2.71724 3.06594 3.17636 3.61267 4.10951 4.3525 5.00036 5.50202 5.1961
3.17417 2.9015 3.29822 3.52237 3.90386 4.40026 5.24469 3.40774 5.44937 5.24231
3.82264 3.19324 3.60905 4.34321 4.63251 5.7496 5.52341 3.68336 5.39332 5.33741
4.94977 3.91961 4.1506 5.18969 5.87905 6.08685 5.78952 4.92053 5.3525 7.3535
5.39 6.33997 6.56016 5.75868 6.51434 6.07494 5.77322 4.9066 5.3383 7.31834
6.23049 6.76939 6.54494 5.71472 7.05573 6.02402 5.75643 4.89483 5.3362 7.31317
6.17683 6.74431 6.53086 5.69334 7.24486 6.00215 5.74239 4.8889 5.31974 7.31179
6.15797 6.7324 6.51556 5.67784 7.2414 6.0001 5.73104 4.88239 5.31346 7.30837
6.15098 6.721 6.51364 5.67897 7.24138 6.0001 5.72898 4.88229 5.30767 7.30836
6.15094 6.72099 6.51286 5.67896 7.24136 6.00009 5.72898 4.88297 5.30767 7.30371
6.15051 6.72358 6.51309 5.67893 7.2413 6.00009 5.72896 4.88284 5.30765 7.30372
6.15091 6.72358 6.51308 5.67892 7.24128 6.00007 5.72895 4.88222 5.30764 7.30372
6.15089 6.72358 6.51306 5.67892 7.24129 6.00008 5.72895 4.88212 5.30765 7.30376
6.15091 6.72357 6.51281 5.67892 7.24129 6.00008 5.72896 4.88217 5.30766 7.30417
6.12918 6.7236 6.5131 5.67895 7.24134 6.0001 5.72897 4.88219 5.30767 7.30421
6.15094 6.72365 6.51312 5.67895 7.24138 6.0001 5.72898 4.88235 5.30768 7.30378
6.15094 6.72365 6.51312 5.67895 7.24138 6.0001 5.72898 4.88238 5.30768 7.30378
6.15094 6.72365 6.51312 5.67895 7.24138 6.0001 5.72898 4.88238 5.30768 7.30378
