4.22052 4.65318 4.68493 4.39628 4.53548 4.65278 6.53493 5.68924 6.14915 5.97795
4.22052 4.65318 4.68493 4.39628 4.53548 4.65252 6.53493 5.68924 6.14915 5.97795
4.22052 4.65318 4.68493 4.39628 4.53548 4.65252 6.53493 5.68924 6.14915 5.97795
4.22052 4.65318 4.68493 4.39628 4.53548 4.65252 6.53493 5.68924 6.14915 5.97795
4.22052 4.65318 4.68493 4.39628 4.53548 4.65252 6.53493 5.68924 6.14915 5.97795
4.22052 4.65318 4.68493 4.39628 4.53548 4.65252 6.53493 5.68924 6.14915 5.97795
4.22052 4.65318 4.68493 4.39628 4.53548 4.65252 6.53493 5.68924 6.14915 5.97795
4.22052 4.65318 4.68493 4.39628 4.53548 4.65252 6.53493 5.68924 6.14915 5.97795
4.22052 4.65343 4.68493 4.39628 4.53548 4.65252 6.53493 5.68924 6.14915 5.97795
4.22052 4.65318 4.68493 4.39628 4.53548 4.65252 6.53493 5.68924 6.14915 5.97795
4.22052 4.65318 4.68493 4.39628 4.53548 4.65252 6.53493 5.68924 6.14915 5.97795
4.22052 4.65318 4.68493 4.39628 4.53548 4.65252 6.53493 5.68924 6.14915 5.97795
4.22052 4.65318 4.68493 4.39628 4.53548 4.65252 6.53493 5.68924 6.14915 5.97795
4.22052 4.65318 4.68493 4.39628 4.53548 4.65252 6.53493 5.68924 6.14915 5.97795
4.22052 4.65318 4.68493 4.39628 4.53548 4.65252 6.53493 5.68924 6.14915 5.97795
4.22052 4.65318 4.68493 4.39628 4.53548 4.65252 6.53493 5.68924 6.14915 5.97795
4.22052 4.65318 4.68493 4.39628 4.53548 4.65252 6.53493 5.68924 6.14915 5.97795
4.22052 4.65318 4.68493 4.39628 4.53548 4.65252 6.53493 5.68924 6.14915 5.97795
4.22052 4.65318 4.68493 4.39628 4.53548 4.65252 6.53493 5.68924 6.14915 5.97795
4.22052 4.65343 4.68493 4.39628 4.53548 4.65252 6.53493 5.68924 6.14915 5.97795
4.22052 4.65318 4.68493 4.39628 4.53548 4.65252 6.53493 5.68924 6.14915 5.97795
