4.56186 4.80336 4.39513 4.2625 5.43131 6.48194 5.86763 5.36833 6.47445 7.31091
4.577 4.80394 4.4038 4.29391 5.43151 6.48996 5.90225 5.39756 6.47468 7.3123
4.62933 4.81978 4.44811 4.48424 5.43742 6.55962 5.93039 5.53493 6.48045 7.32339
4.79295 4.91183 4.58561 4.90123 5.49847 6.7164 6.02995 5.62913 6.63343 7.35793
4.99901 5.11949 4.87117 5.27439 5.59142 7.16407 6.34972 5.79199 6.7566 7.46618
5.26708 5.43242 5.16072 5.52122 5.79546 7.58708 6.51685 6.71105 6.84443 7.70118
5.55215 5.62939 5.55356 5.7731 6.10201 7.82536 6.72321 6.71075 6.90576 7.95592
5.81804 5.89145 5.88217 6.15046 6.56759 8.08647 6.9211 6.71053 6.93154 8.46969
6.14399 6.32418 6.18741 6.59441 6.90262 8.10721 6.99002 6.71039 6.93203 8.5412
6.36106 6.62082 6.35935 6.79124 7.15139 8.10721 7.06057 6.71033 6.93186 8.58484
6.61232 6.84403 6.50481 6.93195 7.38711 8.10713 7.13612 6.71009 6.93174 8.5861
6.87148 7.12932 6.67846 7.05196 7.65768 8.10707 7.19248 6.71005 6.93166 8.58599
7.22441 7.51954 6.94082 7.05599 7.87785 8.10702 7.19228 6.71001 6.9316 8.58595
7.50714 7.64498 7.32918 7.05595 7.94003 8.10701 7.19223 6.71001 6.93157 8.58589
7.55116 7.66153 7.68496 7.05592 8.05662 8.10699 7.19221 6.71 6.93123 8.58587
7.55365 7.66181 7.68493 7.0559 8.06208 8.10699 7.1922 6.71 6.93121 8.58587
7.55362 7.66145 7.68489 7.05586 8.06204 8.10697 7.19224 6.70999 6.93121 8.58587
7.5536 7.66181 7.68488 7.05587 8.06204 8.10696 7.19222 6.71 6.93122 8.58585
7.5536 7.66181 7.68488 7.05588 8.06203 8.10698 7.19221 6.70999 6.9312 8.58585
7.55358 7.66182 7.68487 7.05587 8.062 8.10698 7.19221 6.70999 6.9312 8.58585
7.55358 7.66137 7.68487 7.05587 8.06201 8.10698 7.19221 6.70999 6.93121 8.58585
