3.59264 3.77252 3.72437 3.42999 4.02691 3.07161 4.31921 3.89596 3.92496 4.38847
3.60055 3.78763 3.73343 3.4374 4.03407 3.07416 4.32561 3.90711 3.93431 4.40587
3.61879 3.8169 3.74898 3.46791 4.04739 3.07939 4.34539 3.9262 3.93778 4.46873
3.63564 3.86013 3.78694 3.51461 4.07947 3.0877 4.37825 3.95848 3.97705 4.54945
3.67631 3.93225 3.8742 3.60907 4.13622 3.10445 4.50748 4.01229 4.02758 4.71969
3.78637 4.05967 3.99 3.67655 4.23426 3.14145 4.67177 4.11858 4.15444 4.81695
4.00373 4.1956 4.2549 3.87934 4.38503 3.21323 4.84408 4.24167 4.34761 4.94875
4.20422 4.41775 4.45183 4.08502 4.60164 3.32625 5.09677 4.3226 4.46027 5.13277
4.47278 4.66492 4.76613 4.29308 4.86744 3.52595 5.39612 4.46447 4.63715 5.42901
4.85478 4.96557 5.21007 4.52566 5.14542 3.76399 5.76943 4.61917 4.88736 5.8213
5.09569 5.19295 5.46218 4.8635 5.46536 4.13076 6.07639 4.86043 5.14986 6.13266
5.50351 5.4038 5.73818 5.27721 5.80958 4.60482 6.40826 5.2229 5.2739 6.43224
5.94135 5.61017 5.98432 5.67482 6.33099 5.10861 6.76135 5.56498 5.46408 6.73844
6.2339 6.05397 6.22799 6.25045 6.75338 5.57735 7.13662 5.96037 5.82378 6.97418
6.78081 6.57247 6.57971 6.6107 7.16284 6.37359 7.34346 6.49292 6.42949 7.32292
7.34416 7.0634 6.95614 6.88593 7.50328 7.20919 7.50487 6.93834 7.06242 7.62338
7.59103 7.10778 7.64293 7.2924 7.73703 7.2791 7.55195 6.94584 7.06533 7.88829
7.59498 7.11159 7.65953 7.29471 7.74741 7.28242 7.55584 6.95062 7.06808 8.02655
7.5985 7.11497 7.66339 7.29717 7.75102 7.28541 7.55936 6.9538 7.07078 8.03154
7.60194 7.1187 7.66724 7.29979 7.75465 7.28848 7.56287 6.957 7.0734 8.03539
7.60539 7.12217 7.67111 7.30225 7.75826 7.29146 7.56637 6.9602 7.07599 8.03916
