3.67221 4.2889 4.11886 3.34257 4.42613 5.34654 5.58143 4.24707 4.62676 4.45475
3.67454 4.30736 4.17037 3.365 4.42978 5.36578 5.59297 4.23951 4.63066 4.46344
3.6892 4.38288 4.20313 3.4914 4.44246 5.36956 5.62348 4.25738 4.6403 4.55281
3.66043 4.53292 4.26613 3.6393 4.48823 5.32679 5.67357 4.32177 4.66239 4.72463
3.75574 4.78704 4.3508 3.78957 4.57604 5.81464 5.71766 4.47849 4.75216 4.89077
3.98212 5.32759 4.53354 4.17094 4.74247 6.18627 5.83408 4.7103 5.01061 5.10034
4.25327 5.69162 4.81671 4.40337 5.10842 6.56004 6.10611 5.0384 5.21262 5.26449
4.64289 6.05567 5.1117 4.62356 5.55877 7.13629 6.36651 5.23375 5.47993 5.50098
4.99815 6.40124 5.59403 4.95534 6.00728 7.34479 6.5846 5.30553 5.75531 5.87441
5.35473 6.73843 5.90746 5.17892 6.52003 7.53291 6.81096 5.41743 5.93899 6.57329
5.74724 6.97469 6.23669 5.73124 6.80721 7.64495 7.12778 5.55323 6.09674 6.94929
6.08687 7.16388 6.6201 6.33432 7.08042 8.07931 7.46987 5.70931 7.54409 8.22717
6.64869 7.41271 7.43329 6.5396 7.59194 8.07929 7.4698 5.94459 7.5458 8.22729
7.37419 7.49022 7.48493 7.16568 7.93306 8.07929 7.46977 7.43287 7.5459 8.22728
7.46868 7.50125 7.48546 7.15481 7.9625 8.07928 7.46976 7.43287 7.54589 8.22724
7.46864 7.50023 7.4854 7.1548 7.96243 8.07925 7.46976 7.43287 7.54586 8.22719
7.46857 7.50022 7.48537 7.15478 7.96284 8.07921 7.46964 7.43281 7.54584 8.22719
7.46856 7.5002 7.48536 7.15477 7.96236 8.0792 7.46916 7.43283 7.54583 8.22717
7.46858 7.50021 7.48536 7.15479 7.96238 8.07923 7.46915 7.38529 7.54587 8.22719
7.46862 7.50023 7.48541 7.15479 7.96239 8.07926 7.46917 7.43283 7.54587 8.2272
7.46863 7.50024 7.48541 7.15478 7.96241 8.07926 7.46918 7.43283 7.54588 8.22721
