3.53124 3.7554 4.16257 4.04688 4.13534 3.9755 5.57114 5.03777 5.31178 5.32798
3.487 3.76323 4.1722 4.05431 4.15332 3.98795 5.58026 5.05912 5.32118 5.34134
3.56741 3.7744 4.19892 4.09451 4.18845 4.24822 5.59838 5.10396 5.3981 5.34723
3.54709 3.80799 4.18903 4.13103 4.24166 4.38816 5.66179 5.1291 5.41844 5.36543
3.57011 3.84883 4.25371 4.16861 4.30862 4.42246 5.70632 5.20005 5.4146 5.38823
3.53665 3.87684 4.30964 4.24582 4.36974 4.55274 5.75194 5.24812 5.4584 5.48149
3.63857 3.95637 4.40089 4.38999 4.48149 4.68601 5.79985 5.31652 5.60276 5.63734
3.69074 4.04785 4.54491 4.54263 4.59546 4.84815 6.01688 5.36135 5.72638 5.66452
3.7467 4.11495 4.70757 4.84274 4.69518 5.40137 6.38514 5.48942 5.90561 5.63959
3.99873 4.57911 4.87931 5.10768 4.84715 6.1404 6.51701 5.65674 6.43583 5.78903
4.27422 4.79707 5.06457 5.25663 5.16376 6.79947 6.69087 6.05828 6.4475 5.88747
4.65905 4.99007 5.32177 5.5898 5.67153 6.80314 7.1546 6.56148 6.53266 5.95731
5.01484 5.38814 5.90312 6.01849 6.17079 6.80626 7.27519 6.56489 6.74054 6.52954
6.93047 6.35308 7.22722 6.39764 6.86984 6.80943 7.28017 6.56826 6.74281 6.97868
6.93333 6.35582 7.23174 6.53337 7.66935 6.81261 7.28518 6.57164 6.74502 8.20056
6.93632 6.35704 7.23466 6.5355 7.6763 6.81581 7.29022 6.57503 6.74508 8.20225
6.93915 6.35929 7.23754 6.53766 7.68068 6.81902 7.29527 6.57846 6.74939 8.20755
6.9421 6.36403 7.24042 6.53977 7.68342 6.82221 7.30034 6.58192 6.75152 8.21249
6.94499 6.3669 7.24261 6.54186 7.68641 6.82544 7.3054 6.58526 6.75357 8.21698
6.9479 6.36967 7.24149 6.54393 7.68992 6.82873 7.31051 6.5886 6.75562 8.22144
6.95067 6.37262 7.24599 6.54595 7.69291 6.83201 7.31568 6.5919 6.75771 8.22569
