4.05695 4.4126 4.38008 3.77806 4.65446 5.48357 5.8799 4.73039 4.93161 4.52975
4.06224 4.42043 4.3871 3.80223 4.66016 5.49386 5.88707 4.74889 4.93972 4.53548
4.07043 4.44597 4.40204 3.86038 4.66627 5.56256 5.89889 4.77798 4.84358 4.54405
4.11212 4.52656 4.42794 3.91983 4.72418 5.66555 5.9133 4.83876 4.96897 4.56023
4.2038 4.57779 4.48456 4.01138 4.76296 5.86569 5.95742 4.93527 4.98883 4.58433
4.28158 4.72758 4.57292 4.14211 4.84349 6.40873 5.99811 5.04342 5.12803 4.68988
4.37722 5.08191 4.74621 4.33091 4.9851 6.49596 6.04898 5.32841 5.25227 4.7957
4.49193 5.49775 4.99214 4.61078 5.18694 6.61378 6.10841 5.38926 5.68613 4.96759
4.70737 5.90377 5.45277 5.05079 5.36504 6.79553 6.39217 5.43074 7.43032 5.25681
5.20617 6.40008 5.90159 6.09389 5.82933 7.00809 7.72784 5.44852 7.41731 5.71496
5.77469 6.8384 6.44752 6.45649 6.5298 7.256 7.83486 5.56213 7.41686 6.21453
6.81624 7.25277 6.96398 6.48861 7.03285 7.82312 7.82438 7.41187 7.40873 8.06494
7.50724 7.60061 7.65329 6.50149 7.82598 7.82432 7.82632 7.40409 7.4059 8.0252
7.5645 7.58766 7.61544 7.36739 7.97017 7.82771 7.8222 7.39526 7.40089 8.01031
7.52165 7.58303 7.61299 7.34122 7.9532 7.82436 7.81661 7.37902 7.35329 8.01625
7.519 7.58744 7.61741 7.32859 7.95841 7.81333 7.81717 7.36695 7.35733 8.02217
7.5202 7.59213 7.62191 7.33212 7.96373 7.81828 7.82054 7.37033 7.36363 8.02809
7.52434 7.59677 7.62639 7.33636 7.96902 7.82188 7.82479 7.3761 7.36994 8.03395
7.52902 7.60138 7.63087 7.34024 7.9743 7.82618 7.83462 7.38081 7.37621 8.03963
7.53269 7.60587 7.63528 7.33911 7.97956 7.83038 7.84035 7.38515 7.3825 8.04534
7.53736 7.61035 7.63967 7.34527 7.98484 7.8345 7.84544 7.38972 7.38869 8.05024
