3.19487 3.36887 3.79049 3.75319 4.56296 4.95355 5.14364 4.67914 4.33311 5.63054
3.20183 3.38005 3.80354 3.77241 4.57421 4.97078 5.14642 4.71985 4.34114 5.65001
3.24864 3.3957 3.84076 3.78973 4.58694 5.00332 5.17795 4.73981 4.33538 5.66056
3.25451 3.40402 3.95213 3.80914 4.59869 5.12458 5.19997 4.77326 4.3683 5.66501
3.27586 3.41882 4.05206 3.83648 4.62677 5.21818 5.2216 4.81912 4.41716 5.64823
3.30195 3.43636 4.16236 3.88006 4.66731 5.2493 5.25141 5.92835 4.49198 5.68525
3.37278 3.45973 4.32926 3.9745 4.72686 5.50047 5.27534 5.93092 4.6233 5.72261
3.51895 3.49556 4.4996 4.10051 4.8371 5.61001 5.4924 5.93336 6.214 5.88345
3.82634 3.69001 4.71968 4.23727 5.12712 5.71415 5.61449 5.93576 6.26333 6.06389
4.08645 4.01136 5.13923 4.47085 5.39237 5.81317 5.92797 5.93804 6.26646 6.4116
4.3326 4.30899 5.51067 4.78216 5.66533 6.02126 6.23852 5.94012 6.26976 6.5551
4.77808 4.81297 5.78711 5.17172 6.25397 6.39389 6.51401 5.94226 6.27313 8.20059
5.48232 5.46792 6.05842 5.80491 7.01397 6.58928 6.671 5.94446 6.27665 8.20451
6.19147 6.14399 6.54565 6.627 7.41747 6.53593 6.67546 5.94656 6.28005 8.20841
6.82369 6.96083 7.29485 6.63427 7.86638 6.9986 6.68111 5.94862 6.28323 8.21231
7.0024 7.51829 7.29929 6.63799 7.99452 7.00169 6.68616 5.94931 6.27663 8.21624
7.0194 7.52356 7.30377 6.64159 8.05211 7.00469 6.69121 5.95241 6.28533 8.22017
7.02353 7.52873 7.30626 6.64522 8.05667 7.00771 6.69629 5.95421 6.28301 8.22415
7.02772 7.53324 7.31276 6.64887 8.06161 7.01074 6.70117 5.95603 6.2861 8.22814
7.03181 7.53834 7.31736 6.65253 8.06644 7.01377 6.70628 5.95784 6.28913 8.23212
7.03593 7.54344 7.32197 6.65618 8.07094 7.01678 6.71126 5.95971 6.29218 8.23613
