5.13947 5.24185 4.80492 4.554 4.71894 3.97858 5.43196 5.75307 4.62576 4.94825
5.13947 5.24185 4.80492 4.554 4.71894 3.97858 5.43196 5.75307 4.62576 4.94825
5.13947 5.24185 4.80492 4.554 4.71894 3.97858 5.43196 5.75307 4.62576 4.94825
5.13947 5.24185 4.80492 4.554 4.71894 3.97858 5.43196 5.75307 4.62576 4.94825
5.13947 5.24185 4.80492 4.554 4.71894 3.97858 5.43196 5.75307 4.62576 4.94825
5.13947 5.24185 4.80492 4.554 4.71894 3.97858 5.43196 5.75307 4.62576 4.94825
5.13947 5.24185 4.80492 4.554 4.71894 3.97858 5.43196 5.75307 4.62576 4.94825
5.13947 5.24185 4.80492 4.554 4.71894 3.97858 5.43196 5.75307 4.62576 4.94825
5.13947 5.24185 4.80492 4.554 4.71894 3.97858 5.43196 5.75307 4.62576 4.94825
5.13947 5.24185 4.80492 4.554 4.71894 3.97858 5.43196 5.75307 4.62576 4.94825
5.13947 5.24185 4.80492 4.554 4.71894 3.97858 5.43196 5.75307 4.62576 4.94825
5.13947 5.24185 4.80492 4.554 4.71894 3.97858 5.43196 5.75307 4.62576 4.94825
5.13947 5.24185 4.80492 4.554 4.71894 3.97858 5.43196 5.75307 4.62576 4.94825
5.13947 5.24185 4.80492 4.554 4.71894 3.97858 5.43196 5.75307 4.62576 4.94825
5.13947 5.24185 4.80492 4.554 4.71894 3.97858 5.43196 5.75307 4.62576 4.94825
5.13947 5.24185 4.80492 4.554 4.71894 3.97858 5.43196 5.75307 4.62576 4.94825
5.13947 5.24185 4.80492 4.554 4.71894 3.97858 5.43196 5.75307 4.62576 4.94825
5.13947 5.24185 4.80492 4.554 4.71894 3.97858 5.43196 5.75307 4.62576 4.94825
5.13947 5.24185 4.80492 4.554 4.71894 3.97858 5.43196 5.75307 4.62576 4.94825
5.13947 5.24185 4.80492 4.554 4.71894 3.97858 5.43196 5.75307 4.62576 4.94825
5.13947 5.24185 4.80492 4.554 4.71894 3.97858 5.43196 5.75307 4.62576 4.94825
