3.29693 3.28279 3.72209 4.14518 4.41626 4.9894 4.91329 3.92624 4.60222 5.83452
3.29917 3.28913 3.74001 4.14864 4.42472 5.01363 4.9802 3.93902 4.60844 5.83808
3.30132 3.28549 3.76079 4.16109 4.43335 5.0471 5.04444 3.94784 4.64184 5.81852
3.30437 3.29498 3.78583 4.19098 4.44446 5.10648 5.06719 3.95635 4.67873 5.8888
3.30808 3.30496 3.81483 4.22494 4.46617 5.17884 5.07045 3.96205 6.23924 5.90949
3.32558 3.32735 3.83021 4.25743 4.50045 5.51426 5.16503 4.00796 6.23769 5.93483
3.37007 3.36308 3.9158 4.29926 4.61725 5.57655 5.15663 4.04685 6.2431 6.00277
3.4466 3.45219 4.14327 4.42762 4.82456 5.63964 5.32963 4.16787 6.24581 6.11833
3.53583 3.67354 4.37278 4.63451 5.07937 5.71383 5.56594 4.17726 6.2485 6.37956
3.87642 3.80015 4.81452 4.90963 5.4511 5.93206 5.7604 4.5111 6.25125 6.53566
4.09939 4.12842 5.15899 5.14355 5.81237 6.44833 6.6244 5.88482 6.25406 6.71079
4.40595 5.15948 5.63805 5.95031 6.41011 6.81168 6.62918 5.88808 6.25691 8.09239
5.09412 5.82189 5.86984 6.41264 7.2736 6.81479 6.63411 5.89099 6.25985 8.09575
6.33112 6.57193 6.73654 6.55048 7.74979 6.81806 6.63746 5.89309 6.25642 8.09924
6.84864 7.43663 7.25359 6.5545 7.83253 6.82133 6.64137 5.89473 6.26584 8.10277
6.86401 7.4414 7.25686 6.55781 7.93575 6.82464 6.6462 5.89617 6.26885 8.10631
6.86776 7.44614 7.2618 6.56116 7.97473 6.82795 6.65227 5.89749 6.27187 8.10985
6.87149 7.45094 7.26596 6.56454 7.97865 6.83125 6.65701 5.89876 6.27487 8.11344
6.87454 7.45577 7.27011 6.56793 7.98257 6.8346 6.6618 5.90006 6.27776 8.11693
6.87833 7.46062 7.27433 6.57134 7.9866 6.83794 6.66646 5.90137 6.2807 8.1204
6.88215 7.4655 7.27863 6.57477 7.99058 6.84124 6.67092 5.90269 6.28365 8.12382
