3.36527 3.7765 4.38165 3.47545 4.02535 3.91138 4.99489 4.48736 4.30554 3.95976
3.36794 3.82152 4.3912 3.47156 4.03292 3.91511 5.00596 4.49178 4.31127 3.96412
3.37863 3.80222 4.42434 3.52919 4.07008 3.87768 5.05824 4.53207 4.32624 3.9705
3.39514 3.84611 4.46238 3.76049 4.13684 3.88115 5.17449 4.54917 4.36473 4.0718
3.43613 3.82964 4.51841 3.91115 4.24007 3.91795 5.28863 4.50949 4.47522 4.11642
3.53793 3.88002 4.60453 4.03751 4.37552 3.88014 5.48213 4.52751 4.77964 4.32038
3.78258 4.04283 4.77315 4.12163 4.49948 3.96928 6.08628 4.63534 5.00548 4.55571
3.94846 4.49999 5.17257 4.33098 4.71193 4.40205 7.49869 4.94074 5.23986 4.74495
4.3262 4.83 5.83153 4.62307 5.01591 5.27407 8.05916 5.29237 5.43516 5.11031
4.9547 5.0689 6.4616 5.07487 5.39371 7.32451 8.02395 5.86988 5.50938 5.5181
5.48102 5.72158 7.13331 6.56689 5.90179 7.26831 7.99252 7.63227 5.81619 5.99771
5.89165 6.66919 7.49711 7.11269 6.91859 7.2396 7.97895 7.6039 6.23438 7.97704
6.79913 7.35235 7.74792 7.08135 7.63845 7.22466 7.96245 7.59191 7.08288 7.94838
6.75716 7.31642 7.70045 7.07717 7.62064 7.21815 7.96374 7.58308 7.07792 7.93893
6.74956 7.31263 7.7008 7.07288 7.62232 7.22282 7.95363 7.58376 7.08242 7.93918
6.7531 7.31615 7.70413 7.07663 7.62416 7.22803 7.95915 7.59266 7.0885 7.92915
6.75663 7.31956 7.70743 7.0804 7.6276 7.23322 7.96449 7.59851 7.09247 7.92697
6.76017 7.32387 7.71071 7.0841 7.63135 7.23842 7.9701 7.60437 7.09894 7.93391
6.76371 7.32816 7.71399 7.08782 7.63513 7.24362 7.97569 7.61022 7.10491 7.93886
6.76723 7.33245 7.71719 7.09155 7.63894 7.24882 7.9813 7.61607 7.11074 7.94384
6.77077 7.33674 7.72039 7.09524 7.64273 7.25401 7.9869 7.62194 7.11647 7.9488
