3.81491 3.91359 4.19897 3.62446 4.45636 3.77634 5.54685 5.08903 4.36159 5.32212
3.82252 3.918 4.20856 3.63871 4.46144 3.77839 5.5682 5.09757 4.37485 5.33008
3.8338 3.92581 4.20203 3.67621 4.46798 3.78006 5.61415 5.10793 4.38793 5.34039
3.84824 3.93667 4.21345 3.71396 4.48217 3.78247 5.69046 5.13795 4.39376 5.23461
3.87218 3.95188 4.27848 3.75014 4.52471 3.76682 5.75653 5.18414 4.4153 5.26603
3.91088 3.98551 4.24771 3.84249 4.59946 3.77805 5.83939 5.25403 4.46217 5.29251
3.97799 4.04379 4.38749 3.94261 4.70752 3.87869 5.97015 5.34233 4.51545 5.32455
4.0727 4.14187 4.5531 4.08794 4.86975 4.34106 6.22153 5.71996 4.5872 5.36437
4.19794 4.26356 4.78943 4.33245 5.0625 4.71929 6.4385 5.88418 4.69912 5.36335
4.35789 4.44296 5.02429 4.78637 5.33632 4.98163 6.76917 6.05539 4.83386 5.44954
4.58937 5.06508 5.20241 5.23652 5.61785 5.38146 7.01141 6.83114 5.09746 5.55909
4.89215 5.34754 5.49028 5.53876 5.89248 6.44633 7.54037 6.8353 5.33306 5.79674
5.26538 5.66355 5.95481 5.87898 6.32063 7.37416 7.56227 6.83959 5.8589 6.04524
5.59535 5.95005 6.10564 6.1253 6.8556 7.3776 7.56831 6.84368 6.77746 6.52012
6.12677 6.83911 7.37823 6.57143 7.35365 7.38182 7.57433 6.84777 6.78086 7.42442
7.34575 6.8428 7.50287 6.94031 7.81331 7.38568 7.58006 6.85188 6.78423 8.13064
7.34927 6.84651 7.50659 6.94306 7.81768 7.39024 7.58581 6.85597 6.78729 8.2288
7.35276 6.85021 7.51001 6.94567 7.82205 7.39481 7.59159 6.86011 6.79034 8.23598
7.35618 6.85395 7.51291 6.94828 7.82642 7.39938 7.59713 6.86425 6.79342 8.24102
7.35785 6.85763 7.51654 6.95092 7.83067 7.40397 7.60265 6.86836 6.79647 8.24582
7.36121 6.86135 7.51993 6.95354 7.83488 7.40851 7.60816 6.87246 6.79954 8.25049
