4.65791 4.5194 4.20204 3.74829 4.30271 3.59318 4.20545 4.65576 2.80473 4.0368
4.66123 4.52927 4.20735 3.75643 4.30793 3.59756 4.27135 4.66476 2.80583 4.03865
4.66434 4.55373 4.21755 3.76792 4.31663 3.61239 4.30873 4.77714 2.80767 4.03637
4.67034 4.59754 4.24247 3.7838 4.32505 3.60184 4.35361 4.82784 2.82704 4.07204
4.69332 4.69614 4.29192 3.81368 4.35858 3.61375 4.44881 4.8804 2.83271 4.08971
4.75289 4.86535 4.3859 3.90618 4.40736 3.648 4.68203 5.0479 2.84955 4.10364
4.84519 5.0388 4.54609 3.98529 4.47883 3.68279 4.81749 5.49341 2.89275 4.13561
4.98449 5.18548 4.77256 4.03137 4.63623 3.69311 4.95647 5.49573 2.87802 4.29956
5.14238 5.36872 5.20041 4.20454 4.79042 3.69957 5.10257 5.49808 3.23541 4.58716
5.3754 5.71645 5.45846 4.43966 5.01934 3.80084 5.30292 5.50048 4.17175 6.65412
5.70199 5.98426 5.70102 4.67673 5.41971 3.83247 5.44495 5.50271 4.82423 6.82948
6.48789 6.09721 6.0637 4.90995 5.98721 5.81297 6.69021 5.50495 5.45139 7.73968
6.64787 6.37075 6.37812 5.30426 6.50907 5.81488 6.6939 5.50717 5.45353 7.74334
6.78892 6.58417 6.7669 6.44862 7.44991 5.81683 6.69637 5.50943 5.45553 7.74684
6.88308 7.2217 6.78172 6.45168 7.64079 5.8188 6.70022 5.5117 5.45746 7.75022
6.88596 7.22548 6.78464 6.45468 7.66282 5.82077 6.70324 5.51384 5.45938 7.75359
6.8888 7.22925 6.7875 6.45767 7.66753 5.82126 6.70704 5.51298 5.46205 7.75683
6.89167 7.23303 6.79041 6.46064 7.67058 5.82293 6.71181 5.51107 5.46482 7.76001
6.89453 7.23681 6.7933 6.46363 7.67414 5.82453 6.71567 5.51282 5.46673 7.76324
6.89735 7.2406 6.7962 6.46663 7.6777 5.82612 6.71943 5.51456 5.46853 7.76629
6.90019 7.24437 6.79908 6.47043 7.68125 5.82772 6.72307 5.51596 5.47024 7.76931
