3.16435 3.12624 3.50596 3.82868 4.17911 4.69247 4.7541 4.3014 4.27347 5.6014
3.16753 3.13749 3.49961 3.84052 4.18687 4.69636 4.74115 4.31154 4.28694 5.60781
3.17016 3.14718 3.54408 3.86369 4.19023 4.71204 4.77776 4.32676 4.32482 5.6146
3.16838 3.1635 3.5856 3.89288 4.19073 4.73378 4.80384 4.34716 4.39376 5.62542
3.17693 3.17533 3.63058 3.92388 4.19421 4.78812 4.82633 4.4649 4.42873 5.6276
3.19653 3.19142 3.74292 3.97415 4.22797 5.12142 4.87591 4.62421 4.74884 5.63967
3.22922 3.21889 3.86818 4.03991 4.30613 5.43132 4.95508 5.77436 6.20101 5.66734
3.36705 3.28983 4.03134 4.1414 4.5243 5.51281 4.98514 5.7762 6.28202 5.82151
3.47371 3.50655 4.26596 4.2622 4.70627 5.62392 5.1111 5.77814 6.2935 5.99586
3.83139 3.61597 4.58843 4.45644 4.9344 5.73872 5.34983 5.77995 6.29117 6.16438
4.03586 3.8844 5.19723 4.84794 5.27451 6.26709 5.55677 5.78169 6.29566 6.34558
4.44075 4.28409 5.72084 5.41722 5.86984 6.52017 6.01536 5.78348 6.30639 6.67473
5.16283 5.32529 5.98169 5.97478 7.03694 6.53377 6.7261 5.78513 6.30985 8.20825
6.07304 6.07705 6.43026 6.60226 7.62473 6.56617 6.73137 5.78672 6.31317 8.21227
6.48717 7.28955 7.29042 6.60794 7.91668 6.96618 6.73669 5.78824 6.31651 8.21631
6.92227 7.45427 7.29404 6.61169 7.97766 6.96983 6.74188 5.78977 6.31984 8.22037
6.97085 7.45959 7.30005 6.61542 8.09428 6.97351 6.74701 5.79132 6.32316 8.22441
6.97736 7.46483 7.30463 6.61919 8.09862 6.97719 6.75208 5.79284 6.32636 8.22848
6.98067 7.47012 7.30917 6.62305 8.10302 6.98084 6.75713 5.79437 6.32957 8.20125
6.98395 7.47552 7.31369 6.62682 8.10743 6.98436 6.7622 5.7959 6.33187 8.23664
6.98724 7.48085 7.31817 6.63058 8.11186 6.98788 6.76709 5.79731 6.33406 8.24078
