5.00646 4.98123 4.49211 4.15674 4.60913 4.58586 4.47136 4.22095 2.97864 4.85049
5.00898 5.00015 4.51459 4.17639 4.61844 4.60162 4.49536 4.25381 2.98726 4.85309
5.01479 5.02787 4.53392 4.22162 4.63901 4.61626 4.53008 4.31278 3.00879 4.85653
5.02779 5.08346 4.5874 4.26161 4.67033 4.6377 4.65703 4.34705 3.02177 4.85875
5.06532 5.1804 4.67086 4.37659 4.7025 4.67299 4.73218 4.40726 3.05096 4.85356
5.13947 5.31541 4.75764 4.43009 4.78538 4.78928 4.77401 5.39005 3.08885 4.91086
5.27747 5.44781 4.94547 4.5374 4.8982 5.46092 4.95144 5.39252 3.09921 5.23795
5.41501 5.5321 5.20044 4.70682 5.0901 5.92212 5.24538 5.39498 3.20702 6.11536
5.59585 5.70617 5.43556 4.76839 5.36335 5.92935 5.4946 5.39722 3.3429 6.80051
5.84537 5.96617 5.87939 4.75683 5.61525 5.9318 5.70918 5.39896 3.47329 7.11079
6.15968 6.12669 6.23436 4.97194 6.06291 5.93423 5.98344 5.40085 5.43187 7.30593
6.8183 6.24602 6.41423 5.23778 6.62183 5.93651 6.65501 5.4026 5.43419 7.91813
6.97192 6.37754 6.6 6.03202 7.09314 5.93885 6.65903 5.40439 5.43643 7.92198
7.09832 6.85078 6.67793 6.57253 7.44318 5.94116 6.66283 5.40627 5.4387 7.9257
7.10481 7.35695 6.79239 6.57599 7.7417 5.94319 6.66666 5.40467 5.43737 7.92922
7.10781 7.3918 6.81049 6.57939 7.80697 5.94519 6.67044 5.40994 5.43899 7.93272
7.11084 7.39625 6.81366 6.58356 7.81409 5.94718 6.67333 5.4121 5.44182 7.93637
7.11398 7.40076 6.81693 6.58703 7.81849 5.94923 6.67811 5.41404 5.44617 7.94001
7.11694 7.40551 6.82011 6.58973 7.82277 5.95121 6.68171 5.41603 5.44766 7.9435
7.11963 7.40994 6.82305 6.59312 7.82676 5.95302 6.6851 5.41781 5.44903 7.94687
7.12229 7.4141 6.82587 6.59641 7.8306 5.95487 6.68757 5.41949 5.45032 7.94986
