3.67873 4.43027 4.14541 3.45098 3.97329 4.45971 4.54129 3.67176 4.14686 3.69034
3.68627 4.45121 4.15185 3.48598 3.97919 4.47624 4.55753 3.67555 4.15264 3.69941
3.69899 4.5006 4.16385 3.55852 3.98766 4.5066 4.60979 3.67974 4.16492 3.72402
3.72817 4.57958 4.19492 3.61537 4.00332 4.57989 4.67842 3.70147 4.19195 3.77278
3.78245 4.67558 4.26838 3.72119 4.0443 4.70177 4.76963 3.75288 4.25722 3.84682
3.9016 4.79634 4.38241 3.86028 4.11883 4.87047 4.90307 3.85094 4.36687 3.9769
4.0349 5.04298 4.56745 3.99119 4.25145 5.05386 5.10094 3.96699 4.54688 4.14699
4.14337 5.32123 4.72695 4.18987 4.48377 5.30228 5.38209 4.1056 4.70662 4.35692
4.37794 5.56667 4.97269 4.3938 4.74322 5.59788 5.60865 4.26118 4.89437 4.57843
4.7662 5.85475 5.39664 4.68152 5.12001 5.92307 5.8593 4.54859 5.1712 4.89331
5.22118 6.23283 5.84878 5.10886 5.59214 6.18428 6.16993 4.87913 5.44987 5.32264
5.58085 6.53448 6.31965 5.40886 6.14448 6.42547 6.42064 5.25549 5.72479 5.73003
6.00333 6.92924 6.76649 5.83168 6.51317 6.69336 6.80279 5.65513 6.05346 6.12104
6.44783 7.31929 7.20251 6.29806 6.95717 7.06048 7.14071 6.04766 6.39659 6.5395
6.94574 7.67001 7.65883 6.90571 7.40416 7.43181 7.33823 6.43112 7.16603 6.94764
7.72182 7.83433 7.85911 7.11219 7.71804 7.62413 7.49773 6.79356 7.67565 7.47133
7.77156 7.86525 7.90694 7.59659 7.84603 7.68262 7.53047 7.3364 7.68192 7.65653
7.77576 7.87309 7.91384 7.62566 7.85603 7.68554 7.54042 7.33943 7.68536 7.66137
7.7793 7.87667 7.91824 7.62888 7.86057 7.6884 7.54446 7.34243 7.68892 7.6652
7.78285 7.88028 7.92265 7.63212 7.86492 7.69123 7.54848 7.34543 7.69244 7.66901
7.78638 7.88389 7.92705 7.63531 7.86925 7.69405 7.55252 7.34841 7.69599 7.67274
