4.87388 5.70624 5.75066 5.63989 5.95515 5.97418 7.40768 6.51478 6.90476 5.69816
4.88043 5.71397 5.7579 5.64729 5.96275 5.99006 7.41754 6.52436 6.91311 5.70653
4.88956 5.73258 5.76869 5.6619 5.97333 6.02835 7.42873 6.54086 6.92896 5.722
4.89982 5.75569 5.78728 5.67893 5.98789 6.07077 7.44953 6.56377 6.94646 5.74255
4.93332 5.78456 5.81728 5.71085 6.01632 6.11965 7.50058 6.59229 6.96877 5.7706
4.99533 5.82946 5.86056 5.75722 6.05701 6.16795 7.56084 6.62392 7.0009 5.82829
5.06455 5.92811 5.94447 5.82354 6.14819 6.23552 7.67318 6.65885 7.04859 5.8902
5.20597 6.10033 6.10101 5.93968 6.27996 6.35513 7.80132 6.73266 7.11436 5.96957
5.38909 6.29747 6.32843 6.0908 6.46621 6.48615 7.98562 6.88026 7.23924 6.07876
5.64935 6.55807 6.56915 6.34919 6.69735 6.62657 8.20212 7.08413 7.37624 6.21826
5.93942 6.89028 6.85275 6.71316 7.07874 6.77137 8.48978 7.36036 7.55124 6.44119
6.18833 7.38678 7.23057 7.14073 7.44712 7.26714 8.55325 7.6716 7.84213 6.83559
6.71326 7.97712 7.67905 7.54014 7.73065 7.71834 8.56192 8.16168 8.15469 7.35057
7.35232 8.33638 8.12923 7.94694 7.99649 7.9775 8.57141 8.45431 8.413 8.00362
7.84171 8.58205 8.50535 8.39778 8.17781 8.01971 8.58086 8.52299 8.83471 8.54048
8.1792 8.63214 8.68477 8.65064 8.22835 8.02916 8.59033 8.53732 8.84313 8.55326
8.3926 8.64175 8.71675 8.66409 8.23798 8.03852 8.59982 8.54663 8.8511 8.56145
8.39998 8.64888 8.72342 8.67059 8.24426 8.04785 8.60935 8.55596 8.85932 8.56953
8.40682 8.65597 8.73015 8.67714 8.25054 8.05719 8.61889 8.56534 8.86735 8.57746
8.41332 8.66293 8.73689 8.68357 8.25684 8.06656 8.62842 8.57468 8.87527 8.58542
8.42017 8.66995 8.74359 8.68997 8.26315 8.07583 8.63795 8.58396 8.88331 8.59338
