3.59885 3.87035 3.93612 3.76105 4.73866 5.46164 5.70587 5.67904 5.88183 6.60857
3.59885 3.87035 3.93612 3.76105 4.73866 5.46164 5.70587 5.67904 5.88183 6.60857
3.59885 3.87035 3.93612 3.76105 4.73866 5.46164 5.70587 5.67904 5.88183 6.60857
3.59885 3.87035 3.93612 3.76105 4.73866 5.46164 5.70587 5.67904 5.88183 6.60857
3.59885 3.87035 3.93612 3.76105 4.73866 5.46164 5.70587 5.67904 5.88183 6.60857
3.59885 3.87035 3.93612 3.76105 4.73866 5.46164 5.70587 5.67904 5.88183 6.60857
3.59885 3.87035 3.93612 3.76105 4.73866 5.46164 5.70587 5.67904 5.88183 6.60857
3.59885 3.87035 3.93612 3.76105 4.73866 5.46164 5.70587 5.67904 5.88183 6.60857
3.59885 3.87035 3.93612 3.76105 4.73866 5.46164 5.70587 5.67904 5.88183 6.60857
3.59885 3.87035 3.93612 3.76105 4.73866 5.46164 5.70587 5.67904 5.88183 6.60857
3.59885 3.87035 3.93612 3.76105 4.73866 5.46164 5.70587 5.67904 5.88183 6.60857
3.59885 3.87035 3.93612 3.76105 4.73866 5.46164 5.70587 5.67904 5.88183 6.60857
3.59885 3.87035 3.93612 3.76105 4.73866 5.46164 5.70587 5.67904 5.88183 6.60857
3.59885 3.87035 3.93612 3.76105 4.73866 5.46164 5.70587 5.67904 5.88183 6.60857
3.59885 3.87035 3.93612 3.76105 4.73866 5.46164 5.70587 5.67904 5.88183 6.60857
3.59885 3.87035 3.93612 3.76105 4.73866 5.46164 5.70587 5.67904 5.88183 6.60857
3.59885 3.87035 3.93612 3.76105 4.73866 5.46164 5.70587 5.67904 5.88183 6.60857
3.59885 3.87035 3.93612 3.76105 4.73866 5.46164 5.70587 5.67904 5.88183 6.60857
3.59885 3.87035 3.93612 3.76105 4.73866 5.46164 5.70587 5.67904 5.88183 6.60857
3.59885 3.87035 3.93612 3.76105 4.73866 5.46164 5.70587 5.67904 5.88183 6.60857
3.59885 3.87035 3.93612 3.76105 4.73866 5.46164 5.70587 5.67904 5.88183 6.60857
