5.43588 5.11495 5.2756 3.80136 5.15634 5.42988 6.05401 4.99585 5.18419 6.09083
5.44661 5.12406 5.28132 3.82236 5.17457 5.44013 6.05896 5.00948 5.22315 6.09704
5.47029 5.17022 5.29489 3.85919 5.20992 5.45143 6.07761 5.02702 5.28453 6.10656
5.51627 5.2825 5.34028 3.90159 5.2548 5.45099 6.11707 5.05659 5.37386 6.12079
5.5903 5.45667 5.38463 3.93521 5.31281 5.60056 6.16047 5.10271 5.45566 6.14463
5.70834 5.60708 5.47164 3.99748 5.37967 5.66511 6.29515 5.146 5.56407 6.13453
5.85341 5.78849 5.62395 4.09764 5.49951 5.8612 6.56489 5.23922 5.82988 6.20872
6.01681 5.97362 5.76199 4.23291 5.65227 5.9862 6.96286 5.36115 5.91872 6.39957
6.24936 6.19176 5.94138 4.38574 5.95746 6.14372 7.3346 5.54117 6.04909 6.59637
6.48489 6.35558 6.21681 4.55209 6.32059 6.41418 7.73193 5.84016 6.372 6.96369
6.73763 6.52858 6.48195 4.73552 6.73917 6.48927 7.85054 6.0342 6.50842 7.50392
6.98443 7.01328 6.72344 5.12087 7.21451 7.01645 7.89591 6.20189 6.60215 7.98238
7.3739 7.27721 6.93422 5.77425 7.68913 8.4813 8.23527 6.55968 7.06041 8.45183
7.76138 7.68737 7.06484 6.36939 7.95729 7.94046 8.24593 7.3011 8.14772 9.08222
7.77693 7.76652 7.25209 7.88179 8.08623 8.49215 8.25322 7.88608 8.15328 9.09043
7.78293 7.77175 7.50169 8.12132 8.12256 8.49535 8.26031 7.89195 8.15859 9.09614
7.78637 7.77648 7.59316 8.12647 8.12844 8.50073 8.26724 7.89717 8.16376 9.10183
7.7907 7.78122 7.59835 8.13135 8.13253 8.50866 8.27417 7.9027 8.16895 9.10758
7.7949 7.78586 7.60341 8.05383 8.13659 8.51408 8.28102 7.90809 8.17398 9.11203
7.7989 7.79017 7.60836 8.14062 8.14051 8.51938 8.28782 7.91331 8.17892 9.11882
7.80265 7.79441 7.61309 8.14486 8.14437 8.52257 8.2944 7.91838 8.18372 9.12424
