4.32045 4.58266 4.49688 3.96876 4.39502 3.44771 4.74444 4.91622 3.28385 5.97833
4.32045 4.58266 4.49688 3.96876 4.39502 3.44771 4.74444 4.91622 3.28385 5.97833
4.32045 4.58266 4.49688 3.96876 4.39502 3.44771 4.74444 4.91622 3.28385 5.97833
4.32045 4.58266 4.49688 3.96876 4.39502 3.44771 4.74444 4.91622 3.28385 5.97833
4.32045 4.58266 4.49688 3.96876 4.39502 3.44771 4.74444 4.91622 3.28385 5.97833
4.32045 4.58266 4.49688 3.96876 4.39502 3.44771 4.74444 4.91622 3.28385 5.97833
4.32045 4.58266 4.49688 3.96876 4.39502 3.44771 4.74444 4.91622 3.28385 5.97833
4.32045 4.58266 4.49688 3.96876 4.39502 3.44771 4.74444 4.91622 3.28385 5.97833
4.32045 4.58266 4.49688 3.96876 4.39502 3.44771 4.74444 4.91622 3.28385 5.97833
4.32045 4.58266 4.49688 3.96876 4.39502 3.44771 4.74444 4.91622 3.28385 5.97833
4.32045 4.58266 4.49688 3.96876 4.39502 3.44771 4.74444 4.91622 3.28385 5.97833
4.32045 4.58266 4.49688 3.96876 4.39502 3.44771 4.74444 4.91622 3.28385 5.97833
4.32045 4.58266 4.49688 3.96876 4.39502 3.44771 4.74444 4.91622 3.28385 5.97833
4.32045 4.58266 4.49688 3.96876 4.39502 3.44771 4.74444 4.91622 3.28385 5.97833
4.32045 4.58266 4.49688 3.96876 4.39502 3.44771 4.74444 4.91622 3.28385 5.97833
4.32045 4.58266 4.49688 3.96876 4.39502 3.44771 4.74444 4.91622 3.28385 5.97833
4.32045 4.58266 4.49688 3.96876 4.39502 3.44771 4.74444 4.91622 3.28385 5.97833
4.32045 4.58266 4.49688 3.96876 4.39502 3.44771 4.74444 4.91622 3.28385 5.97833
4.32045 4.58266 4.49688 3.96876 4.39502 3.44771 4.74444 4.91622 3.28385 5.97833
4.32045 4.58266 4.49688 3.96876 4.39502 3.44771 4.74444 4.91622 3.28385 5.97833
4.32045 4.58266 4.49688 3.96876 4.39502 3.44771 4.74444 4.91622 3.28385 5.97833
