6.78759 6.32091 6.30121 5.7716 6.5217 6.75945 7.35584 7.208 7.3312 7.56512
6.80952 6.33936 6.3138 5.80434 6.53496 6.77969 7.3784 7.22773 7.36381 7.5748
6.87544 6.37738 6.35315 5.85804 6.57393 6.83927 7.4107 7.28573 7.50707 7.59841
6.98553 6.46086 6.42164 5.94084 6.66174 6.92417 7.45441 7.31532 7.64388 7.65714
7.12066 6.58598 6.51881 6.05032 6.76797 7.2411 7.52529 7.39428 7.84757 7.73808
7.31339 6.80602 6.65879 6.275 6.98343 7.42763 7.67324 7.51808 8.23936 7.86492
7.55266 6.99345 6.85425 6.48482 7.22209 7.6807 7.84657 7.75697 8.48325 8.11371
7.77901 7.19718 7.04843 6.74581 7.46818 8.07958 8.05356 7.9973 8.65181 8.45199
7.98635 7.46697 7.21955 7.05528 7.76569 8.44359 8.14802 8.06463 9.05529 8.76773
8.17228 8.00515 7.38919 7.44487 8.05569 8.70315 8.18184 8.13418 9.14136 8.89376
8.28373 8.30268 7.52319 7.92874 8.23958 8.84866 8.20426 8.23632 9.14765 9.25695
8.33693 8.46407 7.65619 8.40042 8.39115 9.00024 8.21765 8.42989 9.15006 9.52551
8.36575 8.49319 7.78606 8.75557 8.49837 9.026 8.22537 8.65044 9.15613 9.55808
8.38462 8.50569 7.96644 8.78187 8.56645 9.02478 8.22961 8.64759 9.16276 9.56345
8.39013 8.51816 8.23719 8.79454 8.5914 9.0307 8.23177 8.65333 9.16929 9.56603
8.39553 8.52683 8.29259 8.80055 8.59902 9.03589 8.23878 8.66002 9.16682 9.56896
8.40091 8.53463 8.29833 8.80621 8.60429 9.03853 8.24582 8.66679 9.17314 9.57186
8.40628 8.53957 8.30433 8.81184 8.60978 9.04468 8.25254 8.67334 9.18091 9.57901
8.41159 8.54438 8.31004 8.81739 8.61511 9.05045 8.25893 8.67979 9.18621 9.59839
8.41681 8.54923 8.31505 8.82285 8.6203 9.05572 8.26517 8.68617 9.19254 9.60549
8.42202 8.55402 8.32119 8.82832 8.62544 9.0614 8.27138 8.69234 9.19884 9.60841
