3.00882 3.0699 3.31953 3.37966 3.82516 3.31203 4.71684 3.46782 4.03912 4.85737
3.01274 3.07359 3.32533 3.38725 3.82974 3.31437 4.73779 3.47251 4.04746 4.8623
3.02315 3.08603 3.31564 3.4238 3.84466 3.31995 4.89509 3.49817 4.11316 4.87199
3.04248 3.10914 3.42739 3.45448 3.87445 3.33205 5.07417 3.53466 4.19555 4.87755
3.07545 3.13796 3.48159 3.43933 3.90588 3.35924 5.76721 3.57582 4.23914 4.89213
3.11398 3.19709 3.54888 3.55044 3.98756 3.41558 6.18213 3.64751 4.32223 4.90193
3.17616 3.27674 3.56204 3.65977 4.08327 3.44787 6.5834 3.83397 4.41051 4.94426
3.29735 3.43214 3.74383 3.84605 4.13224 3.46427 6.82596 4.67166 4.52194 4.99077
3.45518 3.60337 3.94692 4.2858 4.54261 3.55339 6.99489 5.94299 4.80763 5.13456
3.599 3.81461 4.17179 5.10024 4.89591 6.68937 6.97941 6.3433 6.01641 5.21411
3.80362 4.05873 4.42415 5.67461 5.19365 6.65165 6.93778 6.28992 6.0122 5.30521
6.44418 5.96698 5.83897 5.73169 6.05153 6.62851 6.90663 6.22346 6.00055 7.72604
6.3886 5.89835 6.84927 6.04057 7.30385 6.61769 6.90951 6.19123 5.99606 7.68984
6.36381 5.89186 6.83064 6.02541 7.28015 6.57507 6.91452 6.18648 5.98097 7.66265
6.35408 5.89017 6.81251 6.01607 7.27775 6.57489 6.91955 6.18515 5.98012 7.65835
6.35677 5.88891 6.80871 6.01829 7.27906 6.56541 6.92401 6.16751 5.97835 7.66176
6.35993 5.89172 6.81159 6.02043 7.27934 6.56847 6.92903 6.1653 5.97822 7.66496
6.36297 5.8903 6.81446 6.02257 7.28218 6.57156 6.93406 6.16961 5.98065 7.66807
6.36599 5.89326 6.81736 6.02466 7.28554 6.5746 6.93908 6.17379 5.98327 7.67146
6.36902 5.89624 6.82024 6.02675 7.28889 6.57769 6.94412 6.178 5.98593 7.67487
6.37204 5.89921 6.82313 6.02885 7.29221 6.58069 6.9491 6.18214 5.98856 7.67828
