4.78874 5.02353 3.45178 3.53785 4.74983 5.31671 4.2208 2.91203 4.48833 4.20702
4.7926 5.0375 3.45765 3.56419 4.76646 5.32692 4.23424 2.91765 4.52753 4.22245
4.80236 5.05514 3.46861 3.59901 4.79037 5.34901 4.22225 2.96139 4.62056 4.23767
4.81055 5.10502 3.44975 3.61712 4.81693 5.37439 4.52869 2.99655 5.07661 4.26427
4.8545 5.17914 3.48186 3.65741 4.85305 5.39966 4.52296 2.94768 5.63516 4.30475
4.91803 5.26766 3.51389 3.6273 4.92223 3.91058 4.40054 2.97939 5.63671 4.35229
5.10607 5.33023 3.57178 3.69762 5.05297 5.48983 4.46525 3.00126 5.6382 4.71978
5.23661 5.42351 3.64104 3.82547 5.25233 5.4819 4.71079 2.97343 5.63968 5.01172
5.39853 5.62419 3.72966 3.92558 5.45894 4.22501 5.5577 2.98953 5.64118 5.67521
5.63378 5.85033 3.83558 4.14946 5.82203 4.26515 5.59645 3.04719 5.64266 5.99576
6.38373 6.2662 4.06064 4.35269 6.14681 6.10472 5.65307 3.11491 5.64404 6.43392
6.42337 6.80152 4.58907 4.60483 6.45093 6.4172 5.71646 5.55256 5.64534 8.02923
6.59846 6.80523 4.99658 5.46388 6.83818 6.41923 6.80731 5.55434 5.64668 8.03302
6.94043 6.8081 5.26349 5.64095 7.41307 6.42125 6.81024 5.55686 5.64802 8.03688
6.94263 6.81078 5.88766 6.94022 7.62686 6.42326 6.81347 5.55824 5.64935 8.04024
6.94483 6.81343 6.42162 6.94266 7.66878 6.42234 6.8167 5.5584 5.65072 8.04446
6.94704 6.81612 6.42436 6.94604 7.67099 6.42735 6.81957 5.55324 5.65202 8.04823
6.94931 6.81879 6.42706 6.94884 7.67153 6.42941 6.82323 5.55271 5.65325 8.05203
6.9515 6.82148 6.42978 6.95153 7.677 6.43147 6.82648 5.55418 5.65448 8.05582
6.95369 6.82415 6.43253 6.95418 7.6832 6.43352 6.82809 5.55578 5.65574 8.05965
6.95597 6.8269 6.43529 6.95689 7.68543 6.43561 6.83335 5.55754 5.65701 8.06343
