4.07748 4.10795 4.58492 4.52393 4.98642 6.02053 6.05302 5.34716 5.16185 6.7538
4.08528 4.11214 4.60074 4.53749 4.99808 6.0693 6.11542 5.36661 5.18649 6.77773
4.09982 4.12425 4.64604 4.63173 5.01982 6.29185 6.315 5.48358 5.26822 6.81353
4.13816 4.16579 4.7352 4.77948 5.06957 6.45741 6.452 5.76058 5.38771 6.8744
4.21093 4.2909 4.86476 4.89684 5.16402 6.76036 6.65982 6.2903 7.08764 6.99081
4.36069 4.43867 5.01825 5.03526 5.3022 7.08375 6.89012 7.27291 7.05767 7.19337
4.49991 4.66488 5.19469 5.25983 5.48672 7.26869 7.15863 7.22993 7.03728 7.34809
4.71068 4.91162 5.52293 5.48808 5.74391 7.57458 7.48432 7.20821 7.03006 7.58927
5.07905 5.19537 6.05162 5.92842 6.08012 8.14203 7.8525 7.1955 7.00202 8.79976
5.59682 5.86234 6.41309 6.40415 6.71894 8.22006 7.85069 7.18909 6.99936 8.78367
6.49787 6.37529 6.81994 7.1625 7.27569 8.20147 7.83823 7.14799 6.99371 8.75806
7.19101 6.88004 7.31166 7.30491 7.84563 8.19172 7.83642 7.12998 6.9907 8.76079
7.37957 7.49256 7.78914 7.30062 8.08684 8.15165 7.8212 7.12651 6.98242 8.75816
7.4907 8.08805 7.78844 7.29807 8.34673 8.13838 7.80495 7.12535 6.96141 8.75929
7.49634 8.08853 7.79214 7.29616 8.35076 8.142 7.80894 7.12645 6.95713 8.75512
7.50176 8.08943 7.7961 7.30001 8.35617 8.14688 7.81278 7.12676 6.96231 8.75914
7.50699 8.09475 7.80128 7.30385 8.36158 8.15175 7.81859 7.11999 6.96749 8.76467
7.51219 8.09999 7.80647 7.30771 8.36692 8.15649 7.82447 7.11247 6.97268 8.77006
7.51741 8.10529 7.81166 7.31156 8.37226 8.161 7.83029 7.11476 6.97777 8.77522
7.52258 8.11046 7.81685 7.31541 8.37759 8.16537 7.83617 7.11707 6.98293 8.78025
7.52767 8.11566 7.82204 7.31927 8.38294 8.16962 7.84202 7.11934 6.98776 8.7852
