3.83043 4.00274 4.4424 3.10185 4.35043 4.53796 5.48898 4.05333 4.31259 4.27324
3.83043 4.00274 4.4424 3.10185 4.35043 4.53796 5.48898 4.05333 4.31259 4.27324
3.83043 4.00274 4.4424 3.10185 4.35043 4.53796 5.48898 4.05333 4.31259 4.27324
3.83043 4.00274 4.4424 3.10185 4.35043 4.53796 5.48898 4.05333 4.31259 4.27324
3.83043 4.00274 4.4424 3.10185 4.35043 4.53796 5.48898 4.05333 4.31259 4.27324
3.83043 4.00274 4.4424 3.10185 4.35043 4.53796 5.48898 4.05333 4.31259 4.27324
3.83043 4.00274 4.4424 3.10185 4.35043 4.53796 5.48898 4.05333 4.31259 4.27324
3.83043 4.00274 4.4424 3.10185 4.35043 4.53796 5.48898 4.05333 4.31259 4.27324
3.83043 4.00274 4.4424 3.10185 4.35043 4.53796 5.48898 4.05333 4.31259 4.27324
3.83043 4.00274 4.4424 3.10185 4.35043 4.53796 5.48898 4.05333 4.31259 4.27324
3.83043 4.00274 4.4424 3.10185 4.35043 4.53796 5.48898 4.05333 4.31259 4.27324
3.83043 4.00274 4.4424 3.10185 4.35043 4.53796 5.48898 4.05333 4.31259 4.27324
3.83043 4.00274 4.4424 3.10185 4.35043 4.53796 5.48898 4.05333 4.31259 4.27324
3.83043 4.00274 4.4424 3.10185 4.35043 4.53796 5.48898 4.05333 4.31259 4.27324
3.83043 4.00274 4.4424 3.10185 4.35043 4.53796 5.48898 4.05333 4.31259 4.27324
3.83043 4.00274 4.4424 3.10185 4.35043 4.53796 5.48898 4.05333 4.31259 4.27324
3.83043 4.00274 4.4424 3.10185 4.35043 4.53796 5.48898 4.05333 4.31259 4.27324
3.83043 4.00274 4.4424 3.10185 4.35043 4.53796 5.48898 4.05333 4.31259 4.27324
3.83043 4.00274 4.4424 3.10185 4.35043 4.53796 5.48898 4.05333 4.31259 4.27324
3.83043 4.00274 4.4424 3.10185 4.35043 4.53796 5.48898 4.05333 4.31259 4.27324
3.83043 4.00274 4.4424 3.10185 4.35043 4.53796 5.48898 4.05333 4.31259 4.27324
