4.87275 4.80794 5.1613 4.04323 4.95483 4.70743 5.79672 4.69192 5.59904 4.87272
4.87766 4.81529 5.16691 4.06576 4.99439 4.72643 5.80128 4.70319 5.61705 4.87745
4.89005 4.82435 5.18849 4.10731 5.02957 4.76504 5.82146 4.71776 5.67072 4.90442
4.91037 4.83872 5.23015 4.18082 5.06076 4.78942 5.84364 4.75143 5.73905 4.94999
4.94271 4.88035 5.27765 4.23812 5.10974 4.81854 5.89268 4.82815 5.79156 5.0395
5.00435 4.91177 5.33445 4.32418 5.20427 4.86551 5.97601 4.84757 6.02379 5.1421
5.10378 4.97393 5.446 4.43944 5.33522 4.87112 6.09627 4.90594 6.25688 5.25402
5.19164 5.11556 5.63972 4.56021 5.60585 4.90862 6.24879 4.97958 6.92051 5.32837
5.36895 5.30401 5.96439 4.69093 5.98262 5.08625 6.68 4.97816 7.72359 5.60563
5.6497 5.67425 6.23135 4.81094 6.26527 5.2844 7.02031 5.25005 7.95829 5.9337
6.33817 6.00515 6.56857 4.99468 6.75036 5.50891 7.33535 5.75761 7.96194 6.15938
6.866 6.50042 6.75336 5.23185 7.16949 6.29117 8.14253 6.05016 7.96533 6.32279
7.29546 6.69156 6.89642 5.59078 7.54449 8.09509 8.14848 6.18257 7.96878 6.76324
7.29857 7.40417 7.07464 6.14182 7.74114 8.0992 8.15275 6.37742 7.97226 7.05152
7.3017 7.40709 7.42515 7.58115 7.7529 8.10171 8.15774 7.58503 7.97574 8.46285
7.30487 7.41034 7.43534 7.58411 7.75613 8.10471 8.16277 7.59331 7.97927 8.46742
7.30807 7.41393 7.43887 7.58704 7.75941 8.11041 8.16775 7.59779 7.9825 8.47202
7.31127 7.41714 7.44244 7.58999 7.76273 8.11388 8.17268 7.59948 7.98619 8.47664
7.31448 7.42071 7.44603 7.59294 7.76598 8.11707 8.17767 7.60682 7.98764 8.48383
7.31775 7.42313 7.44967 7.59596 7.76926 8.12061 8.18271 7.61138 7.99034 8.48848
7.32106 7.42621 7.45329 7.59891 7.77265 8.12434 8.18775 7.61593 7.99396 8.49314
