4.37164 4.45525 4.59063 3.82254 4.57358 4.40664 5.8223 5.42817 4.93673 5.62871
4.37164 4.45525 4.59063 3.82254 4.57358 4.40664 5.8223 5.42817 4.93673 5.62871
4.37164 4.45525 4.59063 3.82254 4.57358 4.40664 5.8223 5.42817 4.93673 5.62871
4.37164 4.45525 4.59063 3.82254 4.57358 4.40664 5.8223 5.42817 4.93673 5.62871
4.37164 4.45525 4.59063 3.82254 4.57358 4.40664 5.8223 5.42817 4.93673 5.62871
4.37164 4.45525 4.59063 3.82254 4.57358 4.40664 5.8223 5.42817 4.93673 5.62871
4.37164 4.45525 4.59063 3.82254 4.57358 4.40664 5.8223 5.42817 4.93673 5.62871
4.37164 4.45525 4.59063 3.82254 4.57358 4.40664 5.8223 5.42817 4.93673 5.62871
4.37164 4.45525 4.59063 3.82254 4.57358 4.40664 5.8223 5.42817 4.93673 5.62871
4.37164 4.45525 4.59063 3.82254 4.57358 4.40664 5.8223 5.42817 4.93673 5.62871
4.37164 4.45525 4.59063 3.82254 4.57358 4.40664 5.8223 5.42817 4.93673 5.62871
4.37164 4.45525 4.59063 3.82254 4.57358 4.40664 5.8223 5.42817 4.93673 5.62871
4.37164 4.45525 4.59063 3.82254 4.57358 4.40664 5.8223 5.42817 4.93673 5.62871
4.37164 4.45525 4.59063 3.82254 4.57358 4.40664 5.8223 5.42817 4.93673 5.62871
4.37164 4.45525 4.59063 3.82254 4.57358 4.40664 5.8223 5.42817 4.93673 5.62871
4.37164 4.45525 4.59063 3.82254 4.57358 4.40664 5.8223 5.42817 4.93673 5.62871
4.37164 4.45525 4.59063 3.82254 4.57358 4.40664 5.8223 5.42817 4.93673 5.62871
4.37164 4.45525 4.59063 3.82254 4.57358 4.40664 5.8223 5.42817 4.93673 5.62871
4.37164 4.45525 4.59063 3.82254 4.57358 4.40664 5.8223 5.42817 4.93673 5.62871
4.37164 4.45525 4.59063 3.82254 4.57358 4.40664 5.8223 5.42817 4.93673 5.62871
4.37164 4.45525 4.59063 3.82254 4.57358 4.40664 5.8223 5.42817 4.93673 5.62871
