6.22681 6.17054 4.75587 4.92265 5.2684 5.55538 5.7208 3.80744 6.53785 6.56555
6.24224 6.17875 4.76746 4.93671 5.30991 5.6373 5.73174 3.80917 6.5486 6.58368
6.28589 6.20012 4.78478 4.96033 5.35674 5.9473 5.7454 3.81089 6.55736 6.61754
6.36563 6.24067 4.80824 4.99895 5.43221 6.5637 5.78004 3.80964 6.64354 6.69696
6.52153 6.30365 4.84044 5.05566 5.52302 6.6053 5.83651 3.88614 6.69089 6.81443
6.76948 6.42962 4.88922 5.15552 5.69519 6.68416 6.01983 3.96067 6.69384 6.94528
6.73095 6.61553 5.00777 5.36639 5.88602 6.94811 6.14579 3.98765 6.69677 7.12522
6.94374 6.80706 5.22415 5.68019 6.11334 7.02302 6.25078 4.09974 6.69977 7.37218
7.5675 7.05212 5.43613 6.12826 6.30931 7.20598 6.34676 4.34901 6.70276 7.62653
7.80358 7.37717 5.82978 6.3473 6.58986 7.25193 6.50982 4.4988 6.70578 8.12635
7.87212 7.67833 6.08176 6.47165 6.8755 7.36003 7.55679 6.67183 6.70861 8.20664
7.87648 7.71972 6.46387 6.60619 7.25871 7.48172 7.62457 6.67511 6.71144 8.25461
7.87992 7.73197 6.73796 7.07709 7.6485 7.7257 7.63056 6.67847 6.71427 8.26331
7.8834 7.74022 7.11197 7.49956 8.03939 7.72827 7.63632 6.68183 6.7171 8.26923
7.88479 7.74505 7.1602 7.68159 8.17483 7.73097 7.63939 6.68504 6.71986 8.27519
7.88816 7.74953 7.16464 7.68476 8.17954 7.73363 7.64183 6.68794 6.72244 8.28114
7.89153 7.75472 7.16909 7.68836 8.18345 7.73631 7.64804 6.69059 6.72494 8.28713
7.89488 7.75953 7.17352 7.69273 8.18803 7.73932 7.65372 6.69327 6.72737 8.29307
7.89824 7.76431 7.17795 7.69658 8.19244 7.7419 7.65988 6.69593 6.72968 8.29879
7.90156 7.769 7.18234 7.70011 8.19698 7.74433 7.66583 6.6986 6.73187 8.30452
7.90476 7.77371 7.18668 7.7035 8.20156 7.74671 7.67161 6.70098 6.73393 8.31024
