5.27557 5.26482 5.3664 4.06672 5.18591 5.00154 6.01909 5.18269 5.31907 6.16725
5.2802 5.35129 5.3727 4.09511 5.19297 5.03743 6.02942 5.19664 5.33596 6.16313
5.30559 5.41664 5.4082 4.11592 5.22237 5.14254 6.0553 5.23415 5.38176 6.13666
5.37983 5.52715 5.48815 4.20537 5.28139 5.22495 6.1253 5.25676 5.51186 6.16597
5.5309 5.69952 5.68613 4.3197 5.41539 5.31288 6.27946 5.27021 5.72523 6.30741
5.74947 5.89101 5.97305 4.52898 5.66963 5.486 6.48663 5.3922 5.73264 6.62088
6.06946 6.18112 6.29285 4.6473 5.9208 5.70715 6.68085 5.5805 6.00027 6.96612
6.27597 6.42346 6.59645 4.85766 6.5234 5.77657 7.1741 5.76484 6.41731 7.32758
6.41424 6.66006 6.86473 5.08613 6.99214 5.98056 7.5237 6.00688 7.6048 7.62076
6.74547 7.01612 7.03267 5.36577 7.46363 6.38522 7.87242 6.16027 7.95666 7.724
6.98765 7.17455 7.13103 5.64162 7.635 7.08663 7.87323 6.32604 7.9566 7.84172
7.36316 7.41656 7.22275 5.97676 7.80297 7.58152 7.87298 6.51275 7.9566 8.63527
7.59952 7.59571 7.36013 7.00964 7.91411 8.14205 7.87302 7.13476 7.95643 8.63491
7.59954 7.59626 7.50488 7.83591 7.93175 8.14202 7.87301 7.56976 7.9564 8.63496
7.59952 7.59623 7.66489 7.83621 7.93172 8.14199 7.873 7.56865 7.95637 8.63494
7.59947 7.5962 7.6648 7.83616 7.93012 8.14194 7.87298 7.56864 7.95636 8.63489
7.59944 7.59618 7.66437 7.83614 7.93008 8.14196 7.87294 7.56925 7.95635 8.63488
7.59944 7.59617 7.66475 7.83614 7.93016 8.14192 7.87292 7.56921 7.95634 8.63482
7.59945 7.59618 7.66475 7.83616 7.93018 8.14193 7.87293 7.56923 7.95636 8.63481
7.59946 7.59619 7.66475 7.83617 7.92998 8.14195 7.87296 7.56861 7.95636 8.63481
7.59947 7.59621 7.66446 7.83617 7.92999 8.14196 7.87297 7.56925 7.95636 8.63486
