3.33588 4.16288 4.33939 3.94429 4.51562 4.14228 5.26149 5.06457 4.28786 4.79902
3.34558 4.16428 4.34521 3.99964 4.51837 4.12643 5.26172 5.06666 4.30026 4.87991
3.38165 4.18495 4.35956 4.039 4.54273 4.14158 5.2666 5.07999 4.31964 4.98695
3.43233 4.2405 4.41413 4.10058 4.60824 4.22336 5.31823 5.12161 4.36029 5.15295
3.50117 4.38699 4.48105 4.37935 4.73219 4.40002 5.33597 5.23265 4.44963 5.26811
3.72509 4.58367 4.60265 4.76862 4.98992 4.63326 5.56614 5.3451 4.5908 5.40501
4.08588 4.77853 4.81206 5.24245 5.40195 4.87521 6.1923 5.48162 4.79325 5.5957
4.46309 5.00784 5.32848 5.6122 5.84702 5.22757 6.91446 5.67062 5.00752 5.83182
4.83596 5.26506 5.88217 5.93627 6.28543 5.53291 7.05893 5.84952 5.22523 6.1092
5.26465 5.52094 6.43935 6.23242 6.6179 5.80001 7.22395 5.99753 5.39566 6.44847
5.64765 5.78677 6.89255 6.48705 6.85309 6.21116 7.44295 6.16061 5.59615 6.76455
6.01402 6.14325 7.1826 6.88209 7.0385 6.73044 7.72939 6.77435 5.84191 7.47273
6.48841 6.72643 7.68823 7.50301 7.47376 7.76965 7.87553 7.79922 6.11091 7.92632
6.866 7.31888 7.9891 7.51571 7.97866 7.76962 7.87551 7.78572 7.3218 8.09651
7.35062 7.72056 7.99021 7.51564 8.02424 7.7696 7.87547 7.78229 7.32178 8.09644
7.35146 7.72218 7.99018 7.51559 8.02482 7.76956 7.87547 7.78228 7.32174 8.09638
7.35143 7.7223 7.98986 7.51558 8.02476 7.76952 7.87545 7.78224 7.32174 8.09623
7.35143 7.72229 7.98985 7.51556 8.02474 7.76949 7.87542 7.7822 7.32173 8.0954
7.35141 7.7223 7.98992 7.51559 8.02475 7.76949 7.87542 7.78219 7.32171 8.09582
7.35143 7.72231 7.98992 7.51559 8.02477 7.76949 7.87541 7.7822 7.32173 8.09582
7.35143 7.72231 7.98993 7.5156 8.02479 7.76953 7.87545 7.78222 7.32174 8.09598
