4.98245 5.17718 3.52605 3.82755 4.43938 5.42815 4.2625 3.14587 4.14895 4.45641
5.0169 5.18827 3.52933 3.83272 4.44698 5.44236 4.26679 3.14784 4.15388 4.46393
4.87598 5.20833 3.53542 3.84392 4.45708 5.4513 4.26328 3.15117 4.16402 4.47697
4.89548 5.242 3.54407 3.86036 4.47813 5.48541 4.27511 3.16055 4.20132 4.51394
4.94307 5.283 3.55948 3.92013 4.50483 5.55224 4.30712 3.15936 4.23896 4.59521
5.08864 5.42248 3.59942 3.97964 4.57721 5.56021 4.32486 3.18577 4.3553 4.65931
5.22687 5.61397 3.67649 4.0089 4.69575 5.85732 4.36804 3.26995 4.5345 4.74577
5.48668 5.80112 3.79591 4.14993 4.8782 5.95874 4.46467 3.18201 4.60045 4.85494
5.73449 5.95091 3.95606 4.29351 5.12481 6.00823 4.57977 3.25362 4.83831 4.94653
6.57617 6.20556 4.2246 4.49447 5.50037 6.10435 4.72974 3.28693 5.9999 5.08543
7.04311 6.6508 4.90511 4.66469 5.87583 6.22532 5.13277 3.42824 6.00218 5.44281
7.2689 6.89716 5.4738 4.88878 6.19336 6.70566 6.27231 4.30197 6.00429 7.8199
7.45942 7.05901 6.10433 5.34556 6.703 6.86581 6.50598 6.08449 6.00634 8.1388
7.51947 7.17008 6.40594 6.70831 7.17177 7.0403 7.18703 6.08778 6.00816 8.15562
7.52263 7.1724 6.68813 6.7784 7.65424 7.04307 7.19177 6.0902 6.01031 8.15961
7.52573 7.17626 6.71224 7.26195 7.78905 7.04575 7.19625 6.09252 6.01196 8.16465
7.52797 7.18017 6.71613 7.26538 7.80937 7.04838 7.20061 6.09478 6.01356 8.16955
7.53197 7.18368 6.71997 7.26853 7.80944 7.05094 7.20471 6.09701 5.98547 8.17445
7.5351 7.18755 6.72381 7.27172 7.81738 7.04657 7.20864 6.09907 6.01648 8.17872
7.5381 7.19137 6.72764 7.27491 7.82172 7.04895 7.2125 6.10102 6.01777 8.18384
7.54104 7.19512 6.73147 7.27801 7.82245 7.05132 7.21635 6.10293 6.01898 8.1883
