6.4479 6.16338 4.84383 5.109 5.48599 6.33179 6.0137 3.92327 6.591 6.78988
6.46979 6.17887 4.85109 5.14501 5.51727 6.34998 6.03012 3.93068 6.62235 6.8105
6.51064 6.21133 4.86565 5.18597 5.55004 6.38458 6.0621 3.94431 6.65165 6.8424
6.57057 6.26343 4.9021 5.27085 5.6179 6.52976 6.12489 3.95983 6.72721 6.89261
6.67831 6.37618 4.94921 5.4244 5.73536 6.75652 6.17985 3.96675 6.7902 6.98606
6.8393 6.54486 5.05827 5.65216 5.90888 7.09942 6.24598 4.02405 6.79061 7.17061
7.05646 6.77518 5.2165 5.89005 6.11051 7.12687 6.66405 4.35136 6.79354 7.62717
7.42782 7.02224 5.46449 6.10015 6.34638 7.20324 6.72852 4.65975 6.79397 7.88638
7.89338 7.31194 5.83347 6.49779 6.55634 7.31572 6.82712 5.04904 6.7941 8.17422
8.23464 7.65917 6.11748 6.68029 6.79004 7.39677 6.93971 6.79598 6.79733 8.58848
8.26502 7.7693 6.39441 6.86754 7.00148 7.49194 7.76252 6.7977 6.79286 8.73127
8.2557 7.80286 6.92917 7.28588 7.26958 7.5701 7.76474 6.79614 6.79657 8.78722
8.25118 7.81295 7.28608 7.75312 7.68235 7.80844 7.76695 6.79421 6.79168 8.79578
8.2495 7.82128 7.45389 7.74718 8.02817 7.86748 7.76977 6.78254 6.79142 8.79672
8.2526 7.82616 7.45466 7.75258 8.20385 7.86601 7.77089 6.78006 6.79431 8.80286
8.25567 7.83097 7.46081 7.75649 8.20929 7.86714 7.77631 6.77018 6.79724 8.80827
8.25878 7.83577 7.4653 7.76049 8.21363 7.87012 7.7822 6.77374 6.79897 8.81432
8.26182 7.84041 7.46973 7.76429 8.21948 7.87314 7.78828 6.77657 6.80138 8.82004
8.26472 7.84487 7.47396 7.76798 8.22475 7.87604 7.79403 6.77945 6.80301 8.82534
8.26748 7.84909 7.47799 7.772 8.22975 7.87889 7.7999 6.78212 6.80515 8.83159
8.27024 7.85336 7.48204 7.77566 8.23476 7.88174 7.80539 6.78466 6.80738 8.83865
