3.56132 3.54257 4.0844 4.45702 4.62935 5.61411 5.68245 6.05011 6.28819 6.39599
3.56132 3.54257 4.0844 4.45702 4.62935 5.61411 5.68245 6.05011 6.28819 6.39599
3.56132 3.54257 4.0844 4.45702 4.62935 5.61411 5.68245 6.05011 6.28819 6.39599
3.56132 3.54257 4.0844 4.45702 4.62935 5.61411 5.68245 6.05011 6.28819 6.39599
3.56132 3.54257 4.0844 4.45702 4.62935 5.61411 5.68245 6.05011 6.28819 6.39599
3.56132 3.54257 4.0844 4.45702 4.62935 5.61411 5.68245 6.05011 6.28819 6.39599
3.56132 3.54257 4.0844 4.45702 4.62935 5.61411 5.68245 6.05011 6.28819 6.39599
3.56132 3.54257 4.0844 4.45702 4.62935 5.61411 5.68245 6.05011 6.28819 6.39599
3.56132 3.54257 4.0844 4.45702 4.62935 5.61411 5.68245 6.05011 6.28819 6.39599
3.56132 3.54257 4.0844 4.45702 4.62935 5.61411 5.68245 6.05011 6.28819 6.39599
3.56132 3.54257 4.0844 4.45702 4.62935 5.61411 5.68245 6.05011 6.28819 6.39599
3.56132 3.54257 4.0844 4.45702 4.62935 5.61411 5.68245 6.05011 6.28819 6.39599
3.56132 3.54257 4.0844 4.45702 4.62935 5.61411 5.68245 6.05011 6.28819 6.39599
3.56132 3.54257 4.0844 4.45702 4.62935 5.61411 5.68245 6.05011 6.28819 6.39599
3.56132 3.54257 4.0844 4.45702 4.62935 5.61411 5.68245 6.05011 6.28819 6.39599
3.56132 3.54257 4.0844 4.45702 4.62935 5.61411 5.68245 6.05011 6.28819 6.39599
3.56132 3.54257 4.0844 4.45702 4.62935 5.61411 5.68245 6.05011 6.28819 6.39599
3.56132 3.54257 4.0844 4.45702 4.62935 5.61411 5.68245 6.05011 6.28819 6.39599
3.56132 3.54257 4.0844 4.45702 4.62935 5.61411 5.68245 6.05011 6.28819 6.39599
3.56132 3.54257 4.0844 4.45702 4.62935 5.61411 5.68245 6.05011 6.28819 6.39599
3.56132 3.54257 4.0844 4.45702 4.62935 5.61411 5.68245 6.05011 6.28819 6.39599
