5.05769 5.01219 4.95151 3.65967 4.82131 4.56091 5.87109 4.64942 4.48635 5.59018
5.06304 5.02073 4.95724 3.66977 4.82657 4.59706 5.87881 4.65457 4.49508 5.59545
5.07631 5.04179 4.97131 3.68586 4.84314 4.60746 5.89402 4.68924 4.51212 5.60212
5.10589 5.0811 5.00021 3.69805 4.86683 4.64088 5.91831 4.70702 4.51554 5.6154
5.20654 5.14906 5.05589 3.72972 4.90659 4.77698 5.95351 4.72705 4.58227 5.64296
5.30038 5.25728 5.17312 3.77344 4.96857 4.8488 6.05811 4.77275 4.68754 5.79207
5.41905 5.38671 5.33442 3.86245 5.06123 4.91797 6.16431 4.85152 4.73545 5.99447
5.59161 5.4859 5.54884 3.97139 5.18765 5.03829 6.32259 5.00038 4.85061 6.12356
5.82301 5.62952 5.84409 4.13549 5.40249 5.08344 6.52099 5.21572 5.00934 6.27572
6.0523 5.96484 6.22558 4.37072 5.9425 5.25508 6.90778 5.4379 5.28522 6.59321
6.2918 6.53628 6.56352 4.70761 6.459 5.51705 7.50426 5.79278 5.66491 7.16113
6.53462 6.90103 6.80522 5.13907 6.9782 5.75288 7.71513 5.98982 6.30356 7.52498
6.84539 7.15928 7.0652 5.82626 7.55629 6.23162 8.17717 6.28717 7.99112 8.31753
7.66813 7.37304 7.27893 6.45573 7.84444 8.17969 8.18304 6.57553 7.99575 8.90888
7.67145 7.66023 7.42738 7.61062 7.89262 8.18502 8.18897 7.74918 8.00013 8.91354
7.67543 7.66496 7.66444 7.944 7.89712 8.19016 8.1949 7.75578 8.00439 8.91824
7.67941 7.6691 7.68272 7.94779 7.90121 8.19528 8.20086 7.76059 8.00861 8.92273
7.68339 7.67323 7.68759 7.95148 7.90515 8.20026 8.20677 7.76567 8.01263 8.92724
7.68735 7.67732 7.69247 7.95519 7.90915 8.20516 8.21269 7.77078 8.01665 8.93174
7.69131 7.68131 7.69733 7.95887 7.91318 8.20987 8.21865 7.77578 8.02066 8.93623
7.69528 7.6853 7.70215 7.96258 7.91711 8.21409 8.22454 7.78047 8.02468 8.94056
