3.36696 3.54553 3.80982 3.49662 4.02397 3.30876 5.15001 4.8326 4.55391 4.87745
3.36999 3.54878 3.80969 3.5007 4.02768 3.31117 5.16449 4.84338 4.56314 4.89538
3.37382 3.55461 3.8164 3.52042 4.03607 3.31585 5.20702 4.86689 4.56877 4.90561
3.38116 3.56303 3.82832 3.54803 4.05051 3.31854 5.25402 4.96011 4.59869 4.91979
3.39028 3.57641 3.83667 3.58426 4.07589 3.32219 5.32006 5.03668 4.63483 4.94261
3.4067 3.60001 3.88049 3.62747 4.1226 3.32648 5.41189 5.11132 4.67477 4.97164
3.42826 3.64154 3.94431 3.70065 4.18609 3.34588 5.53323 5.20207 4.8499 5.03889
3.48201 3.72279 4.07047 3.78908 4.2249 3.3691 5.77906 5.28333 4.96022 5.14144
3.64852 3.82427 4.15773 3.921 4.36066 3.38817 5.89645 5.43339 5.08412 5.17016
3.78199 4.1114 4.486 4.1959 4.65413 3.42454 6.0952 5.76754 5.38339 5.233
4.01734 4.55302 4.74795 4.51989 4.99338 3.88782 6.47633 5.88594 5.66134 5.31955
4.26057 4.85064 5.25675 5.00223 5.47433 7.14379 7.24625 6.05457 6.22506 5.47829
4.61855 5.25524 5.53096 5.44959 6.04339 7.14835 7.6058 6.87567 6.25573 5.54551
5.02337 5.57582 5.77472 6.08392 6.65122 7.15258 7.61205 6.88082 6.59217 6.30176
7.34142 6.84652 6.68092 6.87177 7.28534 7.15617 7.61852 6.88602 6.59615 8.24799
7.34517 6.85052 7.5189 6.87525 7.9167 7.15586 7.62492 6.89123 6.60012 8.25348
7.34896 6.85454 7.52286 6.87859 7.92103 7.16201 7.63138 6.89645 6.60408 8.25859
7.35275 6.85935 7.52682 6.88182 7.92536 7.1679 7.63782 6.90135 6.60802 8.26463
7.35658 6.86334 7.53075 6.88506 7.92966 7.17314 7.64429 6.89357 6.61195 8.27018
7.36037 6.86732 7.53471 6.88833 7.93398 7.17791 7.65068 6.89899 6.6159 8.27576
7.36417 6.87131 7.53856 6.89159 7.93832 7.18129 7.65689 6.90405 6.61986 8.28117
