3.4971 3.48487 4.11164 2.97399 3.79012 4.05886 5.24818 3.78064 3.77989 3.8226
3.5011 3.48374 4.1185 2.97813 3.79526 4.06259 5.25256 3.78388 3.78201 3.82768
3.511 3.50886 4.16418 3.00324 3.7928 4.08841 5.26279 3.78438 3.78842 3.84798
3.5196 3.56426 4.26502 3.06518 3.80586 4.14241 5.27113 3.78633 3.79995 3.87364
3.51528 3.68068 4.336 3.10901 3.84339 4.23271 5.29868 3.80922 3.8136 3.90834
3.5485 3.90002 4.47471 3.20232 3.89057 4.27409 5.33439 3.8696 3.86338 3.96539
3.69966 4.09543 4.61159 3.33083 4.03441 4.36757 5.37741 3.91919 3.94732 4.04857
3.69196 4.29436 4.98067 3.45039 4.28018 4.78809 5.51528 4.00238 4.11632 4.16214
3.84449 5.45486 5.20783 3.59937 4.51896 5.15617 7.08789 4.09338 4.34259 4.37443
4.105 5.7783 5.81221 3.80949 4.87331 7.26997 7.03786 4.23998 6.92225 4.6697
4.54416 6.6353 6.3275 4.10028 6.09322 7.25652 7.02447 6.8222 6.87539 4.98877
6.6871 7.06373 6.90921 5.01696 7.58236 7.2534 6.98225 6.80194 6.84684 7.66022
6.65153 7.05701 6.92 6.73497 7.53682 7.23916 6.97301 6.73313 6.8392 7.64719
6.63114 7.03441 6.91969 6.65876 7.5337 7.23945 6.95503 6.7313 6.80043 7.65003
6.61879 7.02961 6.92304 6.6414 7.53672 7.23368 6.95117 6.73079 6.78922 7.65359
6.62199 7.03332 6.92558 6.64575 7.54087 7.23231 6.95613 6.72202 6.79268 7.65847
6.6225 7.03701 6.92704 6.64815 7.54405 7.23322 6.96045 6.72247 6.7978 7.66343
6.62561 7.04067 6.93072 6.65113 7.54759 7.23629 6.9632 6.72647 6.80293 7.66852
6.62862 7.04428 6.93426 6.65412 7.55131 7.23933 6.96822 6.73051 6.80797 7.67352
6.6316 7.04782 6.93782 6.65708 7.55506 7.24237 6.97315 6.73453 6.81286 7.67848
6.63459 7.05133 6.94137 6.65998 7.55877 7.24538 6.97806 6.73856 6.81766 7.68346
