3.08148 3.43809 3.62361 3.4465 4.37726 5.15768 4.83841 5.49079 4.16397 6.01529
3.08487 3.44193 3.62674 3.44994 4.38369 5.16011 4.87336 5.49265 4.18036 6.01867
3.09088 3.44663 3.63167 3.45555 4.39197 5.16335 4.84418 5.49441 4.23799 6.05259
3.10053 3.45242 3.64418 3.46647 4.40559 5.16918 4.84578 5.49621 4.23809 6.05898
3.12412 3.45986 3.67007 3.48456 4.43912 5.18433 4.94754 5.49804 4.28175 6.09515
3.16845 3.47916 3.73528 3.52264 4.51708 5.20727 5.04113 5.49994 4.35138 6.15905
3.22158 3.51781 3.76501 3.57248 4.60269 5.25557 5.17635 5.50232 5.85737 6.24083
3.3385 3.5776 3.83984 3.67185 4.71928 5.31959 5.24103 5.50461 5.8869 6.344
3.48184 3.65963 3.95356 3.90465 4.89612 5.38999 5.44873 5.50673 5.89948 6.83198
3.79626 3.8228 4.13324 4.14637 5.1842 5.56955 5.86363 5.50214 5.90281 7.93211
4.2948 4.06184 4.48173 4.53485 5.5297 6.22399 6.38534 5.50446 5.90535 7.99241
4.75146 4.53731 5.3186 5.14405 6.12723 6.13083 6.41589 5.50649 5.90775 8.00284
5.54214 5.12702 5.84695 6.19408 6.68184 6.26912 6.37327 5.5081 5.91028 8.00658
5.97296 6.10953 6.53308 6.19883 7.31398 6.7517 6.42465 5.50964 5.91277 8.01039
6.33573 7.13655 6.96675 6.20108 7.52516 6.75401 6.42893 5.51119 5.91526 8.00703
6.69047 7.28133 6.96988 6.20404 7.70026 6.75553 6.43324 5.51255 5.91772 8.01108
6.69569 7.24125 6.97301 6.20692 7.70519 6.75736 6.38855 5.51383 5.91977 8.01501
6.69871 7.2896 6.97616 6.2098 7.70883 6.7592 6.4413 5.51509 5.92168 8.0189
6.7013 7.29367 6.97932 6.21268 7.71244 6.76104 6.44531 5.48098 5.92355 8.02278
6.7047 7.29774 6.98248 6.21581 7.71607 6.76285 6.44745 5.51759 5.92541 8.02666
6.70726 7.30181 6.98559 6.21866 7.71969 6.7647 6.45074 5.51883 5.92726 8.03033
