3.23178 4.13163 4.13168 3.51277 3.64519 2.91344 4.83647 2.9562 2.52843 3.61451
3.23261 4.1475 4.13533 3.5271 3.64827 2.91509 5.0759 2.95393 2.53593 3.61684
3.24566 4.20187 4.13858 3.49479 3.65172 2.91599 4.99791 2.96646 2.54717 3.62588
3.28513 4.27423 4.2611 3.64757 3.66077 2.90489 5.79107 2.96396 2.58459 3.64951
3.33396 4.31437 4.47407 3.69823 3.68666 2.93054 5.78778 2.96992 2.85949 3.67275
3.36067 4.53782 4.76035 3.79204 3.75579 2.9398 5.78678 3.11131 3.31758 6.19217
3.45729 4.71619 4.94269 3.93245 3.86399 3.0171 5.79232 3.17209 4.59211 6.27312
3.57135 4.78948 5.04958 4.10528 3.9535 3.03204 5.78316 3.26349 4.56838 6.64766
3.75588 4.95302 5.23232 4.32307 4.16584 3.07298 5.7787 3.19936 4.55158 6.97324
3.97858 5.16764 5.1197 4.95121 4.42294 4.74569 5.7659 3.32697 4.50437 6.94462
4.30849 5.39842 5.15557 5.67259 4.84948 4.72315 5.74987 4.41324 4.49484 6.91238
4.61816 6.43342 5.19753 5.64801 6.79407 4.71477 5.72608 4.39605 4.48063 6.87918
5.66261 6.41642 5.77533 5.64512 7.01987 4.71298 5.71807 4.39659 4.46469 6.8688
5.66278 6.40618 5.74377 5.62797 6.99078 4.71483 5.71509 4.39721 4.46162 6.85018
5.6411 6.40346 5.74621 5.61971 6.99086 4.71657 5.71495 4.38538 4.46245 6.84863
5.63325 6.39837 5.74868 5.62183 6.99309 4.71826 5.70766 4.38368 4.45638 6.84778
5.63369 6.40156 5.75114 5.62293 6.99509 4.71998 5.70894 4.38517 4.45844 6.8501
5.63557 6.40475 5.75358 5.62483 6.9982 4.72169 5.71198 4.38664 4.45995 6.85128
5.63745 6.40798 5.75602 5.62658 7.0011 4.72333 5.71504 4.38809 4.46127 6.8536
5.6393 6.41118 5.75851 5.62855 7.00402 4.7249 5.7181 4.38947 4.46256 6.85583
5.64119 6.41438 5.76095 5.63051 7.00692 4.72649 5.72117 4.39086 4.46371 6.858
