6.80509 6.08647 5.6968 5.74308 5.74324 7.20287 6.17554 6.88373 4.73776 7.69792
6.84569 6.14025 5.72561 5.78564 5.78456 7.25126 6.21654 6.90162 4.76374 7.73435
7.02272 6.2824 5.82882 5.88961 5.8895 7.3022 6.28977 6.88322 4.84667 7.82594
7.39225 6.47647 6.04847 6.15579 6.07576 7.45606 6.57544 6.87787 5.11643 7.94798
7.62562 6.68102 6.41643 6.3804 6.37415 7.45665 7.64338 6.86555 6.93757 7.96893
7.96124 6.8915 6.80444 6.83925 6.96241 7.4369 7.69708 6.84351 6.92986 8.3002
7.97037 7.25859 7.28587 7.29894 7.35346 7.42169 7.69727 6.83368 6.91566 8.37339
8.00143 7.4471 7.52924 7.78521 7.77902 7.4164 7.6886 6.83188 6.8891 8.36393
8.00522 7.65037 7.57772 7.77952 7.93569 7.41409 7.68011 6.83005 6.8875 8.36206
8.00796 7.6512 7.57249 7.77876 8.00197 7.41328 7.67715 6.82709 6.88371 8.3606
8.00817 7.64876 7.5638 7.77543 8.01732 7.41329 7.67719 6.82707 6.87479 8.36062
8.0012 7.64635 7.563 7.77544 8.0134 7.41331 7.6772 6.82708 6.87479 8.36068
8.00061 7.64577 7.56321 7.77554 8.01339 7.41328 7.67697 6.82707 6.87475 8.36069
8.00046 7.64573 7.56284 7.77547 8.0135 7.41322 7.67734 6.82705 6.87474 8.36063
8.00035 7.64557 7.56271 7.77538 8.01285 7.41316 7.67724 6.82688 6.87467 8.36027
8.0004 7.64448 7.56277 7.77535 8.01283 7.41316 7.67677 6.82662 6.87466 8.3602
8.00041 7.64448 7.56279 7.77534 8.01281 7.41319 7.67676 6.82651 6.87462 8.36049
8.00048 7.64452 7.56282 7.7754 8.01284 7.41324 7.67725 6.8266 6.87466 8.36022
8.00061 7.64554 7.56287 7.77551 8.01296 7.41328 7.67734 6.82669 6.87478 8.36064
8.00061 7.64556 7.56288 7.77553 8.01297 7.4133 7.67737 6.82686 6.8748 8.36067
8.00061 7.64556 7.56288 7.77553 8.01297 7.4133 7.67737 6.82686 6.8748 8.36067
