4.28211 4.65316 4.81127 4.31671 4.64637 4.57049 6.41208 5.57604 6.10102 6.02969
4.28211 4.65316 4.81127 4.31671 4.64637 4.57049 6.41208 5.57604 6.10102 6.02969
4.28211 4.65316 4.81127 4.31671 4.64637 4.57049 6.41208 5.57604 6.10102 6.02969
4.28211 4.65316 4.81127 4.31671 4.64637 4.5441 6.41208 5.57604 6.10102 6.02969
4.28211 4.65316 4.81127 4.31671 4.64637 4.57049 6.41208 5.57604 6.10102 6.02969
4.28211 4.65316 4.81127 4.31671 4.64637 4.57049 6.41208 5.57604 6.10102 6.02969
4.28211 4.65316 4.81127 4.31671 4.64637 4.57049 6.41208 5.57604 6.10102 6.02969
4.28211 4.65316 4.81127 4.31671 4.64637 4.57049 6.41208 5.57604 6.10102 6.02969
4.28211 4.65316 4.81127 4.31671 4.64637 4.57049 6.41208 5.57604 6.10102 6.02969
4.28211 4.65316 4.81127 4.31671 4.64637 4.57049 6.41208 5.57604 6.10102 6.02969
4.28211 4.65316 4.81127 4.31671 4.64637 4.57049 6.41208 5.57604 6.10102 6.02969
4.28211 4.65316 4.81127 4.31671 4.64637 4.57049 6.41208 5.57604 6.10102 6.02969
4.28211 4.65316 4.81127 4.31671 4.64637 4.57049 6.41208 5.57604 6.10102 6.02969
4.28211 4.65316 4.81127 4.31671 4.64637 4.57049 6.41208 5.57604 6.10102 6.02969
4.28211 4.65316 4.81127 4.31671 4.64637 4.57049 6.41208 5.57604 6.10102 6.02969
4.28211 4.65316 4.81127 4.31671 4.64637 4.57049 6.41208 5.57604 6.10102 6.02969
4.28211 4.65316 4.81127 4.31671 4.64637 4.57049 6.41208 5.57604 6.10102 6.02969
4.28211 4.65316 4.81127 4.31671 4.64637 4.57049 6.41208 5.57604 6.10102 6.02969
4.28211 4.65316 4.81127 4.31671 4.64637 4.57049 6.41208 5.57604 6.10102 6.02969
4.28211 4.65316 4.81127 4.31671 4.64637 4.57049 6.41208 5.57604 6.10102 6.02969
4.28211 4.65316 4.81127 4.31671 4.64637 4.57049 6.41208 5.57604 6.10102 6.02969
