4.42232 4.84775 4.73904 3.89592 4.74348 6.3299 5.96422 4.95186 5.23098 4.81252
4.42232 4.84775 4.73904 3.89592 4.74348 6.3299 5.96422 4.95186 5.23098 4.81252
4.42232 4.84775 4.73904 3.89592 4.74348 6.3299 5.96422 4.95186 5.23098 4.81252
4.42232 4.84775 4.73904 3.89592 4.74348 6.3299 5.96422 4.95186 5.23098 4.81252
4.42232 4.84775 4.73904 3.89592 4.74348 6.3299 5.96422 4.95186 5.23098 4.81252
4.42232 4.84775 4.73904 3.89592 4.74348 6.3299 5.96422 4.95186 5.23098 4.81252
4.42232 4.84775 4.73904 3.89592 4.74348 6.3299 5.96422 4.95186 5.23098 4.81252
4.42232 4.84775 4.73904 3.89592 4.74348 6.3299 5.96422 4.95186 5.23098 4.81252
4.42232 4.84775 4.73904 3.89592 4.74348 6.3299 5.96422 4.95186 5.23098 4.81252
4.42232 4.84775 4.73904 3.89592 4.74348 6.3299 5.96422 4.95186 5.23098 4.81252
4.42232 4.84775 4.73904 3.89592 4.74348 6.3299 5.96422 4.95186 5.23098 4.81252
4.42232 4.84775 4.73904 3.89592 4.74348 6.3299 5.96422 4.95186 5.23098 4.81252
4.42232 4.84775 4.73904 3.89592 4.74348 6.3299 5.96422 4.95186 5.23098 4.81252
4.42232 4.84775 4.73904 3.89592 4.74348 6.3299 5.96422 4.95186 5.23098 4.81252
4.42232 4.84775 4.73904 3.89592 4.74348 6.3299 5.96422 4.95186 5.23098 4.81252
4.42232 4.84775 4.73904 3.89592 4.74348 6.3299 5.96422 4.95186 5.23098 4.81252
4.42232 4.84775 4.73904 3.89592 4.74348 6.3299 5.96422 4.95186 5.23098 4.81252
4.42232 4.84775 4.73904 3.89592 4.74348 6.3299 5.96422 4.95186 5.23098 4.81252
4.42232 4.84775 4.73904 3.89592 4.74348 6.3299 5.96422 4.95186 5.23098 4.81252
4.42232 4.84775 4.73904 3.89592 4.74348 6.3299 5.96422 4.95186 5.23098 4.81252
4.42232 4.84775 4.73904 3.89592 4.74348 6.3299 5.96422 4.95186 5.23098 4.81252
