4.17019 4.44736 4.45052 4.36353 5.3794 6.23582 5.87828 6.03418 6.2054 7.29429
4.17353 4.45619 4.45903 4.37163 5.37664 6.23937 5.89793 6.03619 6.21007 7.30807
4.17707 4.46907 4.48524 4.38922 5.38961 6.24917 5.89803 6.03817 6.22102 7.32334
4.18361 4.49466 4.53581 4.41056 5.44017 6.2701 5.90133 6.0401 6.23174 7.33212
4.20704 4.52893 4.6125 4.44038 5.49333 6.29772 5.99422 6.04204 6.24003 7.4484
4.26783 4.60093 4.70685 4.50346 5.56294 6.34363 6.07838 6.044 6.24394 7.50214
4.35321 4.73692 4.86419 4.58013 5.68046 6.40441 6.30122 6.04594 6.24752 7.99529
4.54664 4.91402 5.03618 4.67966 5.83742 6.45465 6.56403 6.04796 6.25111 8.20138
4.59013 5.14726 5.36825 4.82404 6.03819 6.58787 6.64566 6.04997 6.25478 8.26873
4.8696 5.4228 5.5148 5.23703 6.51817 6.87613 6.67163 6.05198 6.25845 8.30959
5.42463 5.90803 5.88433 5.69586 7.1659 7.1792 6.67639 6.054 6.26212 8.31572
6.24618 6.30367 6.29295 6.56436 7.6251 7.22053 6.68112 6.05603 6.26554 8.32147
6.74267 6.89754 6.84554 6.58506 7.83449 7.54712 6.68538 6.05792 6.2689 8.32713
6.95258 7.60629 7.28031 6.58889 7.92851 7.5503 6.69037 6.05979 6.27221 8.33261
7.05741 7.62364 7.28337 6.59266 8.09818 7.55346 6.69481 6.06166 6.27536 8.33827
7.09106 7.62901 7.28744 6.59643 8.10328 7.55662 6.69925 6.06357 6.27851 8.34373
7.09655 7.63392 7.29142 6.60024 8.10823 7.55975 6.70372 6.06532 6.28165 8.34917
7.10018 7.63881 7.29545 6.60404 8.11307 7.56291 6.70819 6.06682 6.28459 8.35461
7.10386 7.64371 7.29945 6.60783 8.11792 7.56602 6.71263 6.06805 6.28749 8.3598
7.10759 7.64862 7.30332 6.61157 8.12275 7.56897 6.71705 6.06928 6.2902 8.36464
7.11125 7.65342 7.30717 6.6153 8.12748 7.57193 6.72117 6.07051 6.29282 8.36939
