3.4886 4.14349 4.5937 3.60248 4.19309 3.81982 5.13056 4.89002 4.75235 4.71229
3.4886 4.14349 4.5937 3.60248 4.19309 3.81982 5.13056 4.89002 4.75235 4.71229
3.4886 4.14349 4.5937 3.60248 4.19309 3.81982 5.13056 4.89002 4.75235 4.71229
3.4886 4.14349 4.5937 3.60248 4.19309 3.81982 5.13056 4.89002 4.75235 4.71229
3.4886 4.14349 4.5937 3.60248 4.19309 3.81982 5.13056 4.89002 4.75235 4.71229
3.4886 4.14349 4.5937 3.60248 4.19309 3.81982 5.13056 4.89002 4.75235 4.71229
3.4886 4.14349 4.5937 3.60248 4.19309 3.81982 5.13056 4.89002 4.75235 4.71229
3.4886 4.14349 4.5937 3.60248 4.19309 3.81982 5.13056 4.89002 4.75235 4.71229
3.4886 4.14349 4.5937 3.60248 4.19309 3.81982 5.13056 4.89002 4.75235 4.71229
3.4886 4.14349 4.5937 3.60248 4.19309 3.81982 5.13056 4.89002 4.75235 4.71229
3.4886 4.14349 4.5937 3.60248 4.19309 3.81982 5.13056 4.89002 4.75235 4.71229
3.4886 4.14349 4.5937 3.60248 4.19309 3.81982 5.13056 4.89002 4.75235 4.71229
3.4886 4.14349 4.5937 3.60248 4.19309 3.81982 5.13056 4.89002 4.75235 4.71229
3.4886 4.14349 4.5937 3.60248 4.19309 3.81982 5.13056 4.89002 4.75235 4.71229
3.4886 4.14349 4.5937 3.60248 4.19309 3.81982 5.13056 4.89002 4.75235 4.71229
3.4886 4.14349 4.5937 3.60248 4.19309 3.81982 5.13056 4.89002 4.75235 4.71229
3.4886 4.14349 4.5937 3.60248 4.19309 3.81982 5.13056 4.89002 4.75235 4.71229
3.4886 4.14349 4.5937 3.60248 4.19309 3.81982 5.13056 4.89002 4.75235 4.71229
3.4886 4.14349 4.5937 3.60248 4.19309 3.81982 5.13056 4.89002 4.75235 4.71229
3.4886 4.14349 4.5937 3.60248 4.19309 3.81982 5.13056 4.89002 4.75235 4.71229
3.4886 4.14349 4.5937 3.60248 4.19309 3.81982 5.13056 4.89002 4.75235 4.71229
