3.97702 4.48003 4.70938 4.34555 4.92338 4.69434 6.06658 5.56373 5.15967 5.21099
3.98742 4.48716 4.71479 4.3513 4.93104 4.70059 6.07513 5.57048 5.16698 5.23159
3.99911 4.50616 4.7297 4.36145 4.9429 4.70535 6.08659 5.58966 5.17784 5.26289
4.00643 4.528 4.75104 4.37681 4.96174 4.72012 6.12046 5.60858 5.19715 5.29779
4.03949 4.55741 4.78836 4.42447 4.99278 4.74668 6.18896 5.64141 5.24484 5.31955
4.10147 4.59715 4.87548 4.50957 5.05963 4.79649 6.29192 5.69343 5.28675 5.37821
4.18316 4.68016 4.97922 4.75265 5.1661 4.89307 6.40411 5.7727 5.33755 5.35905
4.28441 4.77039 5.11034 5.03747 5.32497 5.0046 6.61693 5.89906 5.42549 5.4359
4.4598 5.01116 5.25774 5.26775 5.58603 5.33294 6.97058 6.16935 5.53531 5.6729
4.67359 5.18577 5.33641 5.51302 5.83143 6.13356 7.04395 6.39369 5.66475 5.98272
5.05162 5.41129 5.92958 5.82046 6.28061 6.33704 7.53297 6.92806 5.95176 6.31089
5.65176 5.77328 6.69564 6.2417 6.6311 7.34302 7.7219 7.08217 6.21305 6.98436
6.02593 6.5143 7.28587 6.50597 6.95635 7.33935 7.84612 7.51056 6.3618 7.22836
6.58889 7.33158 7.87748 7.15479 7.6059 7.32995 7.84573 7.51671 6.9244 7.54293
7.09112 7.57361 7.90123 7.38177 7.8556 7.32747 7.84973 7.51166 6.9197 7.9922
7.14079 7.56822 7.90328 7.36961 7.84729 7.33504 7.85614 7.5182 6.92561 7.9842
7.13877 7.57338 7.9031 7.37 7.85306 7.34259 7.85014 7.52466 6.93319 7.98907
7.14413 7.57918 7.9083 7.37531 7.8587 7.35015 7.8579 7.53022 6.94081 7.99583
7.14943 7.58498 7.91337 7.38051 7.86428 7.35768 7.86576 7.53784 6.94839 8.00302
7.15468 7.59063 7.91839 7.38572 7.86984 7.36508 7.87361 7.54819 6.95595 8.01014
7.15982 7.59619 7.92347 7.3908 7.87535 7.37248 7.88136 7.55554 6.96346 8.01723
