4.10978 4.07382 4.34705 3.56321 4.48205 3.99254 5.34181 5.04223 4.69146 5.49265
4.10487 4.09744 4.37871 3.62762 4.49079 4.01902 5.35118 5.06251 4.66206 5.55317
4.13545 4.11901 4.40504 3.7485 4.5042 4.06868 5.36125 5.09346 4.7289 5.56399
4.17726 4.14679 4.45486 3.78918 4.54292 4.07802 5.39183 5.11057 4.79689 5.58116
4.2152 4.2101 4.52254 3.83542 4.60298 4.08742 5.48814 5.14829 4.8392 5.63136
4.27866 4.26421 4.62311 3.88772 4.68912 4.09617 5.63007 5.18838 5.07096 5.66449
4.37214 4.32467 4.75281 3.96493 4.79692 4.4491 5.83285 5.22759 5.20626 5.77751
4.48845 4.44097 4.94189 4.10076 4.98634 4.63774 6.094 5.41908 5.25355 6.00348
4.62462 4.64064 5.1526 4.28379 5.15838 4.76543 6.29184 5.75054 5.38552 6.07078
4.77387 5.14926 5.28331 4.6082 5.32138 4.94098 6.55909 5.88736 5.7096 6.27327
4.94857 5.33103 5.42859 5.00989 5.58777 5.3116 6.8701 6.12493 6.54802 6.43535
5.22671 5.53267 5.76091 5.41116 6.06256 5.94327 7.41003 6.76227 6.64843 6.80995
5.61781 5.8727 5.98888 5.77613 6.35835 7.46385 7.58155 6.76665 6.63088 6.28678
6.60117 6.56756 6.23711 6.07003 6.83955 7.46844 7.58718 6.76858 6.81644 7.51191
6.99289 6.82623 7.48873 6.63161 7.29081 7.47305 7.59219 6.77583 6.81952 7.88499
7.48804 6.83053 7.5547 6.84759 7.91763 7.47774 7.59751 6.78036 6.8658 8.17212
7.49192 6.83496 7.55843 6.85075 7.93342 7.48241 7.60317 6.78496 6.82561 8.24797
7.49578 6.83933 7.56184 6.85375 7.93791 7.48711 7.60879 6.78965 6.82866 8.2546
7.49962 6.84373 7.56522 6.85647 7.94241 7.49158 7.6143 6.79431 6.83164 8.26036
7.50331 6.84746 7.56801 6.85919 7.94662 7.49598 7.61969 6.79889 6.83448 8.26599
7.50765 6.85129 7.57063 6.86187 7.9501 7.50019 7.62493 6.80319 6.83729 8.27094
