4.14728 4.55928 4.59983 3.84854 4.7071 6.03021 5.81263 4.6115 4.77499 4.58781
4.15255 4.56464 4.6048 3.8536 4.71269 6.03941 5.82379 4.61705 4.78271 4.59326
4.16253 4.58243 4.61575 3.8724 4.7187 6.08861 5.83729 4.62519 4.79763 4.60392
4.18239 4.60856 4.63946 3.91918 4.72501 6.17833 5.84786 4.637 4.82518 4.62595
4.23951 4.62928 4.66081 3.98348 4.73957 6.36865 5.87474 4.66678 4.81973 4.66628
4.31884 4.67312 4.70163 4.06328 4.76391 6.69186 5.91969 4.70748 4.91509 4.70682
4.42363 4.81452 4.79633 4.16509 4.83739 7.2449 5.96503 4.7692 5.01621 4.77867
4.57782 5.29653 4.97833 4.30571 4.96488 7.33829 6.02502 5.0026 5.155 4.94844
4.72482 5.666 5.25339 4.6376 5.15856 7.513 6.16545 5.28421 6.99628 5.21883
5.09604 6.10453 5.81545 5.26044 5.40011 7.62319 6.98537 5.42551 7.65124 5.74616
5.88657 6.70501 6.23087 6.23891 6.01748 7.70965 7.67087 5.50056 7.63715 6.27029
6.82313 7.40902 6.94417 6.49076 6.77162 8.10297 7.65571 7.38388 7.62945 8.0881
7.73252 7.93866 7.7368 6.55704 7.87032 8.10358 7.63854 7.37199 7.62071 8.05748
7.69795 7.94139 7.68546 7.4488 8.18357 8.09874 7.63649 7.36339 7.59678 8.02626
7.67457 7.93726 7.67893 7.41344 8.18096 8.10111 7.63565 7.34922 7.58045 8.02454
7.67085 7.94103 7.68432 7.40385 8.18668 8.09432 7.64297 7.33508 7.55251 8.02828
7.67382 7.94527 7.68736 7.37816 8.19002 8.0907 7.64884 7.34051 7.55813 8.03581
7.67822 7.95016 7.69395 7.38266 8.19641 8.09548 7.65643 7.34642 7.56454 8.04332
7.68256 7.95511 7.69938 7.3863 8.20266 8.10025 7.66354 7.35231 7.57242 8.0508
7.68693 7.96002 7.70477 7.3905 8.20836 8.10501 7.67106 7.35822 7.57928 8.0583
7.69125 7.96493 7.71018 7.39469 8.21403 8.10974 7.67854 7.36415 7.58617 8.06578
