5.49834 5.51552 3.90634 4.11801 4.83434 5.62659 4.67224 3.27505 4.73818 5.16105
5.51989 5.52825 3.90814 4.12005 4.8461 5.67638 4.69108 3.27911 4.81185 5.16739
5.60133 5.56219 3.91736 4.13305 4.89742 5.73614 4.71374 3.29488 4.89581 5.18542
5.3028 5.64597 3.94148 4.1946 4.89852 5.79643 4.72745 3.36611 5.16134 5.24301
5.55351 5.84135 4.03024 4.29777 5.1661 5.94506 5.04964 3.4553 6.21266 5.30145
5.76412 6.04279 4.40612 4.5262 5.44212 6.21242 5.80114 3.56418 6.21247 5.31345
6.28779 6.24235 4.72551 4.73933 5.72411 6.27821 6.03743 3.48573 6.21236 6.10404
7.20852 6.58806 4.97626 4.98555 5.99304 6.53357 6.23164 3.62316 6.21233 5.87116
7.4027 6.87037 5.38989 5.25011 6.25722 6.55707 6.35324 5.99801 6.2123 6.6393
7.51062 7.00218 5.76273 5.96167 6.42471 6.66284 6.96319 5.99816 6.21231 7.09542
7.53375 7.1528 6.07565 6.08252 6.8112 6.78538 7.1078 5.99827 6.21229 7.90675
7.53507 7.15527 6.36568 6.46168 7.0288 7.04159 7.10777 5.9984 6.2123 7.9082
7.53505 7.15647 6.64335 6.85391 7.4724 7.04145 7.10775 5.99845 6.21202 7.90809
7.53467 7.15646 6.68098 7.18238 7.93176 7.04141 7.10772 5.99845 6.2123 7.90814
7.53466 7.15649 6.68029 7.18235 7.98899 7.04129 7.10773 5.99846 6.21228 7.90774
7.53487 7.15646 6.68028 7.18232 7.98686 7.04192 7.10771 5.99845 6.21226 7.90744
7.53406 7.15644 6.6809 7.18232 7.98512 7.04206 7.1077 5.99844 6.21153 7.907
7.53459 7.15643 6.68025 7.18233 7.98511 7.04203 7.10768 5.99841 6.21226 7.90804
7.53463 7.15644 6.68027 7.18235 7.98512 7.04204 7.10769 5.99841 6.21167 7.90805
7.53444 7.15645 6.6809 7.18234 7.98514 7.04205 7.10771 5.99845 6.21145 7.90807
7.53444 7.15646 6.6809 7.18235 7.98514 7.04207 7.10772 5.99846 6.21145 7.9077
