5.38576 5.73423 5.99276 5.88818 6.47534 6.46829 7.85109 6.98384 6.49818 6.52283
5.39339 5.75577 6.00526 5.9031 6.48684 6.47776 7.87416 6.99965 6.51267 6.54061
5.40586 5.79531 6.02504 5.94321 6.50118 6.49103 7.90809 7.04089 6.55229 6.5667
5.44025 5.85213 6.06345 6.00917 6.55096 6.51137 7.98461 7.09618 6.59426 6.60278
5.57994 5.93254 6.14445 6.12886 6.71515 6.57757 8.20096 7.15061 6.64697 6.65927
5.72748 6.05676 6.28022 6.35286 6.88891 6.69217 8.3191 7.21929 6.74851 6.72961
5.89155 6.20375 6.44329 6.58982 7.09683 6.76835 8.43204 7.33791 6.89042 6.82043
6.01062 6.37746 6.6396 6.80663 7.33839 6.89642 8.53186 7.5628 7.0691 7.03196
6.28004 6.64955 6.8203 7.03912 7.57631 7.16214 8.58749 7.81427 7.26609 7.33069
6.52858 6.94621 7.03242 7.30737 7.80882 7.52415 8.65639 8.23949 7.43598 7.77246
6.8535 7.45226 7.3441 7.57995 8.03776 7.95329 8.78665 8.44641 7.73578 7.91355
7.13405 7.99211 7.7378 7.93781 8.2202 8.17865 8.80823 8.50935 8.20495 8.1173
7.55752 8.33205 8.49125 8.34173 8.47259 8.23867 8.81714 8.54776 8.32338 8.6019
7.9634 8.50295 8.64907 8.58946 8.53644 8.24363 8.82535 8.56105 8.43796 8.76115
8.30456 8.56428 8.72121 8.60894 8.54877 8.24555 8.83343 8.56677 8.45094 8.76571
8.37957 8.57765 8.73319 8.61178 8.55514 8.25339 8.84155 8.57462 8.45862 8.77339
8.38867 8.58428 8.73289 8.6177 8.56146 8.2611 8.8453 8.58143 8.46613 8.78117
8.39484 8.59044 8.73846 8.6233 8.56721 8.26872 8.85321 8.58942 8.47367 8.78892
8.40087 8.59698 8.74397 8.62813 8.57212 8.27609 8.86107 8.59711 8.48097 8.7966
8.40683 8.60151 8.75216 8.63256 8.57746 8.2839 8.86778 8.60584 8.48782 8.80449
8.41278 8.60786 8.75484 8.6384 8.58275 8.23887 8.87623 8.61344 8.49451 8.81233
