4.08753 4.5345 4.82076 4.51951 5.07212 5.0533 6.47071 5.78448 5.37272 5.52632
4.09701 4.588 4.88051 4.52766 5.09643 5.05446 6.57477 5.80658 5.38672 5.58167
4.21528 4.66875 5.06627 4.72528 5.19091 5.10948 6.89023 5.90536 5.48201 5.65956
4.4243 4.94357 5.33866 5.00167 5.43486 5.55904 7.24231 6.12366 5.64132 5.90923
4.93341 5.41748 5.71316 5.42548 5.9279 6.29433 7.32871 6.55074 5.90917 6.25463
5.41171 5.86987 6.37644 6.11677 6.37676 6.54804 7.85466 6.84401 6.33168 6.97672
6.11476 6.3485 7.06042 6.5285 6.7329 7.45863 8.03648 7.09461 6.69254 7.79389
6.67571 7.05094 7.56761 6.91804 7.26423 7.44286 8.21765 7.64029 7.20338 8.0684
7.13759 7.76299 7.93753 7.33018 7.79158 7.43915 8.215 7.63481 7.20923 8.40062
7.25948 7.74444 8.05927 7.59543 7.8692 7.43466 8.2137 7.63123 7.21191 8.33601
7.28921 7.77632 8.05414 7.57793 7.86626 7.42996 8.21165 7.6279 7.21186 8.38291
7.28815 7.77626 8.05202 7.57903 7.86498 7.43093 8.21164 7.62821 7.21178 8.38195
7.2858 7.77601 8.05128 7.57248 7.85559 7.42888 8.20385 7.62802 7.21166 8.3798
7.2858 7.77597 8.05115 7.57225 7.85292 7.42883 8.20355 7.62797 7.21162 8.37975
7.28805 7.74532 8.05127 7.57036 7.85293 7.42894 8.20367 7.628 7.21168 8.37768
7.28823 7.77625 8.04877 7.57218 7.85631 7.42931 8.20375 7.62808 7.21176 8.3791
7.28841 7.77641 8.05156 7.57367 7.86145 7.42926 8.20384 7.62787 7.21188 8.38012
7.28841 7.77645 8.05199 7.57507 7.86149 7.42939 8.21177 7.62793 7.21189 8.38093
7.28841 7.77645 8.05223 7.57507 7.86149 7.4294 8.21177 7.62793 7.21189 8.38093
7.28841 7.74456 8.05223 7.57507 7.86149 7.4294 8.21177 7.62793 7.21189 8.38093
7.28841 7.77645 8.05223 7.57507 7.86149 7.4294 8.21177 7.62793 7.21189 8.38093
