6.29822 5.75937 5.44282 5.25204 5.34562 6.4227 5.44122 5.8464 4.80253 7.47179
6.30419 5.78398 5.47724 5.27428 5.36281 6.45253 5.46182 5.85587 4.81104 7.57246
6.33167 5.84199 5.52455 5.30175 5.39217 6.48454 5.48468 5.86226 4.82281 7.79268
6.42072 5.93764 5.58688 5.35489 5.442 6.51274 5.50574 5.87287 4.83467 7.86118
6.55455 6.2075 5.70522 5.43278 5.53187 6.53153 5.55284 5.90568 4.84531 7.91289
6.70993 6.36231 5.87708 5.54142 5.67382 6.54715 5.67537 5.98548 4.91285 7.98221
6.84415 6.51014 6.03887 5.64718 5.91233 6.55305 5.95836 5.98705 6.07961 8.04306
7.06702 6.70234 6.26267 5.80402 6.21889 6.55323 6.93393 5.98766 6.0803 8.02282
7.27701 6.82099 6.62462 5.9556 6.70679 6.55271 7.3209 5.97956 6.08186 8.30799
7.37894 6.91734 6.75207 6.1429 7.14252 6.55037 7.37398 5.97266 6.08352 8.41322
7.46756 7.03205 6.95007 6.40406 7.51083 6.54803 7.37709 5.97939 6.08317 8.47997
7.54562 7.32846 7.05108 7.12769 7.6726 6.55104 7.38023 5.9825 6.08494 8.48045
7.5554 7.64334 7.1675 7.12939 7.82368 6.55401 7.38222 5.98564 6.08714 8.48381
7.56295 7.92645 7.27785 7.13319 8.13498 6.55668 7.38814 5.98627 6.0816 8.48698
7.56628 7.95638 7.38757 7.1315 8.21689 6.55994 7.38958 5.97568 6.06284 8.48905
7.57016 7.96033 7.38874 7.13489 8.23358 6.56227 7.38424 5.97807 6.06494 8.49151
7.57292 7.96483 7.37638 7.13877 8.23848 6.56491 7.38371 5.97106 6.06251 8.49493
7.57594 7.96925 7.37985 7.1426 8.24332 6.56855 7.38531 5.97425 6.06452 8.49829
7.57878 7.97359 7.38311 7.14627 8.24808 6.57154 7.39361 5.98437 6.06634 8.50137
7.58047 7.97786 7.38633 7.14985 8.25274 6.5749 7.39801 5.98752 6.06811 8.50421
7.58291 7.98213 7.38954 7.15346 8.25742 6.57747 7.40242 5.99156 6.06959 8.50706
