4.13989 4.47227 4.42385 3.84118 4.81997 5.79917 5.87661 4.79534 4.94534 4.6764
4.14454 4.47713 4.42791 3.84737 4.82533 5.84695 5.88321 4.80473 4.95164 4.68326
4.15463 4.48696 4.45015 3.89027 4.83172 5.90931 5.89322 4.82693 4.96152 4.69731
4.16603 4.51008 4.46655 3.94119 4.84318 5.98985 5.90259 4.8569 4.97922 4.71735
4.1927 4.5499 4.48237 3.99398 4.87678 6.14668 5.91253 4.90087 5.08601 4.74716
4.28547 4.623 4.5696 4.08255 4.87936 6.28324 5.93162 5.04207 5.10686 4.80307
4.35934 4.77743 4.69241 4.19784 5.01044 6.5688 5.98628 5.1038 5.33747 4.87974
4.52276 5.14915 4.88128 4.44189 5.19534 6.93728 6.06316 5.36537 5.86585 4.9859
4.67034 5.53036 5.27542 4.78165 5.40609 7.04212 6.16609 5.4811 7.96585 5.2258
5.10867 6.13022 5.88552 6.08708 5.69451 7.30601 6.62441 5.56232 7.96546 5.81628
5.97974 6.64779 6.31877 6.30745 6.40182 7.89035 7.74431 5.66365 7.94478 6.51665
7.26224 7.316 7.06836 6.51245 7.27532 7.89324 7.72831 7.7182 7.94072 8.46971
7.5788 7.77555 7.873 6.56074 8.25273 7.88984 7.72538 7.67216 7.92411 8.4854
7.55251 7.76852 7.84739 7.48672 8.26582 7.88572 7.72308 7.65536 7.9009 8.4675
7.52095 7.75749 7.84958 7.45289 8.26749 7.86775 7.71401 7.63606 7.82971 8.46454
7.52042 7.75978 7.85105 7.40778 8.27212 7.86471 7.70275 7.63554 7.88848 8.47158
7.52457 7.76164 7.85548 7.40732 8.27763 7.85968 7.7078 7.64138 7.8949 8.47864
7.52875 7.76641 7.86051 7.41154 8.283 7.86388 7.71307 7.64652 7.90132 8.4855
7.53291 7.77117 7.86553 7.41571 8.28835 7.86848 7.72022 7.65361 7.90775 8.49257
7.53709 7.77592 7.86996 7.41988 8.29374 7.87305 7.72722 7.65815 7.91416 8.49963
7.54125 7.78058 7.87501 7.42405 8.29905 7.87763 7.73423 7.66385 7.91919 8.50659
