4.09915 4.76576 4.70843 4.94926 4.86703 4.52602 6.12884 5.5482 5.38108 5.24969
4.10842 4.77914 4.71679 4.9716 4.87512 4.53357 6.14266 5.56127 5.39425 5.2874
4.12491 4.80792 4.73608 5.01579 4.8883 4.5518 6.18088 5.57956 5.41221 5.39541
4.16946 4.83644 4.76457 5.09992 4.90193 4.61423 6.32242 5.6015 5.44018 5.48243
4.25056 4.92996 4.81426 5.26765 4.95592 4.76207 6.57618 5.64472 5.49156 5.55762
4.35095 5.06661 4.91962 5.50208 5.07718 5.03907 6.79817 5.82593 5.60932 5.66239
4.46589 5.24895 5.15027 5.81798 5.23061 5.24612 7.02857 5.92698 5.84513 5.7731
4.62681 5.49979 5.33082 6.11173 5.43409 5.47464 7.68468 6.08978 6.11824 5.89244
4.91675 5.8101 5.70637 6.44347 5.84731 5.74445 8.03489 6.27719 6.33523 5.99229
5.33283 6.22289 6.36928 6.84849 6.3514 6.08102 8.36703 6.85152 6.59393 6.41168
5.8694 6.86585 7.08386 7.1915 6.92763 6.88964 8.68026 7.4158 7.16836 7.21841
6.53291 7.49599 7.67342 7.73088 7.44352 7.71842 8.68639 7.92304 7.62144 8.48406
7.20879 8.0353 8.28898 8.47797 7.93629 8.27456 8.68706 8.69769 8.48162 8.86939
7.69203 8.6838 8.62227 8.61518 8.30908 8.26079 8.69353 8.69539 8.44939 8.86543
8.13854 8.67492 8.61338 8.62052 8.31143 8.2692 8.69951 8.70288 8.45624 8.87038
8.14442 8.64893 8.61935 8.62639 8.31783 8.2779 8.70351 8.71101 8.46393 8.88007
8.15049 8.6552 8.62536 8.63224 8.32371 8.28661 8.71184 8.71886 8.47162 8.88972
8.15754 8.69344 8.63137 8.6381 8.33009 8.29532 8.72038 8.7272 8.47934 8.89933
8.16362 8.69992 8.63739 8.64398 8.33644 8.30381 8.72872 8.73529 8.48697 8.90875
8.16969 8.70639 8.6434 8.64976 8.34275 8.3123 8.73707 8.74352 8.49447 8.91827
8.1758 8.71286 8.6493 8.65557 8.34907 8.26548 8.74541 8.75176 8.50155 8.92777
