3.76614 4.02915 4.23797 3.35762 4.1687 3.67076 5.29383 4.90619 5.21979 5.41278
3.77613 4.0344 4.25021 3.36423 4.18302 3.67123 5.30026 4.91395 5.23505 5.42832
3.79063 4.04696 4.27986 3.38946 4.2017 3.67685 5.30817 4.94032 5.26583 5.45182
3.8179 4.06087 4.32926 3.41293 4.21969 3.68566 5.31949 5.01492 5.32724 5.48515
3.83289 4.08868 4.38326 3.54387 4.2414 3.70373 5.33216 5.00684 5.40685 5.53439
3.88557 4.18294 4.40661 3.75909 4.30285 3.70391 5.34731 5.0467 5.47648 5.61074
3.94718 4.31246 4.491 3.8717 4.41945 3.72461 5.39487 5.08374 5.56508 5.67441
4.03203 4.54156 4.59032 4.00472 4.55076 3.75296 5.47701 5.15279 5.84784 5.77189
4.21665 4.78743 4.82279 4.21748 4.70635 3.78063 5.93324 5.42233 5.96585 5.98295
4.44331 4.96156 5.07834 4.5031 4.9249 4.28551 6.38134 5.6452 6.03933 6.11958
4.73387 5.18418 5.50129 4.75246 5.31064 4.59068 6.86802 6.00001 6.1755 6.20054
5.05648 5.38402 5.30835 5.07929 5.60703 5.18798 7.34108 6.57866 6.54484 6.33429
5.46604 5.71653 5.70514 5.5412 6.42429 7.72278 7.92769 7.16784 7.15036 6.48302
5.93966 6.17175 6.14997 5.97115 6.99051 7.7261 7.95043 7.17388 7.41056 7.31551
7.26218 7.16614 6.76164 6.90681 7.71497 7.73144 7.95824 7.17998 7.41503 8.30443
7.75309 7.17077 7.94438 7.33111 8.13359 7.73674 7.96598 7.1861 7.41968 8.80938
7.75738 7.17481 7.94924 7.3347 8.1385 7.74217 7.97363 7.16347 7.42441 8.81597
7.76172 7.17891 7.95344 7.3383 8.14348 7.74756 7.98135 7.19824 7.42916 8.82255
7.76607 7.18292 7.95738 7.34196 8.14853 7.75295 7.98909 7.20407 7.43391 8.77736
7.77039 7.18743 7.96207 7.34561 8.15314 7.7584 7.99681 7.20997 7.43867 8.83591
7.77475 7.19076 7.96639 7.34927 8.1585 7.76383 8.00462 7.21587 7.44345 8.84259
