5.83725 5.96647 5.87107 5.33011 5.37242 6.4512 7.60965 6.77106 6.70939 7.20773
5.85379 5.98061 5.88079 5.34257 5.39239 6.45978 7.62664 6.82346 6.75644 7.27285
5.8984 6.00964 5.92236 5.37624 5.45019 6.47428 7.65794 6.97843 6.82779 7.32752
5.97686 6.05481 5.99977 5.47875 5.54001 6.53299 7.70035 7.08681 6.86123 7.46115
6.09987 6.15535 6.11152 5.61947 5.63789 6.69837 7.7369 7.17009 6.93886 7.54199
6.33067 6.34724 6.26612 5.77391 5.7934 6.90669 7.83147 7.39761 7.00628 7.63187
6.54511 6.57295 6.44611 6.04424 5.96256 7.31084 7.94955 7.6063 7.52894 7.68054
6.82679 6.76356 6.62532 6.25846 6.12961 7.67281 8.07772 7.79934 7.94577 7.67234
7.18707 6.95785 6.88188 6.52094 6.32158 8.04864 8.4786 7.90842 8.24702 7.82714
7.65607 7.25044 7.15708 6.84258 6.55271 8.25854 8.60002 8.02822 8.24806 8.07673
8.0433 7.43822 7.51582 7.1945 6.81093 8.46101 8.60435 8.03527 8.24172 8.47433
8.09601 7.61628 8.23425 7.53968 7.31626 8.47622 8.60958 8.04191 8.24534 8.69975
8.11987 7.79986 8.27601 7.69483 7.81826 8.47391 8.61393 7.98961 8.24945 9.09568
8.13364 7.81458 8.2943 8.01606 8.33653 8.4788 8.61822 7.99689 8.2542 9.18524
8.14335 7.82188 8.31355 8.01321 8.4098 8.48413 8.62573 8.04441 8.25883 9.19028
8.14416 7.82439 8.32395 8.01708 8.41843 8.49138 8.63325 8.03757 8.2634 9.19659
8.14901 7.82922 8.32895 8.02039 8.42378 8.49345 8.64084 8.04423 8.26806 9.20284
8.15373 7.83388 8.33356 8.02372 8.42898 8.49993 8.64848 8.05072 8.2725 9.20855
8.15828 7.83849 8.33803 8.02684 8.43391 8.50677 8.65603 8.05712 8.27692 9.21413
8.16272 7.84288 8.34226 8.02987 8.43918 8.51185 8.66343 8.06305 8.28131 9.22075
8.16714 7.84729 8.34669 8.03289 8.44417 8.51888 8.67068 8.06733 8.2859 9.22625
