6.47691 6.52762 5.6106 5.47764 6.08776 6.18947 6.54335 6.98428 6.78752 7.12678
6.51169 6.57942 5.62619 5.54546 6.12048 6.25766 6.59851 7.0308 6.8292 7.15124
6.62221 6.72335 5.70741 5.64624 6.22275 6.41763 6.75513 7.12539 6.9687 7.26887
6.83674 7.01226 5.89495 5.84624 6.46356 6.67323 7.14201 7.29686 7.27269 7.77003
7.12702 7.34894 6.16703 6.14371 6.81595 7.03422 7.55031 7.58274 7.83421 8.25394
7.48641 7.74214 6.52789 6.44242 7.28773 7.85853 7.73752 8.05693 8.14179 8.46294
7.69162 8.16311 6.90129 7.03292 7.62815 8.41362 7.90542 8.60907 8.98552 8.69877
7.83453 8.31614 7.11443 7.67802 7.90529 8.71166 7.90451 8.86101 8.99685 8.99144
7.90511 8.34589 7.34127 8.23941 8.15212 8.69405 7.89944 8.8756 8.98998 8.98748
7.90626 8.3461 7.50807 8.62508 8.1926 8.69202 7.89999 8.87346 8.98779 8.98743
7.90479 8.34468 7.68298 8.67207 8.19249 8.69203 7.89999 8.87172 8.98771 8.98743
7.90419 8.34438 7.83709 8.67208 8.19175 8.6919 7.90001 8.86876 8.98535 8.98746
7.90328 8.34441 7.86572 8.67159 8.19177 8.69144 7.90001 8.86876 8.98076 8.98747
7.9031 8.34401 7.86554 8.67143 8.19172 8.69123 7.90003 8.86805 8.98068 8.98742
7.9031 8.3439 7.86547 8.67128 8.19161 8.69139 7.89994 8.86866 8.98063 8.98733
7.90306 8.34383 7.8654 8.67125 8.19156 8.69135 7.89993 8.86863 8.98058 8.98728
7.9031 8.34417 7.86538 8.67125 8.19157 8.69134 7.89991 8.8686 8.98058 8.98728
7.90299 8.34419 7.8654 8.67135 8.1916 8.69136 7.89994 8.86865 8.98064 8.98734
7.90321 8.34427 7.86546 8.67142 8.19168 8.69148 7.89996 8.86872 8.98072 8.98744
7.90331 8.34437 7.86552 8.67144 8.19176 8.69146 7.89948 8.86877 8.98074 8.98749
7.90331 8.34437 7.86551 8.67144 8.19175 8.69146 7.89948 8.86877 8.98074 8.98749
