5.53197 5.3114 5.31073 4.1972 5.13322 5.12591 5.92714 5.26804 5.48474 5.99417
5.5507 5.32958 5.32243 4.21677 5.14736 5.13803 5.95219 5.2567 5.5059 6.02017
5.59862 5.38652 5.35672 4.26581 5.17924 5.0923 5.99507 5.32003 5.54812 6.08339
5.68451 5.47739 5.44772 4.33067 5.24212 5.39429 6.13849 5.35512 5.6087 6.24545
5.80143 5.63708 5.56873 4.41371 5.34236 5.57335 6.28865 5.44187 5.68415 6.41321
5.94957 5.83575 5.72598 4.5204 5.46855 5.75549 6.47351 5.61905 5.78728 6.55944
6.11922 6.04951 6.01549 4.66868 5.64966 5.89225 6.92065 5.78717 5.89757 6.87458
6.39768 6.28521 6.31529 4.85116 5.84199 6.11395 7.41918 5.93515 6.01898 7.07723
6.70304 6.57386 6.60273 5.06192 6.31448 6.29023 7.67113 6.09575 6.26611 7.30192
7.01019 7.02033 6.89916 5.30673 6.87921 6.57223 7.80831 6.32851 6.52202 7.69706
7.46744 7.80647 7.18834 5.77073 7.37525 7.62842 8.24713 6.96692 7.50394 8.185
7.82812 8.0093 7.53113 6.38765 7.9985 8.10169 8.24855 7.64011 8.03189 8.4878
7.94718 8.32352 7.82866 7.58653 8.28252 8.95753 8.24203 8.74692 9.04814 9.14221
8.20283 8.43316 8.12035 8.53298 8.36809 8.95302 8.24634 8.69409 9.04966 9.14593
8.21118 8.43659 8.17321 8.52628 8.3735 8.9555 8.25389 8.68981 9.05492 9.15365
8.21599 8.44199 8.17958 8.5317 8.3789 8.96344 8.26142 8.74835 9.0613 9.1622
8.22165 8.44742 8.18612 8.53692 8.3843 8.97087 8.26895 8.75558 9.06859 9.16996
8.22734 8.45285 8.19267 8.54206 8.38972 8.97819 8.27648 8.76285 9.0759 9.178
8.23376 8.45828 8.19921 8.54714 8.39513 8.98544 8.28402 8.76999 9.0831 9.18576
8.23945 8.46372 8.20575 8.55234 8.40048 8.99267 8.29156 8.77699 9.09023 9.19353
8.24515 8.46914 8.2123 8.55749 8.40582 8.99984 8.29894 8.78399 9.09738 9.20105
