4.02268 4.38448 4.51607 3.70325 4.30726 3.94637 5.48166 5.14763 5.60554 5.84833
4.01554 4.39676 4.53089 3.70907 4.31895 3.95332 5.47821 5.14647 5.61743 5.88562
4.03081 4.41562 4.56452 3.7323 4.33685 3.96108 5.50074 5.17067 5.66131 5.95167
4.04373 4.44404 4.58996 3.80717 4.35958 3.95746 5.52179 5.18781 5.70169 5.984
4.05188 4.48892 4.6395 4.01129 4.41744 3.9814 5.54889 5.20854 5.79093 6.03555
3.95083 4.59993 4.69237 4.12959 4.49336 3.99658 5.57641 5.25432 5.95928 6.08425
4.18138 4.78323 4.76591 4.23694 4.60559 4.01501 5.60752 5.31767 6.01884 6.12023
4.31103 5.00117 4.88153 4.42917 4.73434 4.36246 5.81966 5.44766 6.08996 6.16991
4.40654 5.15691 5.07966 4.67558 4.87945 4.51109 6.58316 5.59052 6.17697 6.22771
4.65795 5.29256 5.23823 4.90231 5.06648 4.77116 6.94758 6.02433 6.29556 6.30725
4.98605 5.54132 5.43216 5.09561 5.2901 5.40111 7.32663 6.24688 6.6703 6.29183
5.4314 5.7708 5.75232 5.35312 5.7172 7.08288 7.66402 6.53207 7.28008 6.49928
6.18984 6.00998 6.15487 5.85321 6.5591 7.78938 8.12498 7.48132 7.30049 7.20441
7.49889 6.50048 6.71226 6.69108 7.11236 7.79331 8.13222 7.48672 7.55704 8.19631
7.69467 7.26127 7.2372 7.26651 8.00085 7.79827 8.13944 7.49215 7.55356 8.73476
7.69847 7.26608 7.94734 7.26978 8.18261 7.80316 8.14667 7.49754 7.55276 8.74054
7.70229 7.27002 7.9512 7.2731 8.18682 7.80806 8.15388 7.50217 7.55585 8.74689
7.70602 7.27406 7.95434 7.27648 8.16422 7.81293 8.16106 7.50813 7.55959 8.75321
7.70984 7.27857 7.95909 7.27992 8.19523 7.81772 8.16817 7.50209 7.5632 8.75963
7.71365 7.2822 7.96218 7.28319 8.1996 7.82248 8.17531 7.50743 7.56682 8.76592
7.7174 7.28642 7.96617 7.28646 8.20377 7.82714 8.18234 7.51271 7.57052 8.77231
