4.80008 5.25077 3.49063 3.59629 4.85529 4.00439 4.72239 3.24257 4.86738 4.09012
4.80008 5.25077 3.49063 3.59629 4.85529 4.00439 4.72239 3.24257 4.86738 4.09012
4.80008 5.25077 3.49063 3.59629 4.85529 4.00439 4.72239 3.24257 4.86738 4.09012
4.80008 5.25077 3.49063 3.59629 4.85529 4.00439 4.72239 3.24257 4.86738 4.09012
4.80008 5.25077 3.49063 3.59629 4.85529 4.00439 4.72239 3.24257 4.86738 4.09012
4.80008 5.25077 3.49063 3.59629 4.85529 4.00439 4.72239 3.24257 4.86738 4.09012
4.80008 5.25077 3.49063 3.59629 4.85529 4.00439 4.72239 3.24257 4.86738 4.09012
4.80008 5.25077 3.49063 3.59629 4.85529 4.00439 4.72239 3.24257 4.86738 4.09012
4.80008 5.25077 3.49063 3.59629 4.85529 4.00439 4.72239 3.24257 4.86738 4.09012
4.80008 5.25077 3.49063 3.59629 4.85529 4.00439 4.72239 3.24257 4.86738 4.09012
4.80008 5.25077 3.49063 3.59629 4.85529 4.00439 4.72239 3.24257 4.86738 4.09012
4.80008 5.25077 3.49063 3.59629 4.85529 4.00439 4.72239 3.24257 4.86738 4.09012
4.80008 5.25077 3.49063 3.59629 4.85529 4.00439 4.72239 3.24257 4.86738 4.09012
4.80008 5.25077 3.49063 3.59629 4.85529 4.00439 4.72239 3.24257 4.86738 4.09012
4.80008 5.25077 3.49063 3.59629 4.85529 4.00439 4.72239 3.24257 4.86738 4.09012
4.80008 5.25077 3.49063 3.59629 4.85529 4.00439 4.72239 3.24257 4.86738 4.09012
4.80008 5.25077 3.49063 3.59629 4.85529 4.00439 4.72239 3.24257 4.86738 4.09012
4.80008 5.25077 3.49063 3.59629 4.85529 4.00439 4.72239 3.24257 4.86738 4.09012
4.80008 5.25077 3.49063 3.59629 4.85529 4.00439 4.72239 3.24257 4.86738 4.09012
4.80008 5.25077 3.49063 3.59629 4.85529 4.00439 4.72239 3.24257 4.86738 4.09012
4.80008 5.25077 3.49063 3.59629 4.85529 4.00439 4.72239 3.24257 4.86738 4.09012
