4.62097 4.90798 5.14692 3.97328 4.78658 4.86164 5.49756 4.41521 5.37755 5.32106
4.62097 4.90798 5.14692 3.97328 4.78658 4.86164 5.49756 4.41521 5.37755 5.32106
4.62097 4.90798 5.14692 3.97328 4.78658 4.86164 5.49756 4.41521 5.37755 5.32106
4.62097 4.90798 5.14692 3.97328 4.78658 4.86164 5.49756 4.41521 5.37755 5.32106
4.62097 4.90798 5.14692 3.97328 4.78658 4.86164 5.49756 4.41521 5.37755 5.32106
4.62097 4.90798 5.14692 3.97328 4.78658 4.86164 5.49756 4.41521 5.37755 5.32106
4.62097 4.90798 5.14692 3.97328 4.78658 4.86164 5.49756 4.41521 5.37755 5.32106
4.62097 4.90798 5.14692 3.97328 4.78658 4.86164 5.49756 4.41521 5.37755 5.32106
4.62097 4.90798 5.14692 3.97328 4.78658 4.86164 5.49756 4.41521 5.37755 5.32106
4.62097 4.90798 5.14692 3.97328 4.78658 4.86164 5.49756 4.41521 5.37755 5.32106
4.62097 4.90798 5.14692 3.97328 4.78658 4.86164 5.49756 4.41521 5.37755 5.32106
4.62097 4.90798 5.14692 3.97328 4.78658 4.86164 5.49756 4.41521 5.37755 5.32106
4.62097 4.90798 5.14692 3.97328 4.78658 4.86164 5.49756 4.41521 5.37755 5.32106
4.62097 4.90798 5.14692 3.97328 4.78658 4.86164 5.49756 4.41521 5.37755 5.32106
4.62097 4.90798 5.14692 3.97328 4.78658 4.86164 5.49756 4.41521 5.37755 5.32106
4.62097 4.90798 5.14692 3.97328 4.78658 4.86164 5.49756 4.41521 5.37755 5.32106
4.62097 4.90798 5.14692 3.97328 4.78658 4.86164 5.49756 4.41521 5.37755 5.32106
4.62097 4.90798 5.14692 3.97328 4.78658 4.86164 5.49756 4.41521 5.37755 5.32106
4.62097 4.90798 5.14692 3.97328 4.78658 4.86164 5.49756 4.41521 5.37755 5.32106
4.62097 4.90798 5.14692 3.97328 4.78658 4.86164 5.49756 4.41521 5.37755 5.32106
4.62097 4.90798 5.14692 3.97328 4.78658 4.86164 5.49756 4.41521 5.37755 5.32106
