4.66008 5.27666 5.20657 4.18162 4.92289 6.39369 6.91868 5.10209 5.61234 5.1946
4.66008 5.27666 5.20657 4.18162 4.92289 6.39369 6.91868 5.10209 5.61234 5.1946
4.66008 5.27666 5.20657 4.18162 4.92289 6.39369 6.91868 5.10209 5.61234 5.1946
4.66008 5.27666 5.20657 4.18162 4.92289 6.21157 6.91868 5.10209 5.61234 5.1946
4.66008 5.27666 5.20657 4.18162 4.92289 6.39369 6.91868 5.10209 5.61234 5.1946
4.66008 5.27666 5.20657 4.18162 4.92289 6.39369 6.91868 5.10209 5.61234 5.1946
4.66008 5.27666 5.20657 4.18162 4.92289 6.39369 6.91868 5.10209 5.61234 5.1946
4.66008 5.27666 5.20657 4.18162 4.92289 6.39369 6.91868 5.10209 5.61234 5.1946
4.66008 5.27666 5.20657 4.18162 4.92289 6.39369 6.91868 5.10209 5.61234 5.1946
4.66008 5.27666 5.20657 4.18162 4.92289 6.39369 6.91868 5.10209 5.61234 5.1946
4.66008 5.27666 5.20657 4.18162 4.92289 6.39369 6.91868 5.10209 5.61234 5.1946
4.66008 5.27666 5.20657 4.18162 4.92289 6.39369 6.91868 5.10209 5.61234 5.1946
4.66008 5.27666 5.20657 4.18162 4.92289 6.39369 6.91868 5.10209 5.61234 5.1946
4.66008 5.27666 5.20657 4.18162 4.92289 6.39369 6.91868 5.10209 5.61234 5.1946
4.66008 5.27666 5.20657 4.18162 4.92289 6.39369 6.91868 5.10209 5.61234 5.1946
4.66008 5.27666 5.20657 4.18162 4.92289 6.39369 6.91868 5.10209 5.61234 5.1946
4.66008 5.27666 5.20657 4.18162 4.92289 6.39369 6.91868 5.10209 5.61234 5.1946
4.66008 5.27666 5.20657 4.18162 4.92289 6.39369 6.91868 5.10209 5.61234 5.1946
4.66008 5.27666 5.20657 4.18162 4.92289 6.39369 6.91868 5.10209 5.61234 5.1946
4.66008 5.27666 5.20657 4.18162 4.92289 6.39369 6.91868 5.10209 5.61234 5.1946
4.66008 5.27666 5.20657 4.18162 4.92289 6.39369 6.91868 5.10209 5.61234 5.1946
