3.50012 4.27501 4.61334 4.15807 4.73803 4.59492 5.4809 5.21381 4.39884 5.22425
3.5051 4.28427 4.61877 4.1773 4.7461 4.60354 5.48559 5.22231 4.40334 5.23365
3.51203 4.30098 4.62745 4.23165 4.75675 4.61347 5.49469 5.23524 4.40841 5.24681
3.5212 4.31301 4.64323 4.30564 4.76933 4.62826 5.51661 5.27483 4.41488 5.26543
3.54124 4.34822 4.69831 4.37635 4.79091 4.6594 5.5606 5.28737 4.42587 5.29775
3.5821 4.40133 4.76743 4.54072 4.82273 4.71244 5.66421 5.39747 4.44596 5.33828
3.64165 4.45856 4.84461 4.67624 4.88273 4.83047 5.7461 5.48044 4.50591 5.3868
3.73813 4.66428 4.91969 4.95105 5.03269 4.96188 5.93259 5.59354 4.57989 5.49422
3.91329 4.86841 5.04226 5.24647 5.24833 5.07846 6.06149 5.7302 4.68096 5.70814
4.20284 5.10733 5.26922 5.58828 5.5678 5.31527 6.39597 5.81898 4.83366 5.95153
4.54224 5.3365 5.62758 5.86949 6.14478 5.81459 7.05777 5.92612 5.00906 6.21787
5.15028 5.69527 6.40827 6.17691 6.54098 6.36174 7.63491 6.17376 5.30652 6.67905
5.69745 6.11203 7.03667 6.54132 7.23144 7.76815 8.07901 6.66378 5.5713 7.40314
6.14917 6.70897 7.4139 6.94709 7.68749 7.7309 8.08532 7.85616 5.8477 7.89418
6.3811 7.36129 7.96112 7.78921 8.00591 7.78152 8.09149 7.86428 6.25603 8.26086
6.85243 7.73218 8.05014 7.79418 8.01124 7.74264 8.09782 7.87022 7.29394 8.26698
7.33595 7.73893 8.05464 7.79833 8.01644 7.74851 8.10439 7.87478 7.29994 8.27302
7.34062 7.74419 8.05839 7.80251 8.02165 7.79921 8.11081 7.88107 7.30594 8.27932
7.34453 7.74943 8.06258 7.80672 8.02683 7.80514 8.11723 7.88758 7.31194 8.28559
7.34756 7.75468 8.06674 7.81089 8.03191 7.76631 8.12344 7.89392 7.31792 8.29191
7.35179 7.75989 8.0713 7.81504 8.03701 7.817 8.12947 7.90036 7.32375 8.2982
