5.82056 5.59965 4.10185 4.38356 4.76454 5.75747 5.20216 3.37869 4.82291 5.68357
5.82056 5.59965 4.10185 4.38356 4.76454 5.75747 5.20216 3.37869 4.82291 5.68357
5.82056 5.59965 4.10185 4.38356 4.76454 5.75747 5.20216 3.37869 4.82291 5.68357
5.82056 5.59965 4.10185 4.38356 4.76454 5.75747 5.20216 3.37869 4.82291 5.68357
5.82056 5.59965 4.10185 4.38356 4.76454 5.75747 5.20216 3.37869 4.82291 5.68357
5.82056 5.59965 4.10185 4.38356 4.76454 5.75747 5.20216 3.37869 4.82291 5.68357
5.82056 5.59965 4.10185 4.38356 4.76454 5.75747 5.20216 3.37869 4.82291 5.68357
5.82056 5.59965 4.10185 4.38356 4.76454 5.75747 5.20216 3.37869 4.82291 5.68357
5.82056 5.59965 4.10185 4.38356 4.76454 5.75747 5.20216 3.37869 4.82291 5.68357
5.82056 5.59965 4.10185 4.38356 4.76454 5.75747 5.20216 3.37869 4.82291 5.68357
5.82056 5.59965 4.10185 4.38356 4.76454 5.75747 5.20216 3.37869 4.82291 5.68357
5.82056 5.59965 4.10185 4.38356 4.76454 5.75747 5.20216 3.37869 4.82291 5.68357
5.82056 5.59965 4.10185 4.38356 4.76454 5.75747 5.20216 3.37869 4.82291 5.68357
5.82056 5.59965 4.10185 4.38356 4.76454 5.75747 5.20216 3.37869 4.82291 5.68357
5.82056 5.59965 4.10185 4.38356 4.76454 5.75747 5.20216 3.37869 4.82291 5.68357
5.82056 5.59965 4.10185 4.38356 4.76454 5.75747 5.20216 3.37869 4.82291 5.68357
5.82056 5.59965 4.10185 4.38356 4.76454 5.75747 5.20216 3.37869 4.82291 5.68357
5.82056 5.59965 4.10185 4.38356 4.76454 5.75747 5.20216 3.37869 4.82291 5.68357
5.82056 5.59965 4.10185 4.38356 4.76454 5.75747 5.20216 3.37869 4.82291 5.68357
5.82056 5.59965 4.10185 4.38356 4.76454 5.75747 5.20216 3.37869 4.82291 5.68357
5.82056 5.59965 4.10185 4.38356 4.76454 5.75747 5.20216 3.37869 4.82291 5.68357
