5.90766 6.03773 4.85407 4.92598 4.89386 6.86636 5.80557 4.61267 5.96559 6.02671
5.92391 6.04802 4.85481 4.94285 4.90284 7.07148 5.82025 4.61967 6.01295 6.03265
5.96595 6.09755 4.86654 4.99913 4.93262 7.20212 5.86893 4.62785 6.12386 6.07176
6.0686 6.30396 4.90583 5.10886 5.03031 7.23973 5.95223 4.64168 6.24686 6.16116
6.22265 6.54796 5.03565 5.2819 5.26947 7.21781 6.04814 4.68985 6.42781 6.32328
6.421 6.87705 5.26757 5.47523 5.48647 7.3094 6.23442 4.78497 6.31725 6.50301
6.69422 7.17358 5.67865 5.81101 5.73867 7.45419 6.65346 4.93803 7.05987 6.81052
7.10996 7.42513 6.15473 6.17114 6.15146 7.58931 6.94562 5.05267 7.28988 7.08656
7.43494 7.62411 6.60874 6.56086 6.46209 7.75396 7.34671 5.28097 7.28974 7.325
7.75009 7.78238 6.9373 6.8804 6.70379 7.99292 7.52165 5.46369 7.28965 7.66717
7.94277 7.84973 7.19174 7.77282 6.92534 8.04029 7.62492 5.63708 7.28963 8.00408
8.05929 7.87574 7.39123 7.82314 7.14631 8.13879 7.87362 7.5045 7.28959 8.1781
8.11526 7.89126 7.54704 7.85579 7.48233 8.18871 8.05528 7.50447 7.28956 8.18126
8.12356 7.89319 7.59616 7.89658 7.85653 8.18987 8.05523 7.50445 7.28955 8.18103
8.12351 7.89314 7.5961 7.89651 7.98546 8.18982 8.05521 7.50444 7.28951 8.18097
8.12348 7.89311 7.59607 7.89639 7.98705 8.18981 8.05519 7.50442 7.28951 8.18095
8.12345 7.89309 7.59604 7.89697 7.98703 8.1898 8.05519 7.50443 7.28951 8.18094
8.12344 7.8931 7.59605 7.89699 7.987 8.18979 8.05517 7.50442 7.28951 8.18094
8.12344 7.89307 7.59603 7.89699 7.987 8.18978 8.05517 7.5044 7.28952 8.18092
8.12344 7.89307 7.59602 7.89712 7.98699 8.18979 8.05517 7.50439 7.28951 8.18092
8.12344 7.89307 7.59601 7.89712 7.987 8.18979 8.05517 7.50441 7.28951 8.18093
