5.63461 5.92883 4.17288 4.20404 5.40389 5.18598 5.08818 3.93567 6.34008 5.06419
5.63461 5.92883 4.17288 4.20404 5.40389 5.18598 5.08818 3.93567 6.34008 5.06419
5.63461 5.92883 4.17288 4.20404 5.40389 5.18598 5.08818 3.93567 6.34008 5.06419
5.63461 5.92883 4.17288 4.20404 5.40389 5.9614 5.08818 3.93567 6.34008 5.06419
5.63461 5.92883 4.17288 4.20404 5.40389 5.18598 5.08818 3.93567 6.34008 5.06419
5.63461 5.92883 4.17288 4.20404 5.40389 5.18598 5.08818 3.93567 6.34008 5.06419
5.63461 5.92883 4.17288 4.20404 5.40389 5.18598 5.08818 3.93567 6.34008 5.06419
5.63461 5.92883 4.17288 4.20404 5.40389 5.18598 5.08818 3.93567 6.34008 5.06419
5.63461 5.92883 4.17288 4.20404 5.40389 5.18598 5.08818 3.93567 6.34008 5.06419
5.63461 5.92883 4.17288 4.20404 5.40389 5.18598 5.08818 3.93567 6.34008 5.06419
5.63461 5.92883 4.17288 4.20404 5.40389 5.18598 5.08818 3.93567 6.34008 5.06419
5.63461 5.92883 4.17288 4.20404 5.40389 5.18598 5.08818 3.93567 6.34008 5.06419
5.63461 5.92883 4.17288 4.20404 5.40389 5.18598 5.08818 3.93567 6.34008 5.06419
5.63461 5.92883 4.17288 4.20404 5.40389 5.18598 5.08818 3.93567 6.34008 5.06419
5.63461 5.92883 4.17288 4.20404 5.40389 5.18598 5.08818 3.93567 6.34008 5.06419
5.63461 5.92883 4.17288 4.20404 5.40389 5.18598 5.08818 3.93567 6.34008 5.06419
5.63461 5.92883 4.17288 4.20404 5.40389 5.18598 5.08818 3.93567 6.34008 5.06419
5.63461 5.92883 4.17288 4.20404 5.40389 5.18598 5.08818 3.93567 6.34008 5.06419
5.63461 5.92883 4.17288 4.20404 5.40389 5.18598 5.08818 3.93567 6.34008 5.06419
5.63461 5.92883 4.17288 4.20404 5.40389 5.18598 5.08818 3.93567 6.34008 5.06419
5.63461 5.92883 4.17288 4.20404 5.40389 5.18598 5.08818 3.93567 6.34008 5.06419
