5.26171 5.32834 5.29997 4.01308 5.059 4.95503 5.97438 5.10141 5.48043 5.75185
5.26944 5.33467 5.30767 4.0195 5.06559 4.97527 5.98278 5.10914 5.48743 5.75921
5.29955 5.35547 5.33575 4.03905 5.08509 5.02491 6.01507 5.12686 5.51868 5.77251
5.35226 5.42259 5.3871 4.07059 5.12118 5.06702 6.08709 5.16038 5.56436 5.95065
5.43171 5.52149 5.49872 4.11961 5.18482 5.13253 6.2115 5.2075 5.64056 6.10729
5.57013 5.70033 5.67352 4.2886 5.35209 5.25713 6.39822 5.31177 5.68722 6.29679
5.73621 5.91859 5.90557 4.40154 5.48906 5.37482 6.59951 5.45236 5.79243 6.49185
5.9285 6.12178 6.20781 4.53942 5.68503 5.52121 7.01912 5.54568 5.91062 6.82693
6.21733 6.51702 6.55367 4.73662 6.0811 5.67207 7.28403 5.75544 6.14177 7.0849
6.60214 7.27294 6.89013 5.03901 6.63492 6.26665 7.55425 6.11022 6.80407 7.538
7.07513 7.69564 7.24963 5.42791 7.41702 7.0384 8.51579 7.08111 9.03685 8.07818
7.69132 7.84397 7.59406 5.818 8.12243 7.77868 8.51342 8.56544 8.97446 8.14865
8.09522 7.96298 7.85715 7.93197 8.32599 8.84571 8.51064 8.55435 8.96025 9.24132
8.20591 8.35898 8.16953 8.32982 8.32571 8.84384 8.51271 8.53922 8.93551 9.24024
8.20522 8.36324 8.14658 8.32978 8.33125 8.82669 8.52106 8.53913 8.93304 9.24753
8.21042 8.36803 8.15195 8.33547 8.33628 8.82768 8.51731 8.54628 8.93882 9.25441
8.21553 8.37214 8.15781 8.34017 8.34172 8.83364 8.52564 8.55305 8.94298 9.25934
8.22076 8.37777 8.16417 8.34642 8.34717 8.84083 8.53395 8.56015 8.94973 9.26536
8.22573 8.38342 8.17006 8.35192 8.35263 8.84802 8.54231 8.56721 8.95647 9.27249
8.2307 8.38907 8.17581 8.35739 8.35803 8.85518 8.55064 8.57428 8.96319 9.27964
8.23568 8.39473 8.18158 8.36288 8.36338 8.86214 8.55899 8.58136 8.96994 9.28677
