4.06634 4.72323 5.31018 4.57779 5.68356 5.70941 6.41782 6.06312 5.15971 5.82564
4.07128 4.72975 5.31525 4.58327 5.69043 5.72402 6.42547 6.07067 5.16866 5.83331
4.07754 4.74226 5.32059 4.5916 5.70074 5.73541 6.43628 6.08238 5.18319 5.84802
4.08436 4.75775 5.32684 4.61739 5.716 5.75748 6.45024 6.09907 5.19169 5.87118
4.09282 4.77342 5.34298 4.65106 5.72709 5.76605 6.47409 6.1198 5.20539 5.90179
4.11279 4.79059 5.37962 4.72548 5.72213 5.73154 6.53691 6.14611 5.22283 6.0047
4.15658 4.8442 5.44874 4.85315 5.86823 5.79656 6.62433 6.18714 5.24921 6.10754
4.21007 4.93723 5.5323 5.05895 6.03539 5.96079 6.8277 6.24695 5.33154 6.25862
4.30341 5.11103 5.65597 5.33286 6.25544 6.15074 6.99922 6.38601 5.50279 6.44315
4.54304 5.31433 5.79395 5.7644 6.54313 6.39864 7.70737 6.61192 5.72868 6.68973
4.95296 5.58308 6.15481 6.08901 7.11547 6.86525 8.42208 6.73432 5.90094 6.94811
5.5693 5.97789 6.80999 6.40981 7.49065 7.54392 8.57861 7.12838 6.12861 7.60508
6.06392 6.53637 7.61029 7.02037 7.79261 8.14388 8.58587 7.93422 6.59941 7.91233
6.58897 7.56485 8.23611 7.98076 8.18573 8.15471 8.59327 8.24172 7.01384 8.26871
7.07182 8.06454 8.52028 8.01788 8.34191 8.16124 8.60052 8.24925 7.63179 8.67737
7.61079 8.08435 8.53873 8.02327 8.3485 8.16783 8.60733 8.25686 7.65589 8.68502
7.64757 8.09005 8.54364 8.02854 8.35426 8.17448 8.61475 8.26441 7.66276 8.69273
7.65259 8.09579 8.5486 8.03376 8.36005 8.18117 8.62189 8.27191 7.66966 8.70066
7.65764 8.1015 8.55353 8.03898 8.36583 8.18791 8.62904 8.27938 7.67661 8.70837
7.66259 8.10713 8.55847 8.04419 8.37158 8.19455 8.63619 8.28663 7.68351 8.71605
7.66757 8.11275 8.56341 8.04948 8.37736 8.20119 8.64318 8.29363 7.69045 8.72362
