6.19179 6.40703 5.27942 5.28819 5.13087 7.51521 6.49674 5.06118 6.78679 6.48459
6.19179 6.40703 5.27942 5.28819 5.13087 7.51521 6.49674 5.06118 6.78679 6.48459
6.19179 6.40703 5.27942 5.28819 5.13087 7.51521 6.49674 5.06118 6.78679 6.48459
6.19179 6.40703 5.27942 5.28819 5.13087 7.51521 6.49674 5.06118 6.78679 6.48459
6.19179 6.40703 5.27942 5.28819 5.13087 7.51521 6.49674 5.06118 6.78679 6.48459
6.19179 6.40703 5.27942 5.28819 5.13087 7.51521 6.49674 5.06118 6.78679 6.48459
6.19179 6.40703 5.27942 5.28819 5.13087 7.51521 6.49674 5.06118 6.78679 6.48459
6.19179 6.40703 5.27942 5.28819 5.13087 7.51521 6.49674 5.06118 6.78679 6.48459
6.19179 6.40703 5.27942 5.28819 5.13087 7.51521 6.49674 5.06118 6.78679 6.48459
6.19179 6.40703 5.27942 5.28819 5.13087 7.51521 6.49674 5.06118 6.78679 6.48459
6.19179 6.40703 5.27942 5.28819 5.13087 7.51521 6.49674 5.06118 6.78679 6.48459
6.19179 6.40703 5.27942 5.28819 5.13087 7.51521 6.49674 5.06118 6.78679 6.48459
6.19179 6.40703 5.27942 5.28819 5.13087 7.51521 6.49674 5.06118 6.78679 6.48459
6.19179 6.40703 5.27942 5.28819 5.13087 7.51521 6.49674 5.06118 6.78679 6.48459
6.19179 6.40703 5.27942 5.28819 5.13087 7.51521 6.49674 5.06118 6.78679 6.48459
6.19179 6.40703 5.27942 5.28819 5.13087 7.51521 6.49674 5.06118 6.78679 6.48459
6.19179 6.40703 5.27942 5.28819 5.13087 7.51521 6.49674 5.06118 6.78679 6.48459
6.19179 6.40703 5.27942 5.28819 5.13087 7.51521 6.49674 5.06118 6.78679 6.48459
6.19179 6.40703 5.27942 5.28819 5.13087 7.51521 6.49674 5.06118 6.78679 6.48459
6.19179 6.40703 5.27942 5.28819 5.13087 7.51521 6.49674 5.06118 6.78679 6.48459
6.19179 6.40703 5.27942 5.28819 5.13087 7.51521 6.49674 5.06118 6.78679 6.48459
