6.49601 6.65591 5.74337 5.62772 5.34896 7.75256 7.14118 5.40923 7.13498 6.67997
6.50349 6.66476 5.75144 5.6338 5.35668 7.75952 7.15075 5.41494 7.14718 6.68951
6.5238 6.67788 5.76566 5.64916 5.37105 7.7734 7.16229 5.43224 7.19237 6.70997
6.54972 6.69658 5.77933 5.67046 5.3929 7.78437 7.17567 5.45926 7.23254 6.74532
6.58356 6.74378 5.79385 5.70095 5.42796 7.80203 7.18981 5.48758 7.26835 6.79364
6.64152 6.82381 5.81433 5.7612 5.48087 7.82259 7.20734 5.53632 7.31091 6.85102
6.73372 6.9506 5.88886 5.80402 5.57139 7.86334 7.24089 5.59676 7.36595 6.96322
6.84684 7.10652 6.01726 5.91442 5.69503 7.95724 7.30375 5.6431 7.42012 7.12137
7.00019 7.43899 6.18588 6.04438 5.86925 8.03629 7.43866 5.69968 7.59742 7.27757
7.26122 7.71066 6.43197 6.20611 6.1248 8.19815 7.69872 5.80594 7.84634 7.51109
7.7542 7.96787 6.83397 6.55006 6.44829 8.29136 8.0413 5.99177 7.85004 8.02076
8.13339 8.21501 7.35183 7.0513 6.92345 8.38108 8.1292 6.98034 7.85375 8.40429
8.36104 8.3339 7.72446 7.57605 7.3207 8.50378 8.66157 7.47288 7.85746 8.57812
8.42833 8.36322 7.99315 8.28744 7.80649 8.68503 8.71757 7.98493 7.86112 8.60359
8.45261 8.37348 8.1498 8.35738 8.15009 8.69402 8.72469 7.98905 7.86456 8.61113
8.4613 8.37909 8.20804 8.40433 8.25895 8.69869 8.73185 7.99305 7.86836 8.61847
8.46739 8.38473 8.21443 8.40966 8.27835 8.70325 8.73905 7.99706 7.8722 8.62821
8.47257 8.39041 8.22064 8.41455 8.28474 8.70783 8.74625 8.00107 7.87594 8.63321
8.47778 8.39606 8.22681 8.4195 8.29064 8.71227 8.75322 8.00501 7.87961 8.64048
8.48292 8.40169 8.23296 8.42436 8.29651 8.71672 8.76015 8.00899 7.88333 8.65
8.48808 8.40735 8.23904 8.42917 8.30233 8.72118 8.76693 8.01282 7.887 8.65494
