4.47537 4.63093 4.96475 3.66742 4.61032 4.72567 4.79798 4.39329 4.90353 5.03631
4.48651 4.65557 4.97552 3.67811 4.62575 4.75396 4.79968 4.44249 4.96353 5.08404
4.51192 4.85256 5.00996 3.70936 4.65626 4.78181 4.81494 4.4676 5.0117 5.17417
4.5535 5.0223 5.07977 3.75781 4.69447 4.81108 4.84815 4.49946 5.13118 5.33724
4.64168 4.95792 5.17015 3.82606 4.76725 4.82834 4.90141 4.55085 5.22842 5.41529
4.79612 5.13414 5.34274 4.01673 4.98602 5.01184 4.95274 4.6117 5.42381 5.51603
4.96405 5.61226 5.72782 4.25207 5.24309 5.23742 5.04868 4.72848 5.55179 5.67626
5.14861 6.08432 6.27999 4.46753 5.60429 5.70089 5.48346 4.87845 6.44118 6.0223
5.37227 6.47316 6.50862 4.70406 5.99991 6.50287 8.19887 5.03218 6.84518 6.19971
5.7967 6.64792 6.62864 4.97165 6.74617 6.58297 8.17754 5.50296 7.87234 6.37428
6.0673 6.82036 6.8953 5.28404 7.69381 7.57501 8.15023 6.64696 7.83681 6.63993
6.38416 7.01096 7.04926 5.62845 7.96578 8.06193 8.13174 7.32376 7.80614 8.8744
7.01183 7.46405 7.23541 7.63271 7.96772 8.03729 8.13213 7.31695 7.78665 8.86836
7.40095 7.63346 7.45368 7.60296 7.96353 7.94129 8.13786 7.32084 7.77114 8.8487
7.40205 7.63112 7.42925 7.59807 7.96837 7.93878 8.14095 7.3146 7.77293 8.84682
7.40467 7.63547 7.43332 7.58848 7.97182 7.94076 8.1488 7.31955 7.7587 8.85268
7.40945 7.63989 7.42169 7.59267 7.97714 7.94502 8.15663 7.31718 7.76266 8.85851
7.41434 7.64412 7.42682 7.59683 7.98185 7.94939 8.16448 7.32304 7.76778 8.86435
7.41917 7.64832 7.43167 7.60102 7.98645 7.95376 8.17233 7.32876 7.77256 8.87021
7.42333 7.65254 7.43634 7.60514 7.99103 7.95814 8.18017 7.33431 7.77711 8.87605
7.42795 7.65675 7.44102 7.60905 7.9955 7.96253 8.18804 7.33981 7.78157 8.88192
