3.25924 3.61941 3.73141 3.6749 4.46313 4.72642 5.24344 5.46416 4.63615 6.24723
3.26299 3.62286 3.72062 3.67807 4.47196 4.72824 5.25223 5.46974 4.64574 6.2533
3.27611 3.62922 3.75576 3.6842 4.48168 4.77743 5.28038 5.46025 4.68969 6.26184
3.25947 3.64085 3.76843 3.69608 4.49496 4.85557 5.31914 5.46183 5.88124 6.27259
3.27803 3.65901 3.80667 3.72923 4.52076 4.80801 5.49942 5.44864 5.88443 6.30018
3.34605 3.6835 3.94113 3.79688 4.56436 4.8933 5.83289 5.43901 5.86025 6.36639
3.43734 3.72684 4.05563 3.90404 4.64375 4.98279 6.05783 5.43224 5.8632 6.44182
3.52512 3.82386 4.15478 4.08184 4.77976 5.22722 6.27012 5.408 5.83812 6.55294
3.92235 3.94574 4.33208 4.27244 5.00318 5.67658 6.26397 5.40743 5.82977 8.04745
4.34863 4.1199 5.01788 4.56101 5.47595 6.30156 6.2469 5.40164 5.80648 8.02946
5.31941 4.46054 5.57805 5.26713 6.37022 6.68094 6.23074 5.38497 5.79138 8.00294
5.6295 5.54534 6.99285 6.053 7.17257 6.64246 6.22454 5.37469 5.77025 7.98436
6.14184 7.19373 6.97182 6.02649 7.42435 6.62164 6.21981 5.36924 5.76157 7.96078
6.70188 7.15626 6.93628 6.00115 7.63627 6.61301 6.21842 5.36667 5.75286 7.95369
6.66902 7.13792 6.93003 5.98771 7.67435 6.61029 6.20687 5.35224 5.73813 7.957
6.67002 7.13495 6.93071 5.98229 7.67948 6.59868 6.20132 5.3411 5.74142 7.93744
6.67207 7.13739 6.91956 5.98796 7.68372 6.60047 6.19492 5.34142 5.74467 7.93858
6.67491 7.14195 6.92339 5.99143 7.68908 6.6048 6.19665 5.34354 5.74781 7.94308
6.67816 7.14645 6.92721 5.99494 7.694 6.60861 6.20141 5.3456 5.75071 7.94759
6.68141 7.15092 6.93106 5.99837 7.69889 6.61214 6.20618 5.34753 5.75347 7.95208
6.68461 7.15538 6.9349 6.00176 7.70376 6.6159 6.21094 5.3535 5.75611 7.95648
