5.21334 5.3856 4.10355 4.04019 4.74016 5.38146 4.65905 3.62457 4.10719 4.59744
5.21885 5.39907 4.10763 4.04317 4.76101 5.40301 4.67222 3.62669 4.11237 4.60996
5.23105 5.42581 4.1129 4.05019 4.78279 5.74255 4.67943 3.63838 4.1929 4.63523
5.27601 5.45743 4.11685 4.05257 4.79614 5.83288 4.69408 3.65445 4.26044 4.67898
5.35549 5.49723 4.1282 4.10027 4.84669 5.88389 4.70758 3.66991 4.33231 4.7051
5.43312 5.59918 4.14342 4.14776 4.92374 5.95678 4.74597 3.72285 4.60143 4.74616
5.52006 5.69335 4.20606 4.25034 5.0462 6.03111 4.80406 3.73208 4.74791 4.79524
5.61913 5.89053 4.27915 4.39098 5.19149 6.10681 4.84658 3.65339 4.92548 5.00365
5.73846 6.11269 4.38819 4.57424 5.35612 6.07972 4.90903 3.6807 5.18026 5.34406
5.97076 6.33398 4.55176 4.86516 5.61602 6.05756 5.1139 3.73192 6.48303 5.72233
6.3355 6.61724 4.8461 5.18442 5.99762 6.19765 5.26062 3.8037 6.48597 5.73827
7.50998 7.13531 5.27085 5.60865 6.40913 6.36522 6.53866 3.84907 6.48909 6.09701
7.79605 7.59729 6.27087 6.19636 6.77116 6.51456 6.63165 4.25661 6.49227 8.20728
7.83393 7.68282 6.95159 6.47682 7.19203 6.9349 7.59875 4.65624 6.49469 8.21404
7.8378 7.68978 7.29443 7.28318 7.77545 7.41347 7.6019 6.5871 6.49788 8.21836
7.84165 7.6941 7.3437 7.67856 8.14101 7.41689 7.61105 6.59043 6.50116 8.22482
7.84533 7.6984 7.34833 7.68256 8.14335 7.41826 7.61721 6.5936 6.50447 8.23074
7.84924 7.70271 7.35291 7.68655 8.14746 7.42337 7.62279 6.59659 6.50778 8.2361
7.85313 7.70703 7.35506 7.69057 8.15826 7.42732 7.62928 6.59959 6.50992 8.24179
7.85692 7.71123 7.36023 7.69468 8.16655 7.43085 7.6356 6.60239 6.51398 8.24744
7.86077 7.71549 7.36512 7.69869 8.17403 7.43439 7.64129 6.60505 6.51684 8.25277
