5.07513 5.21102 5.06572 5.09508 5.77904 7.61016 6.45244 5.95735 6.97151 7.76433
5.11648 5.22683 5.09135 5.23358 5.79507 7.73956 6.7138 5.9799 7.00867 7.81066
5.23259 5.30306 5.18115 5.52627 5.85215 7.94932 6.90284 6.04787 7.08701 7.89613
5.53966 5.48523 5.353 5.78064 6.06126 8.03129 7.12816 7.04816 7.16138 8.32792
5.78592 5.80331 5.65525 6.1507 6.37184 8.06415 7.24795 7.0394 7.16226 8.67299
6.26373 6.28688 6.29397 6.47355 6.83912 8.05085 7.30102 7.03607 7.15683 8.80357
6.77592 6.72332 6.61868 6.81665 7.42273 8.03635 7.36171 7.03304 7.14494 8.7953
7.12281 7.16022 6.8664 7.06087 7.91817 8.0243 7.35579 7.02661 7.14206 8.7952
7.43811 7.67999 7.18085 7.05301 8.04648 8.02086 7.34661 7.02446 7.12507 8.78838
7.48915 7.76059 7.62137 7.05222 8.1386 8.02089 7.34684 7.02449 7.11639 8.78253
7.498 7.77076 7.61538 7.04971 8.14026 8.02089 7.34633 7.02066 7.10632 8.77923
7.49643 7.76713 7.60866 7.04974 8.13846 8.02086 7.34192 7.02067 7.10376 8.77865
7.49629 7.76602 7.60878 7.04975 8.13849 8.02086 7.34194 7.02066 7.10484 8.77866
7.49481 7.76579 7.60874 7.04968 8.13838 8.02089 7.34189 7.0206 7.10484 8.7786
7.49345 7.76573 7.60867 7.0496 8.13967 8.02081 7.34181 7.02058 7.10367 8.7785
7.49341 7.76502 7.60867 7.04955 8.13813 8.02079 7.34179 7.02055 7.10473 8.77846
7.49376 7.76507 7.60858 7.04956 8.13809 8.02079 7.34179 7.02057 7.10473 8.77846
7.49518 7.76482 7.60858 7.04958 8.1396 8.02081 7.34181 7.02062 7.10481 8.77847
7.49533 7.76563 7.61011 7.04966 8.13832 8.0209 7.34188 7.02067 7.10485 8.77861
7.49535 7.76566 7.60863 7.04971 8.13844 8.02085 7.34189 7.02067 7.10484 8.77866
7.49535 7.76566 7.60864 7.04971 8.13844 8.02085 7.34189 7.02067 7.10488 8.77866
