4.94755 4.93397 4.77592 4.36407 4.96436 3.72126 4.75406 4.35449 3.27931 4.40403
4.95131 4.94049 4.78766 4.37148 4.97903 3.70508 4.79114 4.36966 3.2812 4.4015
4.95906 4.96357 4.81353 4.38879 4.97976 3.73081 4.81327 4.38226 3.28774 4.41316
4.98938 4.98861 4.8391 4.4107 4.99916 3.75389 4.86373 4.38927 3.30082 4.43285
5.01891 5.06862 4.85266 4.4666 5.04464 3.76045 4.93896 3.86851 3.32962 4.43058
5.15929 5.18105 4.94213 4.55053 5.19752 3.77026 5.07075 3.88311 3.37274 4.44684
5.28234 5.38138 4.91761 4.63604 5.31387 3.77249 5.21403 3.91326 4.22124 4.46206
5.44095 5.61304 5.12883 4.72769 5.46043 3.78471 5.35665 3.71134 4.26094 4.4958
5.58621 5.89017 5.37713 4.79282 5.66555 3.83188 5.53078 3.83462 4.38807 4.63695
5.81146 6.02554 5.59661 5.0039 5.83651 3.88299 5.70703 3.776 4.53477 6.70608
6.21724 6.13917 6.02848 5.17315 6.13093 5.80745 6.3776 5.57319 5.68932 6.90509
6.51412 6.23671 6.39967 5.2659 6.72412 5.80997 7.21824 5.57556 5.692 7.0326
6.69449 6.36088 6.84522 5.45366 7.61051 5.81233 7.22308 5.57789 5.68675 7.77497
6.97091 6.70166 7.1628 6.87849 7.8643 5.81466 7.2278 5.58022 5.68885 7.7788
7.16385 7.44567 7.22973 6.88245 7.93352 5.81699 7.23258 5.58245 5.69089 7.78255
7.16707 7.45 7.23236 6.88578 7.93933 5.81932 7.23571 5.58468 5.69293 7.7854
7.17029 7.45431 7.23577 6.81951 7.9437 5.82168 7.2333 5.58671 5.69499 7.78935
7.17349 7.45859 7.23824 6.82294 7.94668 5.82404 7.24221 5.58867 5.69703 7.79285
7.17673 7.46298 7.24195 6.89574 7.95252 5.82626 7.2464 5.59065 5.69907 7.79646
7.18 7.46734 7.24497 6.89885 7.95614 5.82851 7.25601 5.59251 5.70111 7.80012
7.18324 7.47177 7.24798 6.90195 7.96098 5.83064 7.26063 5.59427 5.70304 7.80367
