3.60629 3.63467 3.88119 3.53761 4.31037 3.67755 5.31659 4.81399 4.37983 4.92487
3.60768 3.64735 3.88574 3.52946 4.31482 3.67759 5.31688 4.82554 4.38934 4.93116
3.62345 3.67286 3.9048 3.57912 4.34245 3.67946 5.32029 4.84155 4.41717 4.94678
3.66585 3.709 3.95293 3.72889 4.43732 3.67933 5.34041 4.91703 4.45611 4.99327
3.76391 3.77388 4.06999 3.88489 4.62952 3.76971 5.77374 5.02609 4.51403 5.0352
3.91592 3.89103 4.39313 4.15735 4.88025 3.94513 6.27648 5.20338 4.64164 5.07391
4.29873 4.16097 4.70548 4.37662 5.23296 4.29914 6.49351 5.56391 4.82443 5.33378
4.61999 4.43457 4.92836 4.61447 5.52618 5.05148 6.65132 5.74705 5.015 5.56034
4.87937 4.95329 5.27179 4.94028 5.82996 5.8033 6.75637 5.98737 5.20347 5.7559
5.06742 5.18709 5.52569 5.26714 6.10217 6.76432 6.83592 6.71201 5.37084 6.02273
5.22853 5.55476 5.71069 5.61937 6.40983 7.39127 6.92405 6.71197 5.50128 6.23085
5.49695 6.32406 5.97817 5.97894 6.73606 7.44361 7.34218 6.71194 6.71842 6.71179
6.07773 6.76762 6.07342 6.36061 7.10907 7.44999 7.34182 6.71192 6.71941 7.52977
6.68758 6.79654 7.23446 6.6372 7.76538 7.45067 7.34178 6.71176 6.71997 7.74133
7.29509 6.79649 7.41094 6.63719 7.83293 7.45082 7.34177 6.71158 6.72023 8.15769
7.29504 6.79647 7.41085 6.63715 7.83286 7.45085 7.34175 6.71181 6.72028 8.15627
7.29504 6.79644 7.41088 6.63713 7.83284 7.45079 7.34173 6.71185 6.7202 8.15604
7.29503 6.79644 7.41088 6.63713 7.83284 7.45086 7.34171 6.71185 6.72008 8.15598
7.29504 6.79643 7.4109 6.63714 7.83287 7.45088 7.34172 6.71187 6.71941 8.15591
7.29505 6.79645 7.41086 6.63717 7.83286 7.45081 7.34173 6.71188 6.71939 8.15601
7.29507 6.79646 7.41085 6.63718 7.83286 7.45086 7.34174 6.71188 6.7194 8.15603
