6.00404 5.81828 5.05745 4.81484 5.59081 5.23717 5.83912 5.85851 5.37282 6.40666
6.01671 5.85023 5.06776 4.83102 5.59552 5.24151 5.84606 5.87989 5.37661 6.41147
6.05802 5.90843 5.09935 4.88742 5.62896 5.22984 5.8597 5.93592 5.40148 6.43331
6.16854 6.03041 5.17308 4.97623 5.73142 5.34435 5.90797 6.03243 5.44822 6.47572
6.33319 6.21927 5.3205 5.07332 5.92635 5.52267 5.98847 6.17955 5.53978 6.63281
6.52819 6.46414 5.49278 5.24404 6.17941 5.79781 6.20644 6.38738 5.71631 6.83363
6.76286 6.72811 5.76292 5.5647 6.51335 5.98723 6.58136 6.62994 6.02165 7.12092
7.0435 6.98024 6.04151 6.03864 6.92053 6.21652 6.86746 6.96656 6.38686 7.44909
7.37762 7.32737 6.3385 6.52025 7.21496 6.53108 7.06854 7.32166 6.80853 7.77929
7.58364 7.61879 6.53419 6.86461 7.41303 7.03317 7.18919 7.59972 7.14119 7.93069
7.69512 7.86561 6.72046 7.15861 7.56545 7.63803 7.28028 7.8533 7.48951 8.03134
7.79035 8.04472 6.94156 7.5499 7.73902 8.24409 7.47889 8.18189 8.16865 8.09778
7.90204 8.16099 7.14854 7.95319 7.98164 8.43935 7.47938 8.49969 8.51376 8.42262
7.99493 8.19554 7.3098 8.44861 8.07797 8.4395 7.47934 8.72838 8.51292 8.59444
8.00846 8.19622 7.46299 8.5945 8.08781 8.4397 7.47931 8.79277 8.51382 8.59442
8.00843 8.1962 7.58478 8.5947 8.08784 8.43906 7.47928 8.79273 8.51381 8.59439
8.00842 8.19618 7.59667 8.59469 8.08782 8.43926 7.47928 8.79271 8.5138 8.59391
8.00839 8.19617 7.59665 8.5947 8.08778 8.43956 7.47927 8.7927 8.51379 8.59427
8.00838 8.19616 7.59666 8.59467 8.08778 8.43914 7.47926 8.79269 8.5138 8.59431
8.00808 8.19614 7.59665 8.59467 8.08777 8.43919 7.47926 8.79268 8.51334 8.5943
8.00808 8.19613 7.59665 8.59466 8.08778 8.43919 7.47927 8.79269 8.51334 8.5943
