5.68149 5.62333 5.69666 4.84172 5.28694 4.45085 5.21306 5.81917 3.88403 7.542
5.68568 5.63974 5.71488 4.85173 5.2973 4.45604 5.24139 5.8218 3.9016 7.54784
5.69035 5.67218 5.73993 4.87152 5.30426 4.4637 5.2987 5.82432 3.93489 7.55458
5.69714 5.73635 5.78382 4.91866 5.33202 4.47532 5.35045 5.82689 4.09686 7.56717
5.74879 5.83138 5.79393 4.91332 5.36777 4.50303 5.38989 5.82941 4.26293 7.59049
5.8563 5.93724 5.91619 5.09198 5.42559 4.57642 5.44787 5.83198 4.3168 7.62169
6.07401 6.02324 6.1425 5.26351 5.53547 4.68525 5.74461 5.83434 5.28497 7.72307
6.33541 6.26676 6.46636 5.45981 5.67208 4.8418 6.04935 5.83674 5.90921 7.86289
6.81509 6.47023 6.70815 5.55478 5.89238 5.38995 6.68786 5.83915 5.91529 7.93102
7.1535 6.67451 6.82606 5.53967 6.26577 6.55014 6.77732 5.84087 5.91707 8.08248
7.28871 6.80454 7.05774 6.10057 6.77298 6.55323 6.90633 5.84266 5.91896 8.08734
7.43476 7.02288 7.13763 6.4232 7.5433 6.55637 6.95534 5.8446 5.91864 8.09158
7.45186 7.25797 7.22925 6.91276 7.99239 6.55949 7.12594 5.84667 5.91948 8.09584
7.45597 7.72369 7.28868 6.9158 8.16336 6.56256 7.13227 5.84864 5.91625 8.09885
7.45938 7.76204 7.29361 6.91889 8.21212 6.56521 7.13507 5.8505 5.9192 8.10336
7.46277 7.76669 7.29758 6.92198 8.21807 6.56773 7.13927 5.84984 5.91791 8.10717
7.46616 7.7712 7.30153 6.92505 8.22266 6.56906 7.14374 5.85315 5.92026 8.11149
7.46945 7.77567 7.30548 6.92812 8.20042 6.57178 7.14984 5.85611 5.92347 8.11653
7.47267 7.78017 7.30942 6.93108 8.23194 6.57414 7.15602 5.85797 5.92582 8.12149
7.47585 7.78465 7.31334 6.93403 8.23674 6.57651 7.16089 5.85983 5.92735 8.12567
7.47895 7.78914 7.31726 6.93695 8.24153 6.57876 7.16462 5.86161 5.9287 8.12969
