3.38704 4.18049 4.48237 4.06789 4.57498 4.21126 5.48931 5.18253 4.3168 4.79545
3.39192 4.18992 4.48689 4.09241 4.5831 4.21667 5.49512 5.19076 4.32155 4.80337
3.39901 4.19148 4.49595 4.17216 4.58839 4.22316 5.51563 5.2122 4.32714 4.81734
3.40865 4.2277 4.52021 4.25458 4.56764 4.2333 5.5334 5.24323 4.3398 4.82784
3.43073 4.28075 4.56386 4.33088 4.59366 4.25962 5.56646 5.28022 4.36898 4.88665
3.45991 4.3422 4.62855 4.4894 4.67908 4.35901 5.61505 5.34115 4.38723 4.93138
3.51801 4.40735 4.71435 4.67039 4.8177 4.48847 5.64622 5.43626 4.43848 5.00425
3.61003 4.53228 4.81629 4.94483 5.02247 4.62364 5.71843 5.55281 4.53545 5.18842
3.78896 4.71111 4.89784 5.2334 5.28804 4.77261 6.0107 5.71036 4.66458 5.37465
4.10046 4.98569 5.13059 5.49179 5.5937 5.04153 6.64553 5.81242 4.85699 5.60567
4.47746 5.21864 5.48033 5.7044 5.97861 5.50866 7.49152 5.84231 5.13344 5.89298
4.94495 5.58639 6.38556 5.99758 6.47733 6.12578 7.83073 6.08979 5.53916 6.38988
5.67657 6.04935 6.97431 6.39642 7.10261 6.42988 8.25407 6.53798 5.84636 7.11953
6.24208 6.67678 7.40619 7.03196 7.65255 7.46984 8.26014 7.85999 6.12539 7.51152
6.59356 7.14889 7.87654 7.45697 7.86323 7.47506 8.26625 7.87067 6.48721 8.22379
7.18224 7.62768 8.00029 7.46148 7.86993 7.47961 8.27237 7.87654 7.43868 8.23043
7.37504 7.71355 8.00832 7.46597 7.87528 7.48497 8.27851 7.87882 7.44427 8.23704
7.37942 7.71852 8.01279 7.47049 7.88055 7.49032 8.28469 7.88499 7.44976 8.2435
7.38406 7.7235 8.01727 7.47499 7.88582 7.49559 8.2907 7.89096 7.45527 8.24999
7.38829 7.72849 8.02171 7.47942 7.89107 7.50057 8.29651 7.89685 7.46062 8.25641
7.39263 7.73343 8.0262 7.48386 7.89632 7.50553 8.30207 7.90274 7.46592 8.26263
