5.03813 4.89742 4.8792 3.51584 4.61358 4.49639 5.81916 4.60605 4.34984 5.44647
5.04876 4.91078 4.8888 3.61536 4.62114 4.49957 5.82601 4.62387 4.36451 5.45291
5.0901 4.96103 4.92272 3.64577 4.64292 4.44266 5.84762 4.66213 4.40905 5.44896
5.20461 5.0924 5.00619 3.74028 4.703 4.58402 5.91683 4.70243 4.50314 5.55867
5.35122 5.21368 5.18193 3.86893 4.7999 4.62876 6.06897 4.81898 4.56293 5.86539
5.54667 5.4315 5.53183 4.11821 5.01096 4.80382 6.31103 4.99784 4.72134 6.14511
5.88944 5.70403 5.93227 4.36369 5.30452 4.97161 6.70433 5.32058 5.07572 6.45871
6.23307 6.05565 6.36023 4.66477 5.88553 5.15119 7.1552 5.63369 5.41963 6.92123
6.51545 6.70235 6.62374 4.94368 6.31632 5.59616 7.57326 5.81668 5.69701 7.41636
6.64866 6.96445 6.77618 5.27861 6.76044 5.80837 7.72262 5.99704 6.03499 7.73145
6.8113 7.17638 6.92057 5.48561 7.30489 6.02208 7.75675 6.2504 6.96819 7.81233
7.0616 7.33424 7.07681 5.85051 7.56422 8.25317 8.04243 6.51278 7.86643 7.98342
7.59531 7.62528 7.18516 6.2809 7.7004 8.25254 8.04243 6.93822 7.86642 8.86083
7.59563 7.65957 7.3911 7.68723 7.70521 8.25253 8.04239 7.28 7.86641 8.86021
7.5956 7.65955 7.50009 7.68822 7.70524 8.25207 8.04063 7.76196 7.86641 8.86019
7.59555 7.65953 7.50004 7.68816 7.7052 8.25233 8.04057 7.7602 7.86635 8.86012
7.59554 7.65953 7.50001 7.68815 7.70565 8.25248 8.04057 7.76018 7.86633 8.86012
7.59551 7.65949 7.49998 7.68815 7.70564 8.25246 8.04056 7.76016 7.86632 8.86011
7.59556 7.65951 7.49984 7.68817 7.70565 8.25245 8.04054 7.43045 7.86636 8.86011
7.59555 7.65951 7.49986 7.68817 7.70571 8.25245 8.04055 7.76017 7.86638 8.86014
7.59556 7.65953 7.49988 7.68818 7.70573 8.25246 8.04057 7.76018 7.86639 8.86015
