2.62086 3.0049 3.07427 3.81301 3.83517 4.49634 4.90588 4.89086 5.21964 5.68768
2.62086 3.0049 3.07427 3.81301 3.83517 4.49634 4.90588 4.89086 5.21964 5.68768
2.62086 3.0049 3.07427 3.81301 3.83517 4.49634 4.90588 4.89086 5.21964 5.68768
2.62086 3.0049 3.07427 3.81301 3.83517 4.49634 4.90588 4.89086 5.21964 5.68768
2.62086 3.0049 3.07427 3.81301 3.83517 4.49634 4.90588 4.89086 5.21964 5.68768
2.62086 3.0049 3.07427 3.81301 3.83517 4.49634 4.90588 4.89086 5.21964 5.68768
2.62086 3.0049 3.07427 3.81301 3.83517 4.49634 4.90588 4.89086 5.21964 5.68768
2.62086 3.0049 3.07427 3.81301 3.83517 4.49634 4.90588 4.89086 5.21964 5.68768
2.62086 3.0049 3.07427 3.81301 3.83517 4.49634 4.90588 4.89086 5.21964 5.68768
2.62086 3.0049 3.07427 3.81301 3.83517 4.49634 4.90588 4.89086 5.21964 5.68768
2.62086 3.0049 3.07427 3.81301 3.83517 4.49634 4.90588 4.89086 5.21964 5.68768
2.62086 3.0049 3.07427 3.81301 3.83517 4.49634 4.90588 4.89086 5.21964 5.68768
2.62086 3.0049 3.07427 3.81301 3.83517 4.49634 4.90588 4.89086 5.21964 5.68768
2.62086 3.0049 3.07427 3.81301 3.83517 4.49634 4.90588 4.89086 5.21964 5.68768
2.62086 3.0049 3.07427 3.81301 3.83517 4.49634 4.90588 4.89086 5.21964 5.68768
2.62086 3.0049 3.07427 3.81301 3.83517 4.49634 4.90588 4.89086 5.21964 5.68768
2.62086 3.0049 3.07427 3.81301 3.83517 4.49634 4.90588 4.89086 5.21964 5.68768
2.62086 3.0049 3.07427 3.81301 3.83517 4.49634 4.90588 4.89086 5.21964 5.68768
2.62086 3.0049 3.07427 3.81301 3.83517 4.49634 4.90588 4.89086 5.21964 5.68768
2.62086 3.0049 3.07427 3.81301 3.83517 4.49634 4.90588 4.89086 5.21964 5.68768
2.62086 3.0049 3.07427 3.81301 3.83517 4.49634 4.90588 4.89086 5.21964 5.68768
