3.6126 3.4602 3.82257 3.37178 4.22029 3.68201 5.32447 4.82439 4.39916 4.94818
3.61626 3.47185 3.82894 3.41197 4.224 3.68203 5.32542 4.84013 4.41356 4.96858
3.6406 3.49481 3.85455 3.47282 4.25156 3.68307 5.32988 4.8689 4.4429 4.99461
3.6761 3.51983 3.92265 3.63852 4.33171 3.7051 5.37497 4.91352 4.46054 5.03745
3.7852 3.60259 4.08134 3.82935 4.4719 3.84834 5.73833 5.02721 4.50603 5.05726
3.92229 3.80975 4.21315 4.09519 4.7075 4.17514 6.31408 5.41861 4.66417 5.09505
4.2651 4.07645 4.60471 4.3602 5.13525 4.40863 6.57327 5.72943 4.80551 5.2848
4.50392 4.38083 4.90303 4.59584 5.44923 4.84825 6.77384 6.00075 5.00926 5.4821
4.7332 4.65679 5.18267 5.01686 5.71852 6.55225 6.91844 6.80786 5.13307 5.71872
4.97949 5.06295 5.44766 5.3075 5.93847 7.13536 7.02502 6.80744 5.23771 5.92451
5.13921 5.25421 5.42687 5.58927 6.2425 7.42717 7.08458 6.80744 5.33361 6.19286
5.44771 5.62859 5.6927 5.76178 6.6125 7.42703 7.51755 6.80741 6.88124 6.6796
5.82329 6.55611 6.23296 6.54323 6.91946 7.42709 7.55652 6.80739 6.87668 7.64446
6.21521 6.73226 7.22387 6.78747 7.26127 7.42709 7.55642 6.80738 6.87669 8.01419
7.324 6.73188 7.48754 6.78745 7.86603 7.42708 7.55641 6.80737 6.87802 8.26535
7.32398 6.73186 7.48749 6.78743 7.86706 7.42612 7.5564 6.80734 6.87323 8.26534
7.32396 6.73182 7.48747 6.78742 7.86754 7.42609 7.5564 6.80734 6.87318 8.2653
7.32394 6.7318 7.48678 6.78741 7.86698 7.42607 7.5564 6.80735 6.87316 8.26528
7.32396 6.73182 7.48749 6.7874 7.86703 7.42639 7.55638 6.70641 6.87315 8.26528
7.32397 6.73186 7.48749 6.78742 7.86704 7.42641 7.5564 6.80737 6.87316 8.2653
7.32399 6.73187 7.48749 6.78742 7.86704 7.42642 7.5564 6.80737 6.87314 8.2653
