4.15975 4.78507 5.25279 4.68339 5.18013 4.96935 6.58943 6.01767 5.77148 6.02108
4.15975 4.78507 5.25279 4.68339 5.18013 4.96935 6.58943 6.01767 5.77148 6.02108
4.15975 4.78507 5.25279 4.68339 5.18013 4.96935 6.58943 6.01767 5.77148 6.02108
4.15975 4.78507 5.25279 4.68339 5.18013 5.07578 6.58943 6.01767 5.77148 6.02108
4.15975 4.78507 5.25279 4.68339 5.18013 4.96935 6.58943 6.01767 5.77148 6.02108
4.15975 4.78507 5.25279 4.68339 5.18013 4.96935 6.58943 6.01767 5.77148 6.02108
4.15975 4.78507 5.25279 4.68339 5.18013 4.96935 6.58943 6.01767 5.77148 6.02108
4.15975 4.78507 5.25279 4.68339 5.18013 4.96935 6.58943 6.01767 5.77148 6.02108
4.15975 4.78507 5.25279 4.68339 5.18013 4.96935 6.58943 6.01767 5.77148 6.02108
4.15975 4.78507 5.25279 4.68339 5.18013 4.96935 6.58943 6.01767 5.77148 6.02108
4.15975 4.78507 5.25279 4.68339 5.18013 4.96935 6.58943 6.01767 5.77148 6.02108
4.15975 4.78507 5.25279 4.68339 5.18013 4.96935 6.58943 6.01767 5.77148 6.02108
4.15975 4.78507 5.25279 4.68339 5.18013 4.96935 6.58943 6.01767 5.77148 6.02108
4.15975 4.78507 5.25279 4.68339 5.18013 4.96935 6.58943 6.01767 5.77148 6.02108
4.15975 4.78507 5.25279 4.68339 5.18013 4.96935 6.58943 6.01767 5.77148 6.02108
4.15975 4.78507 5.25279 4.68339 5.18013 4.96935 6.58943 6.01767 5.77148 6.02108
4.15975 4.78507 5.25279 4.68339 5.18013 4.96935 6.58943 6.01767 5.77148 6.02108
4.15975 4.78507 5.25279 4.68339 5.18013 4.96935 6.58943 6.01767 5.77148 6.02108
4.15975 4.78507 5.25279 4.68339 5.18013 4.96935 6.58943 6.01767 5.77148 6.02108
4.15975 4.78507 5.25279 4.68339 5.18013 4.96935 6.58943 6.01767 5.77148 6.02108
4.15975 4.78507 5.25279 4.68339 5.18013 4.96935 6.58943 6.01767 5.77148 6.02108
