3.64951 4.36295 4.13595 3.37348 4.33986 5.06801 5.72039 4.11234 4.54879 4.3282
3.65277 4.39228 4.14735 3.38886 4.34546 5.08309 5.72646 4.1146 4.55149 4.33546
3.67218 4.45779 4.17976 3.48834 4.35948 5.12914 5.74479 4.12694 4.56057 4.39581
3.67273 4.5485 4.26494 3.60603 4.40565 5.18284 5.80218 4.14843 4.57879 4.46932
3.76216 4.70796 4.35516 3.75948 4.51123 5.33746 5.8509 4.19587 4.63004 4.57781
3.95242 4.99401 4.54494 4.17807 4.71996 5.64207 5.93521 4.36345 4.7587 4.899
4.27042 5.37083 4.93203 4.29017 5.11622 6.00077 6.15217 4.59932 4.94311 5.11783
4.57567 5.85498 5.38059 4.64651 5.55324 6.56254 6.39384 4.78787 5.10769 5.29892
4.97053 6.21609 5.86926 4.95406 5.98014 7.15934 6.55901 5.02765 5.40469 5.57873
5.23069 6.52743 6.30245 5.1995 6.40394 7.31083 6.7978 5.17275 5.58263 5.93592
5.48777 6.91614 6.77832 5.61307 6.73029 7.4254 7.04981 5.25153 5.7621 6.25435
5.9453 7.12882 7.12461 6.36762 7.04818 7.92092 7.6523 5.45762 7.3933 7.98901
6.5298 7.35106 7.49289 6.4584 7.63384 7.9209 7.65233 5.69421 7.39321 7.98798
7.39969 7.54599 7.51381 6.54067 7.94576 7.9209 7.65229 7.19611 7.39318 7.98796
7.41895 7.5612 7.51385 7.17823 7.978 7.92087 7.65227 7.1971 7.39318 7.98794
7.41809 7.56118 7.51381 7.17818 7.97792 7.92085 7.65225 7.19728 7.39317 7.98791
7.41806 7.56118 7.51377 7.17817 7.97787 7.92085 7.65222 7.19922 7.39316 7.98789
7.41805 7.56117 7.51376 7.17816 7.97786 7.92082 7.65222 7.19821 7.39314 7.98784
7.41935 7.56118 7.51379 7.17818 7.97788 7.92083 7.65222 7.19823 7.39316 7.98787
7.41757 7.56119 7.51383 7.1782 7.97791 7.92084 7.65224 7.19819 7.39317 7.98788
7.41758 7.56118 7.51383 7.17819 7.97792 7.92086 7.65225 7.1982 7.39317 7.98789
