4.60307 5.0323 5.11672 4.10239 4.85896 6.01108 6.95387 5.11686 5.63113 4.8969
4.60307 5.0323 5.11672 4.10239 4.85896 5.99684 6.95387 5.11686 5.63113 4.8969
4.60307 5.0323 5.11672 4.10239 4.85896 5.99684 6.95387 5.11686 5.63113 4.8969
4.60307 5.0323 5.11672 4.10239 4.85896 5.99684 6.95387 5.11686 5.63113 4.8969
4.60307 5.0323 5.11672 4.10239 4.85896 5.99684 6.95387 5.11686 5.63113 4.8969
4.60307 5.0323 5.11672 4.10239 4.85896 5.99684 6.95387 5.11686 5.63113 4.8969
4.60307 5.0323 5.11672 4.10239 4.85896 5.99684 6.95387 5.11686 5.63113 4.8969
4.60307 5.0323 5.11672 4.10239 4.85896 5.99684 6.95387 5.11686 5.63113 4.8969
4.60307 5.0323 5.11672 4.10239 4.85896 5.99684 6.95387 5.11686 5.63113 4.8969
4.60307 5.0323 5.11672 4.10239 4.85896 5.99684 6.95387 5.11686 5.63113 4.8969
4.60307 5.0323 5.11672 4.10239 4.85896 5.99684 6.95387 5.11686 5.63113 4.8969
4.60307 5.0323 5.11672 4.10239 4.85896 5.99684 6.95387 5.11686 5.63113 4.8969
4.60307 5.0323 5.11672 4.10239 4.85896 5.99684 6.95387 5.11686 5.63113 4.8969
4.60307 5.0323 5.11672 4.10239 4.85896 5.99684 6.95387 5.11686 5.63113 4.8969
4.60307 5.0323 5.11672 4.10239 4.85896 5.99684 6.95387 5.11686 5.63113 4.8969
4.60307 5.0323 5.11672 4.10239 4.85896 5.99684 6.95387 5.11686 5.63113 4.8969
4.60307 5.0323 5.11672 4.10239 4.85896 5.99684 6.95387 5.11686 5.63113 4.8969
4.60307 5.0323 5.11672 4.10239 4.85896 5.99684 6.95387 5.11686 5.63113 4.8969
4.60307 5.0323 5.11672 4.10239 4.85896 5.99684 6.95387 5.11686 5.63113 4.8969
4.60307 5.0323 5.11672 4.10239 4.85896 5.99684 6.95387 5.11686 5.63113 4.8969
4.60307 5.0323 5.11672 4.10239 4.85896 5.99684 6.95387 5.11686 5.63113 4.8969
