4.58816 4.48724 4.38902 3.85964 4.16494 3.53268 4.62837 4.57861 2.8816 4.37439
4.61903 4.52676 4.42549 3.96488 4.15517 3.54439 4.70495 4.69557 2.97772 4.42815
4.69007 4.67139 4.63032 4.08502 4.26191 3.532 4.85159 5.35726 3.41339 4.52748
4.86035 5.08203 5.11189 4.33653 4.34829 3.56053 5.38294 5.33347 4.3248 6.71196
5.22201 5.6282 5.80089 4.54804 4.65075 3.67412 6.47999 5.27617 5.36687 7.57694
5.71992 5.99929 5.87113 5.29623 5.0273 5.63842 6.42579 5.23271 5.26735 7.52551
6.62474 6.30366 6.26296 6.30072 5.67586 5.59318 6.40582 5.2253 5.24969 7.47937
6.65446 6.49415 6.63103 6.27326 7.32191 5.5838 6.35561 5.17959 5.22589 7.45184
6.64496 7.19094 6.57571 6.22409 7.63652 5.57872 6.35483 5.16463 5.20495 7.44792
6.62814 7.18541 6.56712 6.21853 7.60301 5.57872 6.35483 5.16318 5.2033 7.44551
6.62447 7.18011 6.54253 6.207 7.60197 5.57871 6.35385 5.1645 5.19631 7.44489
6.62049 7.17636 6.52571 6.20513 7.60078 5.57869 6.35257 5.15704 5.19538 7.44488
6.61498 7.17265 6.5257 6.2051 7.60065 5.5787 6.35258 5.14597 5.19537 7.44488
6.61656 7.17259 6.52566 6.20509 7.60062 5.57868 6.3524 5.1446 5.19536 7.44549
6.61582 7.17257 6.52565 6.20507 7.60057 5.57866 6.35335 5.14612 5.19535 7.44499
6.61574 7.17256 6.52565 6.20507 7.60057 5.57867 6.35338 5.14602 5.19628 7.44482
6.61469 7.17257 6.52566 6.20508 7.60058 5.57867 6.35338 5.1446 5.19628 7.44504
6.6158 7.17261 6.52571 6.20512 7.60064 5.5787 6.35341 5.14612 5.19629 7.4455
6.61475 7.17265 6.52571 6.20512 7.60068 5.5787 6.35344 5.146 5.19631 7.44552
6.61581 7.17265 6.52571 6.20512 7.60068 5.57871 6.35344 5.14462 5.19631 7.44489
6.61581 7.17265 6.52571 6.20512 7.60068 5.57871 6.3523 5.14462 5.19538 7.44489
