4.8337 4.7168 4.42796 4.16078 4.81402 4.48959 4.40324 3.48938 3.21471 4.61685
4.84075 4.72389 4.43474 4.15444 4.82086 4.50035 4.42014 3.49243 3.22949 4.63488
4.86584 4.75043 4.4548 4.15216 4.8304 4.51477 4.46081 3.50419 3.24716 4.65688
4.88879 4.80253 4.49204 4.18457 4.84739 4.5242 4.53595 3.52479 3.26163 4.69312
4.93271 4.8708 4.54645 4.24571 4.87228 5.26015 4.55897 3.53877 3.33563 4.76859
4.99589 4.95292 4.62156 4.29557 4.93208 5.24678 4.68367 3.55917 3.70476 4.84704
5.12508 5.06924 4.72102 4.3984 5.03108 5.23903 4.81985 4.99811 4.0825 5.40306
5.27092 5.19554 4.83855 4.57975 5.15722 5.24191 5.04026 4.98906 4.23435 5.76577
5.44701 5.30543 5.18908 4.78559 5.29326 5.24044 5.23442 4.97353 4.96738 6.16154
5.68016 5.54008 5.65588 4.99573 5.51651 5.21862 5.47976 4.95994 4.96194 6.83517
6.03711 5.73557 5.87397 4.78298 5.91577 5.19674 6.46467 4.95313 4.94802 7.25944
6.12363 5.85518 6.06699 4.9582 6.34656 5.18943 6.42727 4.94767 4.93037 7.24909
6.23424 6.04297 6.43055 5.38589 7.11949 5.18532 6.4222 4.93937 4.92862 7.24198
6.38893 6.35865 6.45087 6.14373 7.37713 5.18604 6.39132 4.92526 4.93173 7.22997
6.38507 6.98168 6.44986 6.13117 7.45844 5.18119 6.39457 4.91595 4.93429 7.22978
6.37734 6.97503 6.45324 6.1345 7.45635 5.17924 6.37981 4.90532 4.93592 7.2273
6.37822 6.97437 6.45662 6.13461 7.46096 5.18227 6.38627 4.90724 4.93638 7.23064
6.38125 6.97912 6.46001 6.13729 7.46533 5.18515 6.39081 4.90946 4.92112 7.23395
6.38423 6.98326 6.46336 6.14092 7.46964 5.18795 6.39533 4.91166 4.9236 7.23722
6.38715 6.98843 6.46668 6.1441 7.47394 5.19077 6.39973 4.91378 4.92601 7.24047
6.39006 6.99305 6.47 6.14625 7.4782 5.19348 6.40409 4.91586 4.92815 7.24368
