4.44356 4.88315 4.93187 5.33077 5.20093 4.86143 6.42627 5.89062 5.935 5.53192
4.4505 4.89726 4.94946 5.34981 5.20992 4.90017 6.44331 5.90532 5.9476 5.58625
4.46196 4.9349 4.97179 5.40099 5.2273 4.92275 6.48231 5.93019 5.96459 5.64656
4.52014 5.04746 5.0568 5.48621 5.24888 4.96853 6.61596 5.9616 5.99806 5.72077
4.62363 5.14088 5.12513 5.60463 5.32158 5.1323 6.81302 6.03014 6.08394 5.80613
4.71985 5.31678 5.24853 5.83231 5.41917 5.28901 7.02934 6.26871 6.20775 5.9073
4.84535 5.51264 5.41784 6.11322 5.54782 5.47351 7.32987 6.42258 6.43006 6.01524
5.10345 5.77324 5.76374 6.41417 5.794 5.82393 7.95923 6.55261 6.71822 6.14466
5.42845 6.11542 6.11237 6.74338 6.29701 6.04159 8.4613 7.02046 6.89134 6.42797
5.86743 6.59314 6.71034 7.16538 6.74053 6.47392 8.88107 7.3156 7.41417 6.95271
6.38724 7.25941 7.41374 7.5166 7.3613 7.13749 8.79169 7.91557 7.82094 7.69284
6.96884 7.7235 8.2234 8.13064 7.81036 7.9621 8.89645 8.70423 8.23302 8.65677
7.54357 8.67512 8.66329 8.76755 8.33069 8.42203 8.89457 8.70675 8.78579 8.65626
7.93064 8.65539 8.83369 8.79765 8.34248 8.43239 8.90014 8.71078 8.76418 8.6547
8.38105 8.65927 8.83577 8.79841 8.34868 8.44068 8.90898 8.71984 8.77172 8.66231
8.38677 8.66524 8.84188 8.80445 8.35489 8.39952 8.91785 8.7289 8.7799 8.67159
8.39303 8.67145 8.84805 8.81037 8.36111 8.46007 8.92666 8.73795 8.78808 8.68091
8.39934 8.67764 8.85421 8.81631 8.36725 8.46966 8.93552 8.74702 8.7963 8.69024
8.4057 8.68383 8.8604 8.82222 8.37337 8.47928 8.94436 8.75606 8.80447 8.69956
8.41205 8.68991 8.86647 8.82814 8.37951 8.48884 8.95322 8.76512 8.81271 8.70866
8.41839 8.69596 8.87255 8.83402 8.38563 8.49847 8.96207 8.774 8.82092 8.71769
