3.89676 4.18805 4.40354 3.91357 4.45268 4.05993 5.75107 5.34081 5.57879 5.91062
3.90285 4.19526 4.40904 3.92935 4.45772 4.06429 5.7945 5.35022 5.59201 5.91899
3.91692 4.21746 4.43258 3.99906 4.46747 4.07745 5.90311 5.37276 5.68201 5.9402
3.93335 4.25544 4.42465 4.06716 4.49939 4.09123 6.00002 5.41779 5.84676 5.95992
3.98602 4.32293 4.46492 4.18249 4.5496 4.12634 6.11678 5.44748 5.95716 5.9779
4.08042 4.47872 4.54952 4.31045 4.64479 4.15887 6.34796 5.53748 6.04847 6.00149
4.21803 4.70585 4.67932 4.53268 4.81229 4.24536 6.63533 5.85115 6.15515 6.05244
4.42539 4.99671 4.99973 4.80275 4.98042 4.41569 6.94968 6.12641 6.30162 6.16565
4.74578 5.28791 5.27766 5.0202 5.08768 5.23756 7.57227 6.79058 6.54427 6.29542
5.11514 5.61386 5.70824 5.35291 5.45298 8.10912 8.26866 7.21569 6.96847 6.39954
5.44978 5.93305 5.64527 5.92704 6.26225 8.06269 8.26165 7.75295 7.90596 6.54329
5.84034 6.35127 6.08042 6.9617 7.05927 8.02492 8.24893 7.73718 7.87757 7.65334
7.48434 7.46849 6.72448 7.46493 7.7492 8.02333 8.25554 7.65927 7.86581 9.03275
7.86689 7.44877 8.05286 7.39052 8.19371 8.01812 8.26303 7.63941 7.86152 8.98829
7.86107 7.44514 8.02166 7.39352 8.19878 8.01013 8.2712 7.64006 7.86355 8.98875
7.86267 7.44564 8.02174 7.3926 8.20413 8.00866 8.2794 7.6411 7.86073 8.99553
7.86673 7.44975 8.02614 7.39513 8.20859 8.01348 8.28756 7.62957 7.86553 9.00062
7.8715 7.45451 8.03018 7.39946 8.21275 8.01975 8.29564 7.63642 7.87121 9.00568
7.87624 7.4593 8.035 7.40373 8.21813 8.02611 8.30369 7.64322 7.87682 9.01228
7.88099 7.46411 8.03985 7.40803 8.22349 8.03236 8.31154 7.65008 7.8823 9.01891
7.88571 7.46888 8.04457 7.41563 8.22883 8.03843 8.31927 7.65692 7.88774 9.02555
