3.5619 4.42641 4.40692 4.10626 4.73816 4.29153 5.64509 5.43931 5.11193 5.07334
3.56518 4.4372 4.418 4.11676 4.74519 4.30582 5.64865 5.44794 5.11758 5.08027
3.57182 4.45003 4.44344 4.13089 4.75571 4.25821 5.6535 5.46065 5.13258 5.0909
3.58116 4.46402 4.48749 4.15812 4.76981 4.23133 5.66774 5.48342 5.1482 5.11223
3.6031 4.49133 4.53125 4.19895 4.78792 4.24653 5.68787 5.50826 5.18801 5.13467
3.63782 4.52168 4.59021 4.28196 4.82994 4.26287 5.71256 5.53816 5.27476 5.1814
3.69065 4.58738 4.65564 4.37523 4.94131 4.29275 5.75799 5.60686 5.34911 5.28184
3.75326 4.68609 4.74161 4.47531 5.09245 4.42049 5.81849 5.7714 5.45632 5.36878
3.88541 4.90436 4.87843 4.65909 5.31632 4.69235 5.93496 5.92165 5.56919 5.50149
4.0716 5.09586 5.02895 4.96464 5.57816 4.87077 6.40339 6.11575 5.84232 5.73206
4.54307 5.3017 5.53994 5.44575 6.14609 5.04202 7.5439 6.242 6.10547 5.85162
5.08027 5.62954 6.19355 5.9634 6.78271 5.24224 8.13923 6.52511 6.37829 6.11604
5.7505 6.14509 6.95366 6.30907 7.24803 6.28594 8.40492 6.86787 6.66701 6.64996
6.24731 6.73639 7.5659 7.03987 7.83514 7.15048 8.74436 8.33717 7.00956 7.59537
6.765 7.68446 8.3009 7.96932 8.41663 8.16607 8.75243 8.36687 7.86794 8.0657
7.22606 8.27 8.49456 8.01657 8.44062 8.17332 8.76059 8.37516 7.87415 8.62335
7.72483 8.27825 8.50521 8.02192 8.44552 8.18064 8.76879 8.38344 7.83063 8.63087
7.73017 8.28415 8.51016 8.02739 8.45095 8.18776 8.77701 8.39174 7.89329 8.63821
7.73537 8.29016 8.51516 8.03297 8.45653 8.19448 8.78525 8.40001 7.90071 8.64529
7.74091 8.29616 8.52017 8.03854 8.46184 8.20207 8.79338 8.40836 7.90784 8.65244
7.74627 8.30218 8.52522 8.04407 8.46709 8.20955 8.80154 8.41661 7.91505 8.65978
