5.59476 5.36554 3.97578 4.16587 4.72229 5.58368 4.51531 3.09016 3.86492 5.13854
5.60466 5.37531 3.98161 4.19139 4.74916 5.67968 4.5827 3.09634 3.88256 5.15668
5.63121 5.40762 3.99005 4.21612 4.77255 5.72689 4.6255 3.10786 3.95391 5.22997
5.72693 5.43959 4.00129 4.24547 4.81535 5.80849 4.66942 3.12576 4.06705 5.32953
5.49476 5.52 4.0179 4.28649 4.82181 5.89343 4.72642 3.13728 4.44498 5.16609
5.63417 5.63977 4.08912 4.34477 4.95217 6.13993 4.78745 3.15522 4.70925 5.36655
5.73523 5.83965 4.20875 4.51519 5.0876 5.75004 4.84842 3.17044 4.89475 5.70118
5.89275 5.98591 4.33363 4.66918 5.37978 6.03159 5.4787 3.20745 6.20202 6.06824
6.12899 6.06501 4.47591 4.84724 5.74944 6.14877 5.76999 3.28144 6.20446 6.29145
6.55389 6.23229 4.69269 5.11917 6.07453 6.2772 5.99075 3.37207 6.20694 6.64867
7.50551 6.59538 5.15958 5.36762 6.34758 6.38751 6.10139 3.92499 6.20955 7.03888
7.69968 6.82093 5.51052 5.76176 6.63825 6.55745 6.19442 4.28014 6.21212 7.97497
7.70583 6.99312 5.89405 6.22614 6.9359 6.90023 6.53366 5.9958 6.21472 8.0705
7.70876 7.15889 6.44136 6.41905 7.3311 7.24255 7.27208 5.99853 6.21708 8.07981
7.70945 7.28651 6.76995 7.10685 7.79728 7.24568 7.27702 6.0009 6.21955 8.08484
7.7124 7.29076 6.78725 7.35437 8.14874 7.24832 7.28178 6.00289 6.22202 8.09175
7.71537 7.29495 6.79101 7.35782 8.15223 7.25132 7.28552 6.00485 6.22452 8.09786
7.71836 7.29928 6.79638 7.36115 8.15851 7.25533 7.29142 6.00682 6.22704 8.10401
7.71983 7.30313 6.80082 7.36443 8.16686 7.25817 7.29712 6.00499 6.22953 8.11023
7.72369 7.30695 6.80385 7.36753 8.17319 7.26069 7.30206 6.01035 6.23187 8.11594
7.7261 7.31072 6.80896 7.37059 8.17744 7.26324 7.30656 6.01202 6.23418 8.1211
