2.558 2.59875 2.80175 2.97558 3.43551 3.1556 3.14264 2.87604 2.95561 4.10539
2.558 2.59875 2.80175 2.97558 3.43551 3.1556 3.14264 2.87604 2.95561 4.10539
2.558 2.59875 2.80175 2.97558 3.43551 3.1556 3.14264 2.87604 2.95561 4.10539
2.558 2.59875 2.80175 2.97558 3.43551 3.1556 3.14264 2.87604 2.95561 4.10539
2.558 2.59875 2.80175 2.97558 3.43551 3.1556 3.14264 2.87604 2.95561 4.10539
2.558 2.59875 2.80175 2.97558 3.43551 3.1556 3.14264 2.87604 2.95561 4.10539
2.558 2.59875 2.80175 2.97558 3.43551 3.1556 3.14264 2.87604 2.95561 4.10539
2.558 2.59875 2.80175 2.97558 3.43551 3.1556 3.14264 2.87604 2.95561 4.10539
2.558 2.59875 2.80175 2.97558 3.43551 3.1556 3.14264 2.87604 2.95561 4.10539
2.558 2.59875 2.80175 2.97558 3.43551 3.1556 3.14264 2.87604 2.95561 4.10539
2.558 2.59875 2.80175 2.97558 3.43551 3.1556 3.14264 2.87604 2.95561 4.10539
2.558 2.59875 2.80175 2.97558 3.43551 3.1556 3.14264 2.87604 2.95561 4.10539
2.558 2.59875 2.80175 2.97558 3.43551 3.1556 3.14264 2.87604 2.95561 4.10539
2.558 2.59875 2.80175 2.97558 3.43551 3.1556 3.14264 2.87604 2.95561 4.10539
2.558 2.59875 2.80175 2.97558 3.43551 3.1556 3.14264 2.87604 2.95561 4.10539
2.558 2.59875 2.80175 2.97558 3.43551 3.1556 3.14264 2.87604 2.95561 4.10539
2.558 2.59875 2.80175 2.97558 3.43551 3.1556 3.14264 2.87604 2.95561 4.10539
2.558 2.59875 2.80175 2.97558 3.43551 3.1556 3.14264 2.87604 2.95561 4.10539
2.558 2.59875 2.80175 2.97558 3.43551 3.1556 3.14264 2.87604 2.95561 4.10539
2.558 2.59875 2.80175 2.97558 3.43551 3.1556 3.14264 2.87604 2.95561 4.10539
2.558 2.59875 2.80175 2.97558 3.43551 3.1556 3.14264 2.87604 2.95561 4.10539
