5.03739 4.86125 4.56299 4.13575 4.67211 4.06692 4.60607 3.82202 2.94446 4.27812
5.04135 4.8708 4.57806 4.14727 4.69007 4.06989 4.63009 3.84036 2.94326 4.28586
5.04622 4.89318 4.60026 4.16216 4.70717 3.97591 4.65697 3.86443 2.94387 4.29288
5.05366 4.93866 4.62551 4.18773 4.73442 4.09918 4.6811 3.857 2.98634 4.30111
5.08404 5.01662 4.66955 4.32112 4.76695 4.21621 4.71559 3.89179 2.9858 4.34698
5.18671 5.13679 4.69547 4.38347 4.81258 4.2621 4.80765 4.40586 3.01989 4.37215
5.36575 5.26333 4.7731 4.50288 4.88409 4.42913 4.86217 4.70637 3.03341 4.49123
5.50504 5.3884 4.85866 4.60788 5.01239 4.68093 4.96449 5.14724 3.12746 4.68362
5.68566 5.52609 5.04405 4.74378 5.17555 4.90893 5.17817 5.81288 3.25234 4.84675
5.85656 5.72776 5.46936 4.88414 5.43782 5.12666 5.34993 5.81633 4.19991 4.97974
6.09946 6.0256 5.7829 5.11259 5.74664 5.1435 5.69736 5.81899 4.77469 6.84678
6.67732 6.26029 6.5244 5.33014 6.15883 5.16048 5.96008 5.82162 5.82272 7.18319
6.8151 6.4209 6.83766 5.58547 6.74209 6.08581 7.05548 5.82431 5.82492 7.98819
7.1173 6.57261 7.03899 6.07391 7.37786 6.08951 7.06759 5.82705 5.82714 7.99202
7.25042 6.99369 7.16726 7.06098 7.98185 6.09324 7.07229 5.82974 5.8293 7.99583
7.25374 7.71663 7.17737 7.06446 8.06858 6.09687 7.07698 5.83116 5.83145 7.999
7.25706 7.72363 7.18103 7.06802 8.07546 6.0991 7.0817 5.83488 5.83358 8.00343
7.2604 7.72859 7.18469 7.07158 8.08012 6.10248 7.08645 5.83739 5.83571 8.00704
7.2638 7.73364 7.18829 7.07514 8.0859 6.10727 7.09108 5.83987 5.8347 8.0106
7.26721 7.73866 7.19191 7.07861 8.09076 6.11077 7.0949 5.84235 5.83686 8.01423
7.27065 7.7438 7.19555 7.08209 8.09561 6.11435 7.10007 5.84469 5.839 8.01789
