5.3672 5.33957 5.38675 3.94129 5.03146 5.47993 6.06952 5.11796 5.25562 6.2985
5.37495 5.34986 5.39236 3.94881 5.03756 5.48619 6.08086 5.13471 5.26991 6.31125
5.3855 5.37245 5.40269 3.96485 5.05066 5.50196 6.13402 5.15625 5.31382 6.31821
5.40651 5.42951 5.42468 3.98992 5.07156 5.52168 6.21852 5.1782 5.36314 6.44144
5.4489 5.53257 5.46959 4.03131 5.1137 5.54778 6.31545 5.20368 5.41747 6.50365
5.53683 5.67987 5.60228 4.08102 5.16337 5.57152 6.43155 5.24654 5.51191 6.61582
5.68085 5.86888 5.74856 4.15427 5.26359 5.59477 6.65063 5.29552 5.65506 6.76562
5.89702 6.07532 5.92776 4.25092 5.38135 5.73274 6.91567 5.45243 6.14701 6.98172
6.18476 6.45717 6.21264 4.38638 5.56564 5.84643 7.33917 5.5571 6.79633 7.33937
6.51174 6.85728 6.59321 4.56635 5.97957 6.01309 8.31052 5.93249 6.96939 7.70234
6.72144 7.16078 7.07403 4.85361 6.76239 6.73877 8.29033 6.35127 7.13218 7.92778
7.01995 7.30743 7.28808 5.29405 7.42432 8.44066 8.28917 7.59895 8.22252 8.08123
7.71543 7.59488 7.44707 6.04544 8.06109 8.41224 8.28219 7.59706 8.21489 9.08148
7.70094 7.85914 7.65758 8.12795 8.08025 8.39239 8.28969 7.57784 8.19766 9.06252
7.69944 7.86071 7.63261 8.09273 8.07028 8.35728 8.29069 7.57337 8.1895 9.06722
7.70147 7.86452 7.63685 8.07405 8.04619 8.35074 8.29597 7.55902 8.18147 9.06967
7.70407 7.86966 7.64261 8.07279 8.08039 8.35642 8.30405 7.56119 8.18828 9.07579
7.70917 7.87482 7.64837 8.07768 8.08516 8.36203 8.3121 7.56837 8.19505 9.08318
7.71424 7.87984 7.65413 8.0826 8.09036 8.36837 8.32014 7.57451 8.20181 9.09271
7.71931 7.88487 7.65989 8.08748 8.09555 8.37469 8.32809 7.58098 8.20856 9.10029
7.72437 7.88987 7.66562 8.09238 8.10073 8.38103 8.33602 7.58703 8.21511 9.10657
