4.42837 4.81254 3.22974 3.31456 4.37897 3.68089 4.146 2.8245 4.25876 3.85293
4.42837 4.81254 3.22974 3.31456 4.37897 3.68089 4.146 2.8245 4.25876 3.85293
4.42837 4.81254 3.22974 3.31456 4.37897 3.68089 4.146 2.8245 4.25876 3.85293
4.42837 4.81254 3.22974 3.31456 4.37897 3.68089 4.146 2.8245 4.25876 3.85293
4.42859 4.81254 3.22974 3.31456 4.37897 3.68089 4.146 2.8245 4.25876 3.85293
4.42837 4.81254 3.22974 3.31456 4.37897 3.68089 4.146 2.8245 4.25876 3.85293
4.42837 4.81254 3.22974 3.31456 4.37897 3.68089 4.146 2.8245 4.25876 3.85293
4.42837 4.81254 3.22974 3.31456 4.37897 3.68089 4.146 2.8245 4.25876 3.85293
4.42859 4.81254 3.22974 3.31456 4.37897 3.68089 4.146 2.8245 4.25876 3.85293
4.42837 4.81254 3.22974 3.31456 4.37897 3.68089 4.146 2.8245 4.25876 3.85293
4.42837 4.81254 3.22974 3.31456 4.37897 3.68089 4.146 2.8245 4.25876 3.85293
4.42837 4.81254 3.22974 3.31456 4.37897 3.68089 4.146 2.8245 4.25876 3.85293
4.42837 4.81254 3.22974 3.31456 4.37897 3.68089 4.146 2.8245 4.25876 3.85293
4.42837 4.81254 3.22974 3.31456 4.37897 3.68089 4.146 2.8245 4.25876 3.85293
4.42837 4.81254 3.22974 3.31456 4.37897 3.68089 4.146 2.8245 4.25876 3.85293
4.42837 4.81254 3.22974 3.31456 4.37897 3.68089 4.146 2.8245 4.25876 3.85293
4.42837 4.81254 3.22974 3.31456 4.37897 3.68089 4.146 2.8245 4.25876 3.85293
4.42837 4.81254 3.22974 3.31456 4.37897 3.68089 4.146 2.8245 4.25876 3.85293
4.42837 4.81254 3.22974 3.31456 4.37897 3.68089 4.146 2.8245 4.25876 3.85293
4.42837 4.81254 3.22974 3.31456 4.37897 3.68089 4.146 2.8245 4.25876 3.85293
4.42837 4.81254 3.22974 3.31456 4.37897 3.68089 4.146 2.8245 4.25876 3.85293
