4.37214 4.54308 4.11033 4.00106 5.25574 6.11688 5.72473 4.9372 5.56671 6.94938
4.38997 4.54317 4.11227 4.01289 5.2558 6.13899 5.73815 4.94352 5.56744 6.94941
4.41976 4.55275 4.12776 4.05759 5.26023 6.1802 5.78429 4.94252 5.57757 6.95167
4.51021 4.61549 4.21703 4.31923 5.29562 6.29974 5.79205 4.99634 5.6323 6.97364
4.68066 4.80504 4.47983 4.68373 5.40387 6.94598 6.12903 4.73552 5.90178 7.04956
4.93288 5.02656 4.78767 4.97585 5.61882 7.30428 6.37499 5.51059 6.69967 7.21539
5.2894 5.34427 5.16691 5.26841 5.98662 7.48341 6.5386 6.62889 6.75266 7.49068
5.56041 5.62677 5.57121 5.65532 6.3687 7.8467 6.78378 6.62862 6.7904 7.95556
5.83004 5.9671 5.9614 6.03046 6.74793 7.85779 6.85522 6.62849 6.80808 8.44599
6.06859 6.22172 6.16768 6.32241 6.98719 7.85768 6.92679 6.6284 6.8087 8.50082
6.2948 6.51007 6.30719 6.59045 7.23895 7.85766 6.98718 6.62836 6.80856 8.5271
6.60672 6.86806 6.48234 6.67555 7.52181 7.85915 7.03397 6.62827 6.80847 8.52698
6.90944 7.32365 6.71333 6.97298 7.80249 7.86017 7.03381 6.62806 6.80842 8.52683
7.32777 7.49813 7.0539 6.9808 7.97371 7.86056 7.03377 6.62804 6.8084 8.52688
7.36957 7.52292 7.4909 6.98078 8.07188 7.86061 7.03374 6.62802 6.80839 8.52687
7.37094 7.52294 7.49084 6.98069 8.07539 7.8606 7.03374 6.62803 6.80839 8.52686
7.37093 7.52293 7.49081 6.98066 8.07537 7.8606 7.03373 6.62779 6.80839 8.52684
7.37092 7.52287 7.4908 6.98065 8.07533 7.86058 7.0337 6.62689 6.80684 8.52681
7.3709 7.5229 7.4908 6.98065 8.07533 7.86058 7.03371 6.62686 6.80837 8.52681
7.37088 7.52296 7.4908 6.98063 8.07532 7.86058 7.0337 6.62767 6.80837 8.52682
7.37088 7.52298 7.49079 6.98062 8.07532 7.86058 7.0337 6.62738 6.80837 8.52683
