4.28275 4.74723 4.89478 3.62066 4.67104 5.86776 6.10722 4.64233 5.38672 4.87174
4.28726 4.75299 4.90295 3.62832 4.68859 5.87284 6.11654 4.65619 5.39501 4.87716
4.30042 4.76903 4.91805 3.65904 4.70481 5.91399 6.13013 4.66594 5.40865 4.88719
4.31224 4.79651 4.94322 3.72896 4.71744 6.00057 6.15148 4.70577 5.42486 4.91838
4.33747 4.8241 4.98361 3.81053 4.75057 6.07955 6.19655 4.73224 5.44909 4.99764
4.36777 4.92297 5.09684 3.89967 4.80315 6.12536 6.2454 4.79732 5.48101 5.05894
4.43984 5.18401 5.22753 4.01188 4.86383 6.25914 6.38899 4.8868 5.54781 5.13172
4.55603 5.3972 5.33368 4.1442 4.97457 6.7751 6.57 5.05979 5.63827 5.21969
4.69807 5.67036 5.54222 4.2984 5.1273 6.81268 6.69329 5.21083 5.80372 5.24774
4.89452 6.06858 5.87345 4.62057 5.37534 6.85955 6.90397 5.56026 6.27678 5.40347
5.28106 6.56447 6.27857 4.92633 5.75749 6.95981 7.03966 5.61974 7.25348 5.59337
5.80021 6.91863 7.11107 5.45615 6.34983 7.13511 7.69748 5.70414 7.83851 6.28346
6.548 7.36149 7.71185 6.58447 6.97782 8.45736 7.97451 5.78865 7.92014 6.8257
7.6188 7.73451 7.93378 6.66943 7.7209 8.46197 7.98161 6.03713 8.23386 8.40617
7.75655 8.06304 7.95869 7.06782 8.25009 8.46651 7.98872 7.8185 8.23996 8.41335
7.761 8.07897 7.95912 7.59703 8.33745 8.47105 7.99587 7.82372 8.24608 8.42027
7.76546 8.08375 7.96897 7.60428 8.344 8.47556 8.00308 7.82896 8.25218 8.42724
7.76996 8.08848 7.98024 7.60814 8.34964 8.48003 8.00976 7.83424 8.25826 8.43425
7.77446 8.09325 7.98518 7.61196 8.35482 8.48452 8.01696 7.83956 8.2644 8.44127
7.7788 8.09796 7.99 7.61587 8.35999 8.48893 8.02404 7.84483 8.27057 8.44828
7.78299 8.10269 7.99478 7.61976 8.36525 8.49325 8.03111 7.85015 8.27679 8.45524
