5.03112 4.83797 4.78177 3.49664 4.59849 4.49563 5.62241 4.66825 4.52475 5.3488
5.04352 4.86063 4.79549 3.52093 4.60434 4.53644 5.63022 4.70476 4.54484 5.35377
5.08215 4.9107 4.82461 3.56204 4.62113 4.5484 5.64498 4.75072 4.61404 5.37446
5.17471 5.04285 4.88725 3.63612 4.68197 4.64687 5.68176 4.81755 4.77028 5.53683
5.3237 5.23307 5.01288 3.78601 4.8097 4.76451 5.78603 4.89769 4.87506 5.80415
5.66852 5.45324 5.23147 4.07151 5.01373 4.89095 5.99774 5.05204 5.07301 6.05178
5.92376 5.69153 5.58881 4.37561 5.33022 5.04022 6.16767 5.1856 5.31071 6.44164
6.16982 6.05969 6.01665 4.69782 5.68415 5.20501 6.76461 5.35934 5.63991 6.88676
6.46368 6.54888 6.3324 4.96541 6.1274 5.43641 7.14658 5.65484 5.89982 7.15949
6.65036 6.97959 6.57107 5.20157 6.41869 5.71131 7.33545 5.8236 6.195 7.35086
6.78213 7.12187 6.75632 5.41594 6.79685 6.026 7.36654 5.97314 6.90877 7.71865
7.1065 7.26235 6.94034 5.7873 7.39788 7.01489 7.39084 6.33077 8.06033 8.32796
7.64182 7.51235 7.06865 6.25567 7.73473 8.255 7.66799 6.61196 8.05892 8.75535
7.64197 7.60645 7.20738 7.08317 7.79147 8.25497 7.66728 7.05035 8.05897 8.75464
7.64196 7.60643 7.42585 7.70232 7.79142 8.25494 7.6672 7.65836 8.05887 8.75463
7.64191 7.60639 7.47187 7.70228 7.7914 8.25494 7.66716 7.65731 8.05894 8.75463
7.64189 7.60638 7.47208 7.70224 7.79137 8.25485 7.66707 7.65923 8.05889 8.7546
7.64187 7.60637 7.47204 7.70225 7.79135 8.25493 7.66714 7.65826 8.05881 8.75461
7.64186 7.60639 7.47203 7.70228 7.79137 8.25492 7.66719 7.65827 8.05883 8.75317
7.64187 7.60639 7.47206 7.70228 7.79137 8.25493 7.66708 7.65936 8.05882 8.75318
7.64189 7.60642 7.47209 7.70227 7.79137 8.25493 7.66709 7.65828 8.05893 8.75321
