5.50786 5.45926 5.4901 4.59735 5.07781 4.19635 5.00713 5.76619 3.53841 6.9223
5.51147 5.46784 5.49626 4.60169 5.08755 4.19833 5.01929 5.76871 3.53985 6.93337
5.51545 5.4864 5.50593 4.61132 5.09724 4.20041 5.03892 5.77116 3.54268 7.00993
5.52061 5.51181 5.52349 4.66081 5.10922 4.20526 5.06842 5.77356 3.55314 7.02526
5.52818 5.57394 5.5564 4.69323 5.12082 4.21046 5.10216 5.77587 3.5652 7.04483
5.56156 5.67762 5.52001 4.73262 5.11707 4.21869 5.18398 5.77826 3.59856 7.07784
5.64906 5.80402 5.55086 4.8174 5.16467 4.23313 5.30771 5.78063 3.83243 7.12242
5.85643 5.91943 5.69805 5.03666 5.26429 4.24864 5.43587 5.783 4.98571 7.24996
6.14588 6.08422 6.00484 5.20049 5.36057 4.30872 5.56811 5.78536 5.7876 7.59825
6.51832 6.3402 6.43866 5.28139 5.60623 4.39663 6.65998 5.78759 5.7887 7.93468
6.9326 6.51251 6.79771 5.23757 5.90097 6.34353 6.78378 5.78989 5.77708 8.04885
7.03401 6.64945 7.05877 5.59669 6.43569 6.34605 7.0031 5.7922 5.79138 8.05275
7.28084 6.83589 7.1707 6.79556 7.56782 6.34845 7.01599 5.79447 5.78716 8.05673
7.35733 7.39067 7.27468 6.79853 8.00572 6.35086 7.06285 5.79673 5.79707 8.06072
7.36045 7.61613 7.29633 6.80147 8.10078 6.35328 7.06607 5.79871 5.79878 8.06319
7.36346 7.62105 7.29948 6.80439 8.10708 6.35574 7.02092 5.80063 5.80049 8.06703
7.36651 7.62593 7.30268 6.80728 8.11146 6.35822 7.07159 5.8028 5.80221 8.07095
7.36954 7.63083 7.30586 6.81011 8.11565 6.36068 7.03731 5.80505 5.80389 8.07664
7.37259 7.63574 7.30905 6.81292 8.11969 6.36301 7.08592 5.80736 5.80557 8.08063
7.37562 7.64064 7.31226 6.81575 8.1247 6.36537 7.0887 5.80963 5.80727 8.08454
7.37858 7.64555 7.31536 6.81857 8.12931 6.3677 7.09457 5.81189 5.80895 8.08844
