5.35588 5.16763 4.8508 4.5135 4.80452 4.65643 4.67657 4.62784 3.18486 6.25397
5.35588 5.16763 4.8508 4.5135 4.80452 4.65643 4.67657 4.62784 3.18486 6.25397
5.35588 5.16763 4.8508 4.5135 4.80452 4.65643 4.67657 4.62784 3.18486 6.25397
5.35588 5.16763 4.8508 4.5135 4.80452 4.65643 4.67657 4.62784 3.18486 6.25397
5.35588 5.16763 4.85095 4.5135 4.80452 4.65643 4.67657 4.62784 3.18486 6.25397
5.35588 5.16763 4.8508 4.5135 4.80452 4.65643 4.67657 4.62784 3.18486 6.25397
5.35588 5.16763 4.8508 4.5135 4.80452 4.65643 4.67657 4.62784 3.18486 6.25397
5.35588 5.16763 4.8508 4.5135 4.80452 4.65643 4.67657 4.62784 3.18486 6.25397
5.35588 5.16763 4.8508 4.5135 4.80452 4.65643 4.67657 4.62784 3.18486 6.25397
5.35588 5.16763 4.8508 4.5135 4.80452 4.65643 4.67657 4.62784 3.18486 6.25397
5.35588 5.16763 4.85095 4.5135 4.80452 4.65643 4.67657 4.62784 3.18486 6.25397
5.35588 5.16763 4.8508 4.5135 4.80452 4.65643 4.67657 4.62784 3.18486 6.25397
5.35588 5.16763 4.8508 4.5135 4.80452 4.65643 4.67657 4.62784 3.18486 6.25397
5.35588 5.16763 4.8508 4.5135 4.80452 4.65643 4.67657 4.62784 3.18486 6.25397
5.35588 5.16763 4.8508 4.5135 4.80452 4.65643 4.67657 4.62784 3.18486 6.25397
5.35588 5.16763 4.8508 4.5135 4.80452 4.65643 4.67657 4.62784 3.18486 6.25397
5.35588 5.16763 4.85095 4.5135 4.80452 4.65643 4.67657 4.62784 3.18486 6.25397
5.35588 5.16763 4.8508 4.5135 4.80452 4.65643 4.67657 4.62784 3.18486 6.25397
5.35588 5.16763 4.85095 4.5135 4.80452 4.65643 4.67657 4.62784 3.18486 6.25397
5.35588 5.16763 4.8508 4.5135 4.80452 4.65643 4.67657 4.62784 3.18486 6.25397
5.35588 5.16763 4.8508 4.5135 4.80452 4.65643 4.67657 4.62784 3.18486 6.25397
