3.07833 3.42558 3.52375 2.87005 3.65665 3.57653 3.91137 3.05774 3.27667 3.01034
3.07833 3.42558 3.52375 2.87005 3.65665 3.57653 3.91137 3.05774 3.27667 3.01034
3.07833 3.42558 3.52375 2.87005 3.65665 3.57653 3.91137 3.05774 3.27667 3.01034
3.07833 3.42558 3.52375 2.87005 3.65665 3.57653 3.91137 3.05774 3.27667 3.01034
3.07833 3.42558 3.52375 2.87005 3.65665 3.57653 3.91137 3.05774 3.27667 3.01034
3.07833 3.42558 3.52375 2.87005 3.65665 3.57653 3.91137 3.05774 3.27667 3.01034
3.07833 3.42558 3.52375 2.87005 3.65665 3.57653 3.91137 3.05774 3.27667 3.01034
3.07833 3.42558 3.52375 2.87005 3.65665 3.57653 3.91137 3.05774 3.27667 3.01034
3.07833 3.42558 3.52375 2.87005 3.65665 3.57653 3.91137 3.05774 3.27667 3.01034
3.07833 3.42558 3.52375 2.87005 3.65665 3.57653 3.91137 3.05774 3.27667 3.01034
3.07833 3.42558 3.52375 2.87005 3.65665 3.57653 3.91137 3.05774 3.27667 3.01034
3.07833 3.42558 3.52375 2.87005 3.65665 3.57653 3.91137 3.05774 3.27667 3.01034
3.07833 3.42558 3.52375 2.87005 3.65665 3.57653 3.91137 3.05774 3.27667 3.01034
3.07833 3.42558 3.52375 2.87005 3.65665 3.57653 3.91137 3.05774 3.27667 3.01034
3.07833 3.42558 3.52375 2.87005 3.65665 3.57653 3.91137 3.05774 3.27667 3.01034
3.07833 3.42558 3.52375 2.87005 3.65665 3.57653 3.91137 3.05774 3.27667 3.01034
3.07833 3.42558 3.52375 2.87005 3.65665 3.57653 3.91137 3.05774 3.27667 3.01034
3.07833 3.42558 3.52375 2.87005 3.65665 3.57653 3.91137 3.05774 3.27667 3.01034
3.07833 3.42558 3.52375 2.87005 3.65665 3.57653 3.91137 3.05774 3.27667 3.01034
3.07833 3.42558 3.52375 2.87005 3.65665 3.57653 3.91137 3.05774 3.27667 3.01034
3.07833 3.42558 3.52375 2.87005 3.65665 3.57653 3.91137 3.05774 3.27667 3.01034
