3.41049 4.22261 4.54019 3.92146 4.63776 4.32985 5.28179 4.88802 4.45581 4.79868
3.41995 4.21283 4.59522 3.93123 4.68622 4.34557 5.31484 4.90236 4.45923 4.8178
3.44253 4.29242 4.6595 4.15504 4.73265 4.45925 5.37292 4.972 4.48609 5.02766
3.55631 4.41901 4.83543 4.50239 4.92015 4.59309 5.75943 5.127 4.67386 5.30054
3.8111 4.79251 5.19156 5.0248 5.32589 4.79125 7.4914 5.45633 4.99545 5.69484
4.32502 5.28255 5.90685 5.40279 5.99202 5.98913 8.13511 6.06716 5.54986 6.16563
5.24446 6.06274 6.97141 6.0541 6.89365 7.6018 8.10405 7.87481 5.97976 7.04263
6.32131 6.89569 7.70253 7.50821 7.81823 7.56528 8.09956 7.85786 7.28194 8.15868
6.86465 7.72278 7.83008 7.53504 7.93207 7.54739 8.09485 7.85536 7.2338 8.13223
7.14058 7.67432 7.80528 7.53259 7.9277 7.54205 8.09181 7.84007 7.21963 8.12937
7.14006 7.67274 7.80358 7.53239 7.92482 7.54205 8.09181 7.84008 7.21962 8.12417
7.13984 7.67272 7.80368 7.52156 7.92467 7.54206 8.09123 7.8401 7.21945 8.12195
7.13978 7.67273 7.79714 7.52156 7.92451 7.54209 8.09123 7.8401 7.21944 8.122
7.13975 7.67264 7.7971 7.53161 7.92456 7.54149 8.09176 7.84005 7.21941 8.12189
7.13978 7.6726 7.79709 7.52421 7.9245 7.54145 8.09117 7.84001 7.2194 8.12185
7.13986 7.6726 7.79708 7.52151 7.92451 7.54143 8.09175 7.84001 7.21941 8.1219
7.1398 7.67258 7.79709 7.5215 7.92451 7.54144 8.09117 7.84001 7.21942 8.12188
7.13983 7.67261 7.7971 7.52153 7.92456 7.54145 8.09119 7.84003 7.21942 8.1219
7.13979 7.67266 7.79714 7.52156 7.92461 7.54151 8.08664 7.84005 7.21943 8.12194
7.13979 7.67266 7.79715 7.52156 7.9246 7.54151 8.09181 7.84007 7.21943 8.122
7.13979 7.67266 7.79715 7.52156 7.9246 7.54151 8.09181 7.84007 7.21943 8.122
