5.39331 5.29195 5.31512 4.30434 5.34959 4.88721 6.30866 5.25543 5.59594 6.20832
5.42528 5.33131 5.34162 4.34193 5.37741 5.0204 6.3613 5.27666 5.6233 6.22942
5.5543 5.43679 5.44735 4.53914 5.48616 5.10989 6.48359 5.3362 5.7375 6.38391
5.83499 5.6764 5.69588 4.8441 5.72832 5.18197 6.80899 5.45594 6.18767 6.92693
6.22292 5.97576 6.09578 5.27275 6.22713 5.38452 7.73506 5.76213 6.721 7.28603
6.71436 6.39348 6.53236 5.69596 6.9582 6.901 7.86801 7.09979 7.63899 7.81565
7.08791 6.9541 6.79921 6.20436 7.47363 7.37166 7.86321 6.76293 7.73854 8.39667
7.38129 7.30052 6.94915 7.01813 7.63406 7.79813 7.86218 7.47297 7.75449 8.37774
7.38051 7.48386 7.01719 7.57449 7.66525 7.78338 7.86194 7.47803 7.75399 8.3723
7.37761 7.47281 7.28004 7.5753 7.66517 7.77324 7.86128 7.45865 7.74066 8.3723
7.37412 7.47259 7.45974 7.57532 7.66512 7.77194 7.86191 7.45742 7.74544 8.37228
7.3716 7.47089 7.45025 7.57508 7.66495 7.77183 7.8618 7.45738 7.74083 8.37217
7.37214 7.47048 7.44996 7.5685 7.66478 7.77161 7.86175 7.45723 7.73724 8.37201
7.37216 7.47029 7.44989 7.56021 7.66476 7.76837 7.86174 7.45722 7.73434 8.37194
7.3723 7.47044 7.44484 7.5547 7.66486 7.76813 7.86184 7.45727 7.73352 8.37201
7.37243 7.47057 7.44792 7.55595 7.66504 7.76899 7.86186 7.45739 7.73453 8.37219
7.37236 7.47095 7.45029 7.57496 7.66517 7.77181 7.86196 7.45748 7.74067 8.37228
7.37232 7.47094 7.45031 7.57538 7.66518 7.77196 7.86197 7.45747 7.74116 8.3723
7.37231 7.47017 7.45031 7.57527 7.66518 7.77196 7.86197 7.45747 7.74116 8.3723
7.37231 7.47107 7.45031 7.57526 7.66518 7.77196 7.86197 7.45748 7.74116 8.3723
7.37231 7.47107 7.45031 7.57534 7.66518 7.77196 7.86197 7.45748 7.74116 8.3723
