4.77435 4.74721 4.41742 3.99427 4.50507 4.1208 4.49366 3.56116 2.8224 5.01611
4.7778 4.76093 4.43458 4.00457 4.51231 4.06376 4.51196 3.57821 2.83233 5.01061
4.77769 4.78059 4.45368 4.08154 4.5264 4.15233 4.54085 3.61884 2.84123 5.02844
4.78521 4.81759 4.49758 4.12235 4.53886 4.22718 4.56986 3.66245 2.84248 5.02894
4.80769 4.90519 4.57122 4.16891 4.56692 4.46962 4.64513 5.24285 2.89156 5.04472
4.87821 5.1184 4.63783 4.24056 4.63725 4.53978 4.72332 5.24542 2.9255 5.03218
4.98927 5.33897 4.7807 4.35197 4.71301 4.64816 4.87367 5.24788 2.93339 5.09202
5.19721 5.46722 5.14381 4.59452 4.85631 5.85188 5.0462 5.2502 3.0175 5.27535
5.41913 5.58512 5.32871 4.72793 5.07574 5.85414 5.22404 5.25237 3.19212 6.7746
5.60048 5.79829 5.74112 4.38007 5.20767 5.85644 6.34943 5.25425 5.3303 7.04993
5.81131 6.03834 6.07247 4.60716 5.66707 5.85877 6.48946 5.25593 5.33334 7.21134
6.53255 6.17258 6.34055 5.34561 6.09754 5.86112 6.60248 5.25765 5.33429 7.83344
6.71849 6.28534 6.6782 5.91285 6.60861 5.86335 6.60634 5.25895 5.33732 7.83674
6.87554 6.73219 6.76331 6.45175 7.37734 5.8655 6.61005 5.26002 5.33811 7.84005
6.87859 7.27968 6.86465 6.45504 7.78086 5.8677 6.61372 5.25829 5.32373 7.84338
6.88169 7.28772 6.87877 6.4584 7.89909 5.8697 6.61737 5.26283 5.33054 7.84677
6.88485 7.2923 6.88193 6.46183 7.90925 5.8718 6.61993 5.26443 5.33459 7.85004
6.88802 7.29684 6.88509 6.46524 7.91319 5.87386 6.62418 5.26604 5.33626 7.8528
6.89116 7.30144 6.8881 6.46864 7.91753 5.87592 6.62757 5.26764 5.33774 7.85633
6.89404 7.30569 6.89097 6.4719 7.92025 5.87784 6.63098 5.2691 5.33918 7.85926
6.89695 7.30974 6.89368 6.47489 7.92361 5.87946 6.63425 5.2705 5.34052 7.86194
