4.79522 4.87999 4.92745 4.12993 5.29544 6.77415 6.33917 5.8772 5.74469 5.33252
4.79922 4.88419 4.93326 4.13393 5.30187 6.78104 6.35018 5.88805 5.75243 5.33911
4.8069 4.89355 4.9488 4.14131 5.30948 6.80373 6.36574 5.90238 5.76095 5.34624
4.81958 4.91283 4.96618 4.19095 5.31731 6.82517 6.37628 5.9391 5.76964 5.35495
4.84922 4.93347 4.9924 4.22602 5.32897 6.93686 6.40307 5.97306 5.77916 5.37389
4.89808 4.9633 5.03878 4.29488 5.35692 7.215 6.44046 6.00042 5.77345 5.40962
4.96677 5.03994 5.09885 4.39338 5.41289 7.66791 6.46586 6.0638 5.8278 5.46224
5.04672 5.29975 5.17886 4.48837 5.51945 7.76897 6.50302 6.1957 5.92235 5.56384
5.14647 5.73109 5.34574 4.64969 5.69033 7.88101 6.7108 6.43554 6.4549 5.73698
5.36804 6.23156 5.73409 4.95881 5.80282 8.01903 7.06089 6.78315 7.215 6.02854
5.67924 6.81036 6.23096 5.36479 6.32191 8.17689 7.79136 7.04152 7.6069 6.3687
6.35265 7.23725 6.73879 6.42325 7.07578 8.4634 8.03189 7.72107 7.91115 7.03654
7.00884 7.694 7.5695 6.62057 7.61498 8.4895 8.03843 7.8873 7.91705 8.28523
7.70662 7.92387 8.03284 6.71919 8.14111 8.49388 8.04501 7.89334 7.92291 8.3563
8.03205 7.95639 8.04035 7.59361 8.27551 8.49836 8.05169 7.89938 7.92883 8.36355
8.03649 7.96262 8.03614 7.64597 8.28503 8.50285 8.05763 7.90551 7.93466 8.37088
8.04121 7.96741 8.04082 7.64997 8.29017 8.50738 8.06406 7.91169 7.94049 8.37772
8.04573 7.97067 8.04726 7.65427 8.29555 8.51194 8.07068 7.91783 7.94643 8.38495
8.05024 7.97562 8.05622 7.65843 8.30087 8.51649 8.07731 7.92384 7.95242 8.39261
8.05477 7.98054 8.06399 7.66246 8.30615 8.52106 8.08409 7.9298 7.95841 8.40037
8.05935 7.98549 8.0691 7.66648 8.31141 8.5256 8.09083 7.9357 7.96436 8.40786
