3.05403 3.16622 3.34642 2.87322 3.62802 3.16653 4.78939 4.53 3.77593 4.49995
3.07149 3.18546 3.35314 3.06632 3.64889 3.18057 4.82987 4.6501 3.81621 4.54755
3.12423 3.2383 3.38866 3.17472 3.7322 3.19187 5.03841 4.74467 3.89147 4.64564
3.24595 3.33709 3.51727 3.35647 3.92113 3.25899 5.34393 5.27413 4.02147 4.75093
3.51937 3.54927 3.84281 3.63714 4.21712 3.37158 5.78852 5.81501 4.09966 4.82743
3.96755 3.82113 4.25597 4.38318 4.85347 3.56181 7.04549 6.32467 4.26828 5.07932
4.31164 4.44763 4.89815 5.07867 5.52243 6.83483 6.98277 6.27848 4.68075 5.30539
4.82687 5.09997 5.33818 6.30623 6.17681 6.794 6.94825 6.25338 6.05017 6.72985
6.88778 6.44741 7.12964 6.46483 6.52134 6.74989 6.93624 6.24907 6.03858 7.65043
6.87058 6.42311 7.08668 6.41771 7.52633 6.74536 6.93624 6.24001 6.03269 7.64629
6.86015 6.41747 7.08223 6.41181 7.52532 6.73843 6.93624 6.23113 6.03359 7.63824
6.84532 6.41748 7.05983 6.4118 7.52541 6.73889 6.93625 6.22881 6.03229 7.6346
6.8453 6.4171 7.05981 6.4119 7.52527 6.73675 6.93624 6.22881 6.034 7.63413
6.84527 6.41705 7.05895 6.41189 7.52532 6.73673 6.93622 6.2288 6.03898 7.63408
6.84523 6.41744 7.05973 6.41173 7.5252 6.73674 6.93621 6.2288 6.03261 7.63452
6.84523 6.41741 7.05973 6.41186 7.52529 6.73674 6.9362 6.2288 6.03331 7.6345
6.84523 6.41745 7.05975 6.41183 7.52518 6.73673 6.9362 6.22869 6.03228 7.63453
6.84527 6.41769 7.05978 6.41183 7.52535 6.73676 6.93623 6.22881 6.03228 7.63457
6.84529 6.41771 7.05901 6.41177 7.52528 6.73677 6.93624 6.22884 6.03285 7.63458
6.84529 6.41771 7.05901 6.41185 7.52538 6.73677 6.93624 6.22883 6.03291 7.63459
6.84529 6.41771 7.05901 6.41185 7.52539 6.73677 6.93624 6.22883 6.03291 7.63409
