4.79424 5.75216 5.69343 4.85252 5.06848 7.10852 6.60708 5.21569 6.06794 5.58851
4.80889 5.77055 5.70687 4.8776 5.06851 7.11781 6.62011 5.2236 6.07158 5.59654
4.8473 5.83122 5.74591 4.92586 5.07544 7.16093 6.6621 5.23564 6.09037 5.61643
4.93527 5.95901 5.86282 5.02255 5.11547 7.24907 6.82872 5.1771 6.12607 5.6477
5.09349 6.14809 6.01778 5.2029 5.26027 7.33729 6.97586 5.26679 6.19853 5.7357
5.4436 6.43679 6.2535 5.51082 5.50231 7.49961 7.10924 5.39554 6.44281 5.91413
5.81839 6.85709 6.61299 5.77033 5.93923 7.8304 7.34394 5.52872 6.82587 6.17714
6.12118 7.31085 6.96558 6.06807 6.3656 8.27219 7.59983 5.69799 7.10027 6.41244
6.47008 7.57763 7.23452 6.35326 6.6337 8.50834 7.89572 5.91199 7.49746 6.67367
6.70055 7.73424 7.49729 6.72269 6.83614 8.62923 8.08271 6.26677 7.82609 6.98191
6.92935 7.88857 7.75885 7.01092 7.04512 8.63208 8.14278 7.07196 7.98676 7.21273
7.34721 8.02637 7.95944 7.28849 7.2864 8.63194 8.2006 7.9832 8.33284 7.45444
7.89818 8.14122 8.18235 7.66433 7.55464 8.63183 8.21255 7.98306 8.33267 7.82097
8.07897 8.20064 8.33211 8.0331 7.8317 8.63183 8.21282 7.98299 8.33263 7.823
8.09771 8.21515 8.38651 8.08004 7.88592 8.63181 8.21317 7.98297 8.33262 7.82298
8.09828 8.21557 8.38731 8.08 7.8864 8.63181 8.21311 7.98296 8.33261 7.82292
8.09843 8.21553 8.38732 8.07968 7.88638 8.63179 8.21303 7.98297 8.33261 7.82288
8.09843 8.21553 8.38731 8.07998 7.88639 8.63178 8.21307 7.98295 8.33259 7.82285
8.0982 8.21554 8.38729 8.07997 7.88638 8.63177 8.21306 7.98292 8.33259 7.82284
8.09841 8.21553 8.38728 8.07996 7.88638 8.63178 8.21307 7.98292 8.3326 7.82282
8.09823 8.21552 8.38728 8.07996 7.88636 8.63178 8.21305 7.98292 8.3326 7.82282
