3.69809 4.07276 4.32877 4.00529 5.16146 5.87631 5.90784 6.04064 6.22995 6.77645
3.70093 4.07662 4.33403 4.00927 5.16632 5.87939 5.91697 6.04283 6.23401 6.78831
3.70475 4.08232 4.34456 4.03285 5.17285 5.8833 5.93643 6.04492 6.2438 6.79712
3.70897 4.08151 4.37455 4.05569 5.18286 5.89141 5.95634 6.04701 6.25956 6.80952
3.71825 4.08466 4.4453 4.08114 5.20764 5.89927 5.97611 6.04917 6.27873 6.77179
3.73714 4.09497 4.51084 4.11422 5.24893 5.9153 6.0059 6.05128 6.29325 6.83767
3.76686 4.11134 4.59323 4.15603 5.31479 5.95138 6.05849 6.0533 6.30025 6.89329
3.8067 4.13201 4.72322 4.22296 5.41019 6.0067 6.23394 6.05543 6.30346 7.68181
3.91176 4.19397 4.70216 4.33795 5.52317 6.07153 6.52124 6.05768 6.30667 8.21046
4.19089 4.36937 4.88029 4.60708 5.71549 6.22983 6.70424 6.05986 6.30988 8.27839
4.54406 4.60826 5.37021 4.89546 6.06861 6.87408 6.764 6.06208 6.31315 8.35535
5.26115 5.01962 6.12157 5.42805 6.46814 6.86683 6.78819 6.06431 6.31641 8.39808
5.99753 6.18772 6.75452 6.4729 7.3858 7.27236 6.79264 6.0664 6.31952 8.40306
6.54188 7.43875 7.38515 6.47601 7.8714 7.27561 6.7956 6.06846 6.3226 8.40771
6.93675 7.501 7.38914 6.47967 8.04764 7.27866 6.80118 6.07036 6.32575 8.41245
6.95845 7.5059 7.39317 6.48334 8.10931 7.28147 6.80587 6.07218 6.32887 8.41707
6.96188 7.5106 7.39132 6.48704 8.11361 7.28472 6.81034 6.07394 6.33206 8.4216
6.96529 7.51523 7.39789 6.49072 8.11794 7.2878 6.81301 6.07566 6.33524 8.42601
6.96863 7.51993 7.40136 6.49429 8.12221 7.29088 6.81814 6.07729 6.33848 8.43042
6.97199 7.52467 7.40544 6.49784 8.1264 7.29396 6.82261 6.07894 6.34169 8.43482
6.97524 7.52944 7.4137 6.50138 8.13057 7.29704 6.82696 6.08058 6.34481 8.43918
