16.17987 13.38118 13.60259 13.94617 10.79334 16.00765 14.86101 16.57844 12.38145 16.42112
16.31179 13.51966 13.71499 14.06311 10.92352 16.1214 14.92576 16.63778 12.46376 16.54407
16.56914 13.72642 13.86408 14.26674 11.17756 16.32096 15.02229 16.68073 12.53542 16.77213
16.9351 13.9277 14.00811 14.58088 11.46658 16.53709 15.19919 16.7221 12.5473 17.06297
17.4032 14.18848 14.41094 14.99237 11.37863 16.81587 15.46215 16.83789 12.62729 17.52256
17.83254 14.28295 14.62628 15.33489 11.40666 17.00048 15.73402 16.99944 12.76327 18.10927
18.08996 13.33395 14.49277 15.33831 11.057 17.31526 16.14294 17.22037 12.87829 18.93031
17.94299 13.38846 14.60598 14.86935 10.62029 17.55074 16.74833 17.69359 12.81384 19.8335
18.90668 13.76585 15.10938 15.79137 11.16073 16.39374 16.97055 17.21911 12.40272 19.88064
19.46466 14.19722 15.89982 16.88239 11.58979 16.00511 17.15457 17.11511 12.32323 19.66568
20.69826 14.67897 17.01817 18.05268 12.57189 16.64845 18.06579 18.30206 13.41487 20.55436
21.70182 15.38105 18.30509 18.94863 12.99347 16.68468 18.37769 18.76508 13.82548 21.65149
22.87097 16.22394 19.77368 20.02771 13.56 17.35435 19.71273 19.84597 14.66722 22.89523
24.17049 17.26572 21.31553 21.51805 14.42049 18.58372 21.16365 21.34833 15.80606 24.32064
25.76666 18.79638 23.21331 23.24816 15.70866 20.10727 22.78265 22.91403 17.38614 26.0286
27.76816 20.66511 25.4645 25.26109 17.21194 22.06358 24.69901 24.78638 19.40112 28.23359
29.90574 22.79923 28.19461 27.53621 18.87913 24.19241 26.44308 27.08739 21.65137 30.4929
32.55029 25.19063 31.68481 30.75938 20.52306 26.6677 28.50906 29.17168 24.30855 32.63504
36.2243 27.72421 36.84103 34.74781 22.71739 29.21011 31.59302 31.34539 27.18027 34.88917
43.20094 36.36117 41.4091 43.31312 32.09013 44.52686 42.50125 41.80916 42.73433 43.14375
43.26073 36.4306 41.48764 43.41712 32.15009 44.60147 42.57797 41.90151 42.83306 43.21768
