12.44189 12.43367 11.60594 11.23671 9.73179 14.33072 11.94838 15.02826 17.03761 13.41286
12.50692 12.48299 11.66758 11.28554 9.80856 14.40018 12.02029 15.09362 17.09455 13.50333
12.62517 12.56674 11.77947 11.37363 9.92903 14.50613 12.18681 15.19718 17.19908 13.74166
12.79554 12.72169 11.93469 11.50536 10.10889 14.64057 12.38892 15.28908 17.33802 14.00344
13.02517 12.97813 12.36399 11.72158 10.3694 14.80619 12.49656 15.39472 17.51102 14.21686
13.40056 13.4746 12.95812 11.98154 10.63797 15.03988 12.72977 15.59729 17.72362 14.49422
14.4008 14.38741 13.8273 12.1855 11.00958 15.34296 13.08327 15.7849 18.04594 14.75839
14.61843 13.95598 13.98958 11.87248 10.13303 16.05213 13.42434 16.14954 18.77458 15.14694
14.70651 14.14697 14.18934 12.16988 10.30673 15.69915 13.02996 16.26315 18.61189 13.88261
15.41898 14.88174 14.9644 13.10185 10.77099 15.98493 13.45666 16.30533 18.50041 14.34043
16.24326 15.94987 16.06063 14.17492 11.45787 17.39709 14.02861 17.30293 19.84796 15.07462
17.47468 17.18458 17.15415 15.19163 11.88062 18.5855 14.77927 18.71895 20.88639 15.68903
18.94477 18.47532 18.62047 16.41766 12.55612 19.94404 15.80472 20.05428 21.81218 16.41257
20.33099 19.88086 20.28554 17.45301 13.37233 21.30599 16.86544 21.00059 22.71997 16.9399
21.87683 21.00818 21.90802 18.41443 14.16004 22.51214 17.77578 21.99953 23.43376 17.68964
23.52569 22.57845 23.59896 19.41907 15.32052 23.56786 18.79507 22.98226 24.39534 18.53415
25.38664 24.42383 25.62058 21.11872 16.6126 24.18057 20.47185 24.38193 25.48453 19.44446
27.79561 26.706 28.18534 23.25979 18.12728 25.3691 26.04632 26.49747 26.93044 20.95168
31.17116 29.91263 31.3966 26.14232 20.15977 27.27126 36.03826 28.84522 29.20982 22.90812
40.82341 39.38883 42.39391 41.25399 31.66443 42.44849 36.12063 42.46813 44.27316 30.85626
40.91201 39.46977 42.4937 41.35933 31.7201 42.55493 36.20168 42.57404 44.36766 33.958
