11.19625 10.75988 10.82841 11.86031 10.70101 16.51298 13.40384 14.90639 13.5049 9.93347
11.28409 10.83957 10.92436 11.96735 10.73734 16.59568 13.50098 14.97487 13.55343 10.09343
11.54452 10.98424 11.06521 12.11814 10.80427 16.75885 13.6553 15.14175 13.65753 10.29681
11.85048 11.03707 11.22585 12.37793 10.92486 17.00562 13.84108 15.39492 13.8269 10.49239
12.19125 11.31761 11.45521 12.76936 11.0849 17.35807 14.11078 15.76307 14.03406 10.68335
12.65647 11.71669 11.70163 13.33837 11.38721 17.77419 14.39174 16.1722 14.3187 10.8837
13.09889 12.40654 11.72045 13.44389 11.67073 18.29462 14.6277 16.65039 14.71874 11.22697
11.58846 11.74732 11.05729 13.17693 11.05324 18.66802 15.21279 17.45914 14.93487 11.83832
11.64249 11.85643 11.23374 13.50069 11.27576 19.07228 13.85353 17.13278 14.40837 11.03476
12.18059 12.49603 11.72186 14.08406 11.79147 18.74314 14.24752 17.34742 14.87076 10.88619
12.79312 13.00857 12.35918 14.87385 12.70729 19.21576 14.60015 18.37387 15.14284 11.53131
13.46707 13.92038 13.16203 15.82531 13.45968 20.10283 15.13854 19.377 16.0598 12.33653
14.31927 15.14892 14.14167 17.08803 14.3011 21.59154 16.17193 20.72538 17.08096 13.31414
15.52207 16.48516 15.41277 18.59476 15.26611 22.87877 17.12983 22.30173 18.0889 14.18587
17.17559 18.0408 16.93387 20.51537 16.28919 24.69186 18.50202 24.28336 19.35105 15.06087
19.0485 19.7504 18.68324 22.76852 17.64329 26.60416 20.59697 26.14198 20.84138 16.31909
21.31658 21.38646 20.81402 25.09996 19.08904 28.63465 22.68251 28.30846 22.63916 17.83726
23.64697 24.13312 22.98884 27.87461 20.95361 30.86484 24.93729 31.15606 24.63625 19.21983
26.58219 28.55202 25.47354 31.70101 23.4 33.48328 26.26093 34.10024 35.63486 20.85689
36.76648 33.13072 35.35982 36.24263 31.39905 43.57382 36.19061 42.55001 35.70596 32.20159
36.83283 33.17983 35.42032 39.24372 31.44799 43.64139 36.25307 42.62259 35.77518 32.25204
