15.35447 14.0399 13.23238 12.92938 11.16639 13.25917 14.28486 18.23351 13.51841 16.67485
15.4115 14.05983 13.30029 12.99651 11.24442 13.32047 14.37018 18.29585 13.56977 16.71861
15.52694 14.08315 13.41471 13.09283 11.43564 13.42583 14.48585 18.41737 13.53549 16.8053
15.65145 14.15087 13.48805 13.27966 11.72185 13.48469 14.616 18.50786 13.53158 17.02079
15.84843 14.27215 13.60892 13.49906 11.68019 13.6607 14.76424 18.63868 13.61621 17.21024
16.10375 14.31762 13.68687 13.78624 11.71405 13.88505 14.92753 18.69759 13.69657 17.53637
15.74576 14.10558 13.88585 13.94082 10.86548 14.2754 15.18737 18.7403 13.88254 17.77772
15.82296 14.24658 14.46749 14.07229 10.92616 13.61277 15.07388 18.78337 14.13467 18.24371
16.9181 14.73866 15.20591 15.20394 11.42054 13.1724 15.42393 19.17668 14.87021 18.91948
18.17663 15.55455 16.18983 16.30436 11.92569 12.91793 15.98726 19.87294 15.92875 19.64734
18.55356 16.47497 17.23214 16.80573 12.71709 13.6927 17.00785 21.73765 17.30544 20.63394
19.04251 17.56603 18.60487 17.74767 13.06568 14.54998 17.8614 22.9372 18.80827 21.97318
20.26434 18.92753 19.88763 19.20961 13.75356 16.12979 19.48005 24.25854 20.50547 23.52472
21.48245 20.739 21.49355 21.17343 14.90382 17.70744 20.91716 25.88855 22.38555 25.09209
23.46781 22.80428 23.68237 23.35865 16.49753 19.55791 22.47152 28.04011 24.41356 27.33812
25.74521 25.18152 26.17789 25.93106 18.39571 22.02226 24.20631 30.44095 26.92092 29.13783
28.03048 28.13784 28.861 28.66567 20.62715 24.41434 26.08494 33.07335 29.46671 31.22937
30.84345 31.62252 32.52757 32.4416 22.90455 27.39931 28.63312 35.72648 32.19041 33.83987
34.63825 36.39285 40.22706 39.7326 25.31524 30.9103 42.78031 47.64726 39.52979 45.59807
43.26097 40.33446 44.3664 44.12866 34.44322 43.39633 42.88429 47.78208 49.9285 45.69879
43.33168 40.40742 44.44488 44.212 34.49943 43.49815 42.98469 47.90835 50.05751 45.79885
