8.30165 7.12054 9.05681 10.41096 8.40317 12.76848 9.73361 11.73218 10.3472 12.65232
8.46693 7.19743 9.20145 10.54963 8.44816 12.87376 9.9755 11.89832 10.39654 12.82734
8.71109 7.36686 9.46705 10.83732 8.53601 13.04757 10.2077 12.17934 10.56395 13.0477
9.15116 7.65355 9.77936 11.24946 8.86505 13.24939 10.46953 12.56693 10.77259 13.29328
9.72472 8.02635 10.2855 12.02347 9.25684 13.44143 11.07491 13.0033 11.13301 13.56158
10.48065 8.44476 10.81816 12.64383 9.6042 14.18985 11.25764 13.23221 11.42765 13.9654
10.04698 8.01527 10.26778 12.55432 9.71499 14.49279 11.07931 12.66781 11.43652 13.16953
10.15286 8.13535 10.49147 13.0681 10.16216 14.51027 11.06863 12.74987 11.55751 13.60041
10.58988 8.26834 10.80867 13.36323 10.22923 15.0097 11.47209 13.27996 11.81726 14.11226
11.18085 8.84492 11.42484 14.32433 10.80295 15.79957 12.29698 14.16499 12.85488 14.59016
12.13299 9.5713 12.39429 15.65074 11.8389 17.02312 12.97359 15.29526 14.0708 15.50881
13.38357 10.67862 13.56199 17.34503 13.24073 18.37361 14.21528 16.9212 15.94803 16.72277
14.91523 12.08097 15.07901 19.38926 15.06987 20.36723 15.92368 19.1007 18.18971 18.25659
16.8248 13.96275 16.87915 22.00915 17.28191 22.91048 17.8628 21.63849 21.434 20.19819
18.82508 16.22009 19.14941 24.95783 19.72931 25.89572 20.21446 24.77297 24.71764 22.46921
21.37339 18.78506 22.09943 28.49608 22.40706 29.3279 23.26114 28.23035 28.70712 25.25634
25.16343 21.69519 25.319 33.01083 29.87159 34.74934 26.58151 34.40816 33.10521 27.84749
33.71868 28.93599 33.1199 38.86186 29.9452 38.58918 34.97248 38.84865 39.66867 31.38636
33.7651 28.97726 33.16998 38.92018 29.98313 38.6487 35.02195 38.90906 39.73395 31.42659
33.81011 29.01764 33.21409 38.97568 30.02008 38.70334 35.07008 38.96364 39.7949 31.46522
33.85429 29.05786 33.25677 39.03047 30.05658 38.75712 35.11803 39.01815 39.85433 31.50358
