8.12877 7.99605 8.62503 7.55719 8.12635 9.76175 10.78368 10.77499 10.29263 7.40151
8.12877 7.99605 8.62503 7.55719 8.12635 9.76175 10.78368 10.77499 10.29263 7.40151
8.12877 7.99605 8.62503 7.55719 8.12635 9.76175 10.78368 10.77499 10.29263 7.40151
8.12877 7.99605 8.62503 7.55719 8.12635 9.76175 10.78368 10.77499 10.29263 7.40151
8.12877 7.99605 8.62503 7.55719 8.12635 9.76175 10.78368 10.77499 10.29263 7.40151
8.12877 7.99605 8.62503 7.55719 8.12635 9.76175 10.78368 10.77499 10.29263 7.40151
8.12877 7.99605 8.62503 7.55719 8.12635 9.76175 10.78368 10.77499 10.29263 7.40151
8.12877 7.99605 8.62503 7.55719 8.12635 9.76175 10.78368 10.77499 10.29263 7.40151
8.12877 7.99605 8.62503 7.55719 8.12635 9.76175 10.78368 10.77499 10.29263 7.40151
8.12877 7.99605 8.62503 7.55719 8.12635 9.76175 10.78368 10.77499 10.29263 7.40151
8.12877 7.99605 8.62503 7.55719 8.12635 9.76175 10.78368 10.77499 10.29263 7.40151
8.12877 7.99605 8.62503 7.55719 8.12635 9.76175 10.78368 10.77499 10.29263 7.40151
8.12877 7.99605 8.62503 7.55719 8.12635 9.76175 10.78368 10.77499 10.29263 7.40151
8.12877 7.99605 8.62503 7.55719 8.12635 9.76175 10.78368 10.77499 10.29263 7.40151
8.12877 7.99605 8.62503 7.55719 8.12635 9.76175 10.78368 10.77499 10.29263 7.40151
8.12877 7.99605 8.62503 7.55719 8.12635 9.76175 10.78368 10.77499 10.29263 7.40151
8.12877 7.99605 8.62503 7.55719 8.12635 9.76175 10.78368 10.77499 10.29263 7.40151
8.12877 7.99605 8.62503 7.55719 8.12635 9.76175 10.78368 10.77499 10.29263 7.40151
8.12877 7.99605 8.62503 7.55719 8.12635 9.76175 10.78368 10.77499 10.29263 7.40151
8.12877 7.99605 8.62503 7.55719 8.12635 9.76175 10.78368 10.77499 10.29263 7.40151
8.12877 7.99605 8.62503 7.55719 8.12635 9.76175 10.78368 10.77499 10.29263 7.40151
