14.64537 15.19901 12.96835 15.37213 12.54607 18.12911 15.47013 17.86041 20.16738 18.63469
14.76683 15.40045 13.05698 15.46336 12.60451 18.28 15.58266 17.97725 20.50442 18.74401
14.92007 15.64263 13.26047 15.66489 12.84452 18.47713 15.68519 18.1055 20.6562 18.85581
15.225 15.98629 13.52523 15.82047 13.04176 18.76713 15.88611 18.31426 20.81726 19.01101
15.71959 16.25409 13.78376 16.08555 13.35198 19.15168 16.01778 18.56243 20.98884 19.20231
15.99559 16.48757 14.20407 16.26659 13.81963 19.70394 16.26101 18.8721 21.49966 19.58608
15.79544 16.64133 14.26944 16.1823 13.90993 20.32502 16.25774 19.27573 22.11113 19.84189
15.40164 16.20136 13.71336 15.2734 13.79645 20.73257 15.76066 19.57776 23.14531 20.06659
15.50192 16.72281 13.98724 15.68885 14.06973 19.47488 15.88428 19.82002 22.48987 20.07101
16.25866 17.24111 14.47304 16.31718 14.40013 18.84525 16.5063 19.74217 23.16423 20.07966
17.3011 17.74392 15.15943 17.25949 15.38352 18.72595 17.05006 20.94915 23.83269 21.17203
17.85656 18.80208 15.93239 18.14492 16.17275 19.03155 18.06287 21.76637 24.45075 22.18193
18.7246 19.89261 16.46944 19.06054 17.0847 20.06105 19.28917 23.03907 25.23497 23.68738
20.04618 21.14978 17.50621 20.60264 18.1843 21.66163 20.3641 24.4968 26.75753 25.23994
21.48821 22.94679 18.83685 22.32852 19.7944 23.48547 21.44861 26.63628 29.57917 26.38172
23.74673 25.1145 20.52082 24.44159 21.90365 26.01639 23.97822 28.3502 31.47071 27.68291
26.34698 28.10111 22.43643 27.24709 24.51878 28.77243 31.79797 31.01194 34.39718 28.66364
29.28919 30.68594 24.91707 30.20268 27.18992 39.24383 33.01505 39.40054 42.05954 32.83825
34.75166 34.66926 32.07739 37.63466 32.21961 39.31481 33.07417 39.49252 42.13387 34.72835
34.80789 34.7283 32.12791 37.69251 32.26313 39.38408 33.13248 39.57471 42.20635 34.78403
34.85885 34.78127 32.1749 37.74299 32.30304 39.45245 33.18984 39.65587 42.27779 34.838
