11.78617 10.82029 12.38698 13.68111 11.36175 15.89712 14.19266 15.13117 13.87816 17.97279
11.83191 10.86153 12.45214 13.77722 11.47099 15.96066 14.23504 15.18721 13.92577 18.07762
12.00943 10.99042 12.56033 13.92588 11.76984 16.05685 14.30088 15.2972 13.99747 18.28256
12.15468 11.22604 12.64656 14.11932 12.1771 16.21547 14.40956 15.44165 14.15986 18.54347
12.45164 11.5585 12.79933 14.41966 12.64827 16.41406 14.53584 15.63377 14.39872 18.78999
12.92773 12.08376 13.02379 14.74552 13.14328 16.65485 14.74582 15.911 14.54016 19.04074
13.6903 12.88495 13.51463 14.98091 13.67231 16.94134 15.24492 16.25406 14.67456 19.43455
13.56981 13.35414 14.1845 14.29467 13.56784 17.19728 15.76552 16.76356 15.1733 19.86274
13.21588 13.02305 14.12276 14.26335 12.63356 16.61417 15.79728 16.44524 15.12292 20.1304
13.82945 13.37991 14.86278 14.9552 12.50498 17.24852 15.63628 16.5009 15.25155 19.31941
14.71259 14.05118 15.46724 15.6142 12.94815 17.65568 15.87173 16.51057 15.33995 19.38714
15.87493 15.05924 16.70008 16.80542 13.67982 18.67325 16.83128 17.81281 15.86456 20.00568
17.23227 16.02231 17.69562 17.84793 14.15312 19.49193 17.62803 18.46272 16.83319 20.66475
17.80116 17.30001 18.51703 18.7048 15.11235 20.76496 18.6604 19.61578 17.85903 21.40312
18.72822 18.26172 19.65796 19.79826 16.13965 21.72243 19.64183 20.49393 18.44486 22.16442
19.64383 19.47083 20.84838 21.0323 17.33612 22.05778 20.16917 21.31376 19.07299 23.30479
21.04966 20.71739 22.57997 22.76298 18.82037 22.77969 20.96847 22.4275 20.23529 24.34329
23.25258 22.55444 25.02924 24.78131 20.39572 23.95305 22.18552 23.8496 21.59969 25.43971
25.92754 24.56528 28.26867 27.44888 22.28235 25.44046 23.86921 25.82839 23.34987 26.91774
29.24798 26.88031 33.52228 33.0007 24.74718 41.12821 25.81347 28.14866 38.48104 28.37611
40.41939 37.11848 39.53852 39.91278 33.88238 41.21315 40.85524 42.12998 38.56984 40.71145
