11.16755 9.9801 11.4515 11.08588 10.66666 13.86284 13.59446 12.09371 14.03661 11.14981
11.31912 10.0567 11.52161 11.2101 10.72535 13.93984 13.60838 12.15971 14.15762 11.24544
11.56228 10.29526 11.66114 11.53286 10.8393 14.09719 13.71147 12.3146 14.34361 11.43848
11.77656 10.64811 11.88562 11.98345 11.00794 14.27762 13.83984 12.49081 14.50133 11.62682
12.08536 10.8942 12.25246 12.47358 11.19176 14.53446 14.05768 12.71116 14.7459 11.85725
12.62725 11.15002 12.67396 13.16714 11.29982 15.01562 14.25104 13.01954 15.05759 12.13598
13.30061 11.5633 13.22644 13.6859 11.87976 15.67597 14.60815 13.59638 15.43132 12.5218
14.00148 11.34866 13.34426 13.49839 11.07682 16.4749 15.21145 14.09485 15.62325 13.00927
13.44549 10.81895 12.91687 13.19293 10.66619 16.63765 14.68598 13.73413 15.62693 12.13269
13.59031 11.13039 12.73598 13.43624 10.84111 16.40674 15.05658 12.76645 15.16064 12.03906
13.97621 11.7842 12.92117 13.88007 11.31531 16.66262 15.07291 13.02712 15.17308 11.88421
15.15405 12.78436 13.98904 14.8925 12.04417 17.17332 15.98808 13.68427 15.6429 12.62806
16.21167 13.34059 14.41201 15.71434 12.51346 18.00722 16.52228 14.02847 16.25361 13.2773
17.54116 14.43067 15.12575 16.79404 13.30293 19.14301 17.17028 14.91317 17.15377 13.76458
18.77561 15.29946 15.89526 17.89474 13.9114 20.06826 17.90761 15.70727 17.97905 14.39106
20.21413 16.24722 16.86686 19.23282 14.76709 21.18518 18.4787 16.19388 18.94486 15.14113
22.04648 17.47829 18.07196 20.84458 15.74888 22.33152 18.83995 16.88424 20.22019 15.78328
23.9211 18.98009 19.52293 22.67217 17.1713 23.75779 19.71398 17.89038 21.58409 16.77476
26.29036 21.22689 21.3329 24.95164 19.20904 26.06663 20.83757 19.91779 23.57779 17.94295
29.47205 24.45324 24.77078 28.56044 22.31251 39.25522 27.18653 25.2778 37.29498 21.06847
40.18897 33.77666 31.87066 37.71626 30.71818 39.32649 35.13939 34.24338 37.36154 32.51554
