14.74669 11.78396 11.56001 12.04534 10.22355 14.02432 13.03323 14.42606 10.81965 15.0181
14.74669 11.78396 11.56001 12.04534 10.22355 14.02432 13.03323 14.42606 10.81965 15.0181
14.74669 11.78396 11.56001 12.04534 10.22355 14.02432 13.03323 14.42606 10.81965 15.0181
14.74669 11.78396 11.56001 12.04534 10.22355 14.02432 13.03323 14.42606 10.81965 15.0181
14.74669 11.78396 11.56001 12.04534 10.22355 14.02432 13.03323 14.42606 10.81965 15.0181
14.74669 11.78396 11.56001 12.04534 10.22355 14.02432 13.03323 14.42606 10.81965 15.0181
14.74669 11.78396 11.56001 12.04534 10.22355 14.02432 13.03323 14.42606 10.81965 15.0181
14.74669 11.78396 11.56001 12.04534 10.22355 14.02432 13.03323 14.42606 10.81965 15.0181
14.74669 11.78396 11.56001 12.04534 10.22355 14.02432 13.03323 14.42606 10.81965 15.0181
14.74669 11.78396 11.56001 12.04534 10.22355 14.02432 13.03323 14.42606 10.81965 15.0181
14.74669 11.78396 11.56001 12.04534 10.22355 14.02432 13.03323 14.42606 10.81965 15.0181
14.74669 11.78396 11.56001 12.04534 10.22355 14.02432 13.03323 14.42606 10.81965 15.0181
14.74669 11.78396 11.56001 12.04534 10.22355 14.02432 13.03323 14.42606 10.81965 15.0181
14.74669 11.78396 11.56001 12.04534 10.22355 14.02432 13.03323 14.42606 10.81965 15.0181
14.74669 11.78396 11.56001 12.04534 10.22355 14.02432 13.03323 14.42606 10.81965 15.0181
14.74669 11.78396 11.56001 12.04534 10.22355 14.02432 13.03323 14.42606 10.81965 15.0181
14.74669 11.78396 11.56001 12.04534 10.22355 14.02432 13.03323 14.42606 10.81965 15.0181
14.74669 11.78396 11.56001 12.04534 10.22355 14.02432 13.03323 14.42606 10.81965 15.0181
14.74669 11.78396 11.56001 12.04534 10.22355 14.02432 13.03323 14.42606 10.81965 15.0181
14.74669 11.78396 11.56001 12.04534 10.22355 14.02432 13.03323 14.42606 10.81965 15.0181
14.74669 11.78396 11.56001 12.04534 10.22355 14.02432 13.03323 14.42606 10.81965 15.0181
