16.02045 13.7807 12.00354 13.50798 12.2499 15.62927 13.6719 12.04636 13.84703 14.05269
16.06917 13.84028 12.07155 13.56803 12.39856 15.69775 13.73883 12.08847 13.88984 14.1148
16.15776 13.99388 12.23747 13.68026 12.65663 15.7959 13.91362 12.17011 13.97117 14.2781
16.2444 14.28073 12.5018 13.85524 12.9178 15.93142 14.08725 12.33317 14.08872 14.55912
16.38129 14.62931 12.84761 14.18622 13.22571 16.0885 14.31794 12.65078 14.2571 14.95721
16.71474 14.97532 13.34981 14.70879 13.46359 16.21465 14.66551 13.06528 14.48376 15.46291
17.31416 15.37766 14.02645 15.32632 13.98753 16.45562 15.12162 13.36773 14.8613 15.9486
17.72915 15.97167 13.94495 15.98809 14.11101 16.99165 15.54969 13.63002 15.02534 16.65277
16.80057 15.94411 13.83752 15.62432 13.55853 16.55425 15.96951 14.12071 14.87108 16.79767
17.20509 16.46302 14.36417 15.93199 12.9065 16.26313 15.72973 13.91034 14.74448 16.00506
18.0759 17.00911 15.23792 16.47127 12.91911 16.50286 15.84212 14.63921 15.30689 16.17002
19.07975 17.75902 16.76712 17.35663 13.62798 17.31316 16.24677 15.65009 16.30287 16.99195
20.06165 18.69465 18.21438 18.27107 14.20768 18.07842 16.65312 16.76708 17.11539 17.77648
20.87793 19.68855 18.97899 19.33022 14.88303 19.15263 17.62207 17.798 18.1904 18.65616
21.57656 20.73824 20.03273 20.40821 15.64523 19.9552 18.57766 19.05149 19.00916 19.78236
22.64455 22.0289 21.18 21.54303 16.69634 20.53193 19.40903 20.001 19.57195 20.96024
23.64958 23.54054 23.09582 23.04631 17.77501 21.40553 20.60044 21.22092 20.49091 22.08853
25.28773 25.20036 25.41705 24.92972 19.26183 22.57206 21.90424 22.87326 21.58967 23.47161
27.51825 26.95615 28.34448 27.37557 20.84332 24.08753 23.38063 25.08224 23.28215 25.19719
30.30104 29.49144 32.64511 30.41383 22.52087 38.42284 25.32992 27.19619 38.62933 27.34755
40.01823 38.64429 40.64498 39.5353 31.56051 38.49911 40.24505 42.83913 38.71301 40.22082
