10.39166 10.55273 9.87264 9.75437 7.44522 12.35105 13.32543 12.76238 13.06974 8.98501
10.47223 10.68271 9.98173 9.92599 7.57292 12.4541 13.40567 12.86958 13.13852 9.07201
10.56044 10.88842 10.16868 10.12255 7.77579 12.62647 13.55868 13.11561 13.2453 9.30175
10.877 11.10259 10.45546 10.34558 8.09727 12.84648 13.77149 13.40943 13.40813 9.5426
11.35047 11.49699 10.87417 10.71197 8.45487 13.06149 14.23618 13.78541 13.76322 9.91727
12.16799 12.07803 11.521 11.24366 8.88079 13.29352 14.89858 14.25544 14.29452 10.3025
11.68905 11.76306 11.66664 11.00296 9.02397 13.72025 15.49214 14.9983 14.42964 10.80318
11.43996 11.30493 11.40256 10.80077 8.53126 12.68391 15.51076 14.37271 13.76254 10.62332
11.70106 11.60356 11.62224 11.08128 8.50013 13.05368 15.30771 14.67746 13.82023 9.97266
11.94221 12.19732 11.76989 11.63434 8.65488 13.40668 15.55221 14.60022 13.81273 10.373
12.9104 12.84903 12.4336 12.59254 9.08309 14.34773 16.41684 15.45521 14.63316 11.21425
14.16664 13.83008 13.51976 13.54754 9.66521 15.21031 17.58221 16.5873 15.7863 12.07517
15.74717 15.03977 14.74256 14.74155 10.5852 16.46776 18.66335 17.9079 17.00784 13.04017
17.67446 16.68266 16.34158 16.21002 11.64133 18.48864 20.43293 19.93011 18.71436 14.58947
20.04219 18.65004 18.58912 18.09589 12.97084 20.61411 22.60238 22.64486 20.4131 16.08284
22.72756 27.98944 21.15456 20.24674 14.28267 32.29028 31.76371 32.57095 22.80264 27.83585
33.01 28.04824 30.39348 31.16006 22.60988 32.35415 31.82622 32.64828 33.55938 27.88654
33.06121 28.09314 30.44551 31.20657 22.6446 32.41801 31.88872 32.72461 33.63016 27.93711
33.10946 28.13686 30.49405 31.25277 22.67887 32.48181 31.95118 32.80081 33.70062 27.98769
33.15728 28.17985 30.54228 31.2988 22.71284 32.54512 32.01357 32.87652 33.76925 28.03792
33.20461 28.22241 30.59017 31.34475 22.74671 32.60827 32.07578 32.95204 33.83737 28.08739
