10.71181 10.42521 10.11946 11.30913 10.10322 15.18497 12.10964 14.33125 13.56835 9.60969
10.79075 10.52771 10.17705 11.42283 10.1989 15.29022 12.21417 14.42401 13.63894 9.73341
11.02744 10.70071 10.31442 11.60185 10.2821 15.42504 12.36139 14.54095 13.7732 9.87016
11.34153 10.98177 10.56089 11.76509 10.41486 15.63175 12.54502 14.68979 13.9522 10.02369
11.65207 11.22833 10.79394 12.00044 10.59508 15.87085 12.73162 14.94326 14.17784 10.2214
12.10089 11.41772 11.06832 12.41587 10.85173 16.24921 12.97947 15.33565 14.48522 10.42394
12.57877 11.81056 10.94445 12.80893 11.18809 16.65491 13.30272 15.79823 14.84774 10.80364
11.16577 11.17795 10.33275 12.51856 10.7883 17.13906 13.62234 16.5644 15.22474 11.24295
11.01355 11.64507 10.36708 12.75941 10.8031 17.31632 12.84578 16.37149 14.59472 10.61973
11.48396 12.06382 10.81249 13.36487 11.56914 16.84651 12.57693 16.53375 15.03455 10.49055
12.17369 12.69427 11.16379 13.94646 12.15918 16.99882 12.61058 16.99902 15.23945 10.6833
12.81222 13.72954 11.98599 14.95771 12.89866 17.80116 13.14623 18.22782 16.36795 11.42711
13.68617 14.53033 12.93314 16.05614 14.15232 18.87583 13.76223 19.45778 17.30144 12.08994
14.87319 15.81085 13.99561 17.58257 14.81248 20.2126 14.65867 20.82479 18.50562 13.07817
16.47839 17.27073 15.3974 19.42123 16.00777 21.77946 15.88424 22.71868 19.85955 14.11994
18.29035 18.82935 17.09852 21.39776 17.10868 23.51939 17.61161 24.73813 21.4286 15.31336
20.46549 20.5704 18.9452 23.63242 18.47362 25.39293 19.78397 26.60843 23.15548 16.64927
22.69914 23.02786 21.17387 25.85475 20.23339 27.45688 21.59253 29.00253 25.1952 18.11506
27.70406 27.34166 23.23469 28.54982 22.53048 29.46767 23.75561 31.81771 30.29728 19.5804
35.18581 31.48733 32.48582 37.19862 29.88573 39.59605 30.91803 39.35908 37.6762 31.60886
35.23991 31.53322 32.53906 37.25546 29.93056 39.65722 30.97373 39.43063 37.74218 31.65663
