13.09547 12.21103 12.08824 12.29455 11.70322 17.09697 15.1226 15.82426 14.8855 10.99743
13.2011 12.27927 12.14111 12.37591 11.77371 17.16876 15.19975 15.89052 14.94947 11.05723
13.41437 12.39812 12.22509 12.51336 11.8814 17.25095 15.30492 15.97218 15.04331 11.14867
13.71399 12.55395 12.36786 12.68189 12.03654 17.45994 15.47537 16.05341 15.16441 11.27078
14.10275 12.75306 12.56852 12.87654 12.24406 17.68481 15.7272 16.23835 15.32734 11.41971
14.58676 13.11881 12.96511 13.35819 12.52165 18.10874 16.01347 16.59359 15.68205 11.64738
15.61737 13.64967 13.21535 13.98587 13.00693 18.78031 16.37716 17.14247 15.95029 11.95344
14.7474 13.08171 12.42433 13.62704 12.1432 19.6912 17.10172 18.16864 16.23768 12.58793
14.51427 13.28187 12.59878 13.6871 12.40777 18.8854 16.07295 17.51487 15.73657 11.08487
15.2469 13.81141 13.1857 14.2227 12.72312 19.33506 16.32089 17.7286 16.1306 11.50378
16.32917 14.68545 13.98533 15.17336 13.6472 20.24334 17.23907 18.81207 16.93327 12.21104
17.28258 15.49251 14.87294 16.23017 14.5462 21.06787 17.94276 20.2326 17.77185 12.91424
18.50611 16.66539 15.94917 17.45982 15.61333 22.09898 19.14349 21.87254 19.07766 13.85551
19.43102 17.51461 16.96971 18.59302 16.39672 23.22292 20.0229 23.21296 19.99412 14.71201
20.52376 18.66179 17.97501 19.90316 16.87746 24.42658 20.93147 24.2584 20.68558 14.89651
21.96556 19.73465 19.1029 21.40736 17.93104 25.72111 22.21186 25.32178 21.57442 15.52092
23.67289 21.40794 20.85588 23.34939 18.9987 27.23586 24.26319 26.47851 22.58412 16.2626
25.72726 23.48376 22.93739 25.79456 20.70711 29.44553 25.5793 28.19594 23.86897 17.3552
31.87437 30.20665 25.66562 30.16165 23.32004 31.96215 26.86679 31.2959 25.56296 18.61611
42.41685 36.03095 37.0402 38.29215 30.84612 44.04725 38.30906 40.88361 38.75369 32.97582
42.49848 36.10229 37.12278 38.36831 30.91094 44.14386 38.39712 40.98282 38.84727 33.0466
