9.95384 9.08667 10.68681 9.48421 9.56616 11.34595 10.70939 10.05004 11.63686 8.72232
10.10578 9.14693 10.71742 9.55942 9.61754 11.46496 10.76445 10.13311 11.74372 8.79622
10.30539 9.31972 10.77868 9.76502 9.68483 11.6835 10.88489 10.2651 11.9748 8.95896
10.46614 9.60156 10.92645 10.13284 9.7813 11.90438 11.03224 10.4403 12.15186 9.15268
10.73999 9.80487 11.16658 10.53088 9.93044 12.23216 11.24045 10.75398 12.36431 9.41603
11.17598 10.06732 11.56019 11.17759 10.14736 12.79653 11.56658 11.13479 12.72683 9.75697
11.7785 10.28196 12.15561 11.66784 10.14762 13.59458 12.02708 11.44749 13.29044 10.51872
11.84306 9.50475 11.84543 11.05565 9.20674 13.41772 11.66019 11.40112 13.24688 10.2009
11.72009 9.768 11.5996 11.31983 9.73297 13.70754 12.02573 11.39668 13.44332 9.72444
12.41596 10.93526 12.33292 11.81182 10.54908 14.61844 12.80413 12.01942 13.83348 10.41324
13.4045 12.23236 13.09118 12.79978 11.33305 15.66871 14.09872 12.89438 14.53285 11.68622
14.54553 13.19686 13.7412 13.71817 11.91936 16.95257 14.94436 13.7636 15.67327 12.17812
15.67581 13.72516 14.2116 14.5832 12.49247 18.01845 15.74155 14.52395 16.76798 12.93106
16.8679 14.33941 14.94856 15.55684 12.93085 19.33783 16.37013 15.21301 17.70712 13.38116
18.10587 14.84914 15.69318 16.76802 13.67159 20.70053 17.21696 16.12665 19.00579 13.88842
19.52696 15.64291 16.69591 18.11997 14.42121 22.11102 18.27956 17.25526 20.52939 14.75952
21.38215 16.83406 18.1128 19.86654 15.5655 24.07898 19.87201 18.72975 22.27811 15.97355
23.6961 18.51644 19.82797 21.79947 17.33972 26.33027 21.70142 20.75715 24.43755 17.47661
26.56661 21.4461 23.9298 24.72439 19.92473 30.97975 27.01779 24.53284 28.33851 19.54325
38.34136 32.23548 30.49943 35.8809 29.23972 38.25494 32.894 33.15397 36.90946 29.70363
38.42452 32.29189 30.56821 35.95441 29.28983 38.33951 32.95078 33.22775 36.98468 29.76959
