16.91286 12.73001 12.797 13.00521 12.18809 18.36782 14.00741 13.10183 15.34611 12.24381
17.00549 12.88891 12.93304 13.16224 12.36283 18.47059 14.15001 13.1699 15.404 12.3782
17.19563 13.16744 13.26145 13.40426 12.3975 18.62136 14.39061 13.32719 15.52465 12.62772
17.49225 13.39707 13.62129 13.723 12.4245 18.79248 14.70217 13.49863 15.74015 12.85936
17.94487 13.69618 14.10926 14.11757 12.42801 18.94498 15.05414 13.68397 15.58073 13.14244
18.65689 13.94205 14.53371 14.5678 12.38668 19.25273 15.49115 13.853 15.74156 13.48723
18.5309 13.80505 14.50812 14.45254 12.48579 19.61444 15.77009 13.95584 16.17891 13.51117
18.33327 13.80765 13.93613 14.22984 12.18099 19.76961 16.29391 14.08132 16.64682 13.71514
19.10289 14.09045 14.39329 14.98276 12.70905 19.8965 15.58242 13.95832 16.48957 12.8955
19.72772 14.51764 14.8515 15.40097 12.89632 20.35572 15.71912 14.3244 16.90055 12.59677
20.55445 15.04816 16.05986 16.15821 13.57406 21.01132 15.67308 15.15546 17.36244 12.95383
21.30573 15.56296 17.0936 17.07844 14.40386 21.94535 16.04865 16.21832 18.63741 13.24756
22.27547 16.2808 18.17822 17.8789 15.16545 22.88136 16.80091 17.07932 18.80612 14.09748
23.70749 17.31297 19.71441 19.14945 16.27968 24.30163 17.98177 18.4045 20.23219 15.00021
25.43311 18.73996 21.44057 20.72597 17.6001 26.10501 19.38665 19.99452 21.81899 16.37149
27.35443 20.2552 23.44631 22.64455 19.03989 27.55253 21.30855 21.52521 23.82674 17.95422
29.4662 21.87292 25.7408 24.71736 20.9969 29.50588 23.36094 23.21303 26.09835 19.59216
31.80172 23.89854 28.26159 26.87424 23.39793 31.69003 25.70304 24.98169 28.05419 21.30817
36.53769 26.2421 31.72236 29.40799 26.72242 35.22122 27.96499 27.96082 40.2352 23.30306
40.83443 32.97423 36.71375 33.46098 32.47979 44.05143 39.55928 39.80983 40.32256 33.7887
40.9037 33.01933 41.96803 38.56615 32.53217 44.12365 39.62642 39.88524 40.40429 33.84855
