11.0721 9.01161 11.01421 11.14101 9.52982 14.12523 12.9758 13.55812 11.91975 17.44242
11.22195 9.07796 11.05258 11.28411 9.73451 14.17024 13.01691 13.66928 11.99894 17.53807
11.41681 9.23818 11.15827 11.4483 10.08565 14.23412 13.0785 13.76013 12.14326 17.75552
11.59582 9.57503 11.28631 11.67975 10.46278 14.24496 13.19824 13.81761 12.42194 17.96184
11.91902 10.08737 11.54264 11.88942 10.65859 14.32734 13.32075 14.09032 12.46844 18.32353
12.20925 10.70958 12.10324 11.39007 11.04604 14.4701 13.59657 14.39366 12.62384 18.76713
11.48124 10.40403 12.23236 11.07503 9.938 14.44645 13.96968 14.53117 12.81882 19.39523
12.05869 10.53486 12.45909 11.53667 9.84302 13.3325 13.7957 14.34431 12.59682 18.89625
12.87268 11.39962 13.32735 12.26152 10.19868 13.2548 14.48452 14.26233 12.60861 18.81954
13.85375 12.58726 14.31929 13.21811 10.84425 14.18498 15.6665 15.27084 13.45522 19.48318
15.39416 14.01317 15.87603 14.78795 11.42219 15.59481 17.04986 16.79893 14.89614 20.7472
16.95827 15.58905 17.55134 16.55516 12.63501 17.16207 18.93228 18.60056 16.3079 22.25565
19.23735 17.74292 19.79264 18.68351 14.1506 18.72553 20.94576 20.48504 18.08576 24.24652
21.50591 20.232 22.07416 21.13351 16.10022 20.94387 23.60164 23.27614 20.10152 26.53895
24.17956 22.79414 24.57579 23.73255 18.17642 23.45744 26.19718 25.80906 22.44545 28.91587
26.52858 25.11809 26.72763 26.06678 19.97214 25.48712 28.31689 28.04837 24.39216 30.82754
29.65297 27.44497 29.70157 28.85616 21.70957 27.69669 30.7774 30.36414 26.63969 33.44816
33.21495 29.74983 33.16765 32.43972 23.54354 30.02744 33.72514 32.99526 29.13705 35.27243
37.90729 39.98671 37.61416 37.29404 32.97032 40.66459 42.57017 44.41462 31.61566 41.96591
42.67484 40.09248 41.54728 42.25617 33.03596 42.72927 42.65553 44.49408 42.66747 42.02987
42.73783 40.14983 41.61061 42.31517 33.07601 42.81272 42.73812 44.57384 42.75169 42.09327
