10.23283 8.34042 10.55059 10.59356 9.04322 13.98573 12.55814 13.33434 10.98338 16.70906
10.34602 8.3902 10.62532 10.69036 9.15047 14.02646 12.63861 13.41647 11.04808 16.80509
10.48409 8.50406 10.73782 10.85674 9.36538 14.05316 12.78902 13.4793 11.18295 16.98101
10.64308 8.70638 10.84154 11.13884 9.71537 14.05325 12.95607 13.47068 11.40915 17.24473
11.04023 9.09538 11.0673 11.48212 10.1375 14.14753 13.14978 13.65693 11.65742 17.46492
11.70987 9.77927 11.32042 11.93907 10.67118 14.27358 13.30103 13.87595 11.94497 17.73887
12.62513 10.82519 12.37214 11.73705 11.05768 14.42661 13.81347 14.24758 12.06988 18.31959
11.83618 9.84865 12.38776 11.52031 9.8843 14.21042 14.59411 14.34789 12.20156 19.04641
13.15015 10.8517 13.13018 12.52964 10.19375 13.9498 14.3719 14.59507 12.42693 17.88262
14.19108 11.87902 13.87658 13.39305 10.66118 15.26149 15.37024 15.14204 13.31364 18.11995
15.06525 13.0256 15.03968 14.21795 11.22193 16.11959 15.97024 16.2207 14.18464 18.95239
15.6695 13.922 16.03411 14.98101 11.72959 16.26078 16.4211 16.65464 14.84969 19.75053
16.96801 14.97017 17.37877 16.00983 12.48908 16.65808 17.4059 17.74183 15.42549 20.73479
18.00295 16.03174 18.82766 17.14228 13.40139 17.40524 18.62662 18.76898 16.3612 21.74514
18.80711 16.90488 20.07027 18.59597 14.31174 18.45465 19.86158 19.80118 17.16227 22.97993
20.33834 18.34887 21.24053 20.2826 15.45579 19.45761 21.33545 20.77823 18.1883 24.07081
21.78658 20.15937 23.0053 22.2803 16.95995 20.59104 22.90795 21.95835 19.24684 25.43655
23.9276 22.47113 25.26027 24.7117 18.79466 22.34016 24.80918 23.78474 20.97255 27.36452
27.30501 25.114 28.89324 27.55035 20.84414 24.52266 27.19302 26.31594 22.97181 29.5473
43.81291 39.9424 41.21814 32.07377 23.2892 44.28642 44.32465 30.63229 41.71886 43.41796
43.94714 40.04881 41.32708 43.58338 35.01234 44.4099 44.45773 46.28828 41.84625 43.51667
