15.03831 14.73111 12.65623 14.13514 12.7985 19.50059 14.5415 19.75324 20.34722 17.53758
15.11151 14.90332 12.77017 14.22005 12.85779 19.69133 14.67949 19.83307 20.4202 17.62338
15.27034 15.15819 12.99746 14.37575 12.96653 19.93619 14.86359 20.00825 20.51509 17.73936
15.54915 15.4932 13.31458 14.46832 13.19516 20.19113 14.96623 20.23548 20.75558 17.88341
15.97724 15.80196 13.66227 14.65899 13.5139 20.55984 15.09105 20.49053 21.00771 18.04144
16.53347 16.24585 14.1242 15.01748 13.99787 21.15764 15.42395 20.91357 21.43691 18.2331
16.44579 16.25952 13.40798 14.73506 13.97882 22.01284 15.71149 21.39044 21.88912 18.48892
15.54106 15.80089 12.76668 13.76859 14.14836 22.00961 15.17198 21.9435 21.73397 18.81907
15.58241 15.91011 12.88361 14.03915 14.55519 21.86605 14.32797 22.28466 21.51738 18.36007
15.89383 16.35007 12.98637 14.46653 14.80128 22.08515 14.66476 22.66075 21.96365 17.95702
16.56429 17.14819 13.44647 15.30896 15.52313 22.99479 14.86787 23.5995 22.67699 18.65301
17.1682 18.08661 14.12256 15.88714 16.00502 24.1123 15.59854 24.74468 23.33308 18.96417
18.29222 18.97662 14.84672 16.60496 16.89963 25.52125 16.25364 26.09011 24.33894 19.52139
19.54905 20.32078 15.80266 17.84433 18.01922 27.19184 17.03905 27.6936 26.04492 20.65097
21.16795 21.95842 17.18641 19.48055 19.46454 29.0777 17.99161 29.77121 27.62789 22.12491
23.11959 23.82246 18.85211 21.26663 21.29837 31.24509 19.78876 32.54345 29.93831 23.89581
25.43647 26.20354 20.82256 23.66723 23.53526 33.62006 21.90113 35.51733 32.00968 24.99657
28.5152 29.33708 22.93517 26.42223 25.79812 36.02103 28.15221 39.69351 34.41757 26.32005
31.78877 31.91607 25.15169 29.25108 30.41683 45.27531 32.43906 45.64367 36.93246 29.78195
36.64104 36.14642 32.62099 35.48073 33.39197 45.36516 32.4974 45.75507 44.25112 34.29155
36.71431 36.22984 32.7047 37.24186 33.44886 45.45084 32.55448 45.84204 44.32625 34.35093
