11.51415 8.37983 11.66315 12.69618 9.94139 17.45571 13.88293 15.08615 14.14388 16.50576
11.64773 8.45658 11.78831 12.79668 10.02875 17.56371 13.9889 15.22942 14.26845 16.6688
11.84426 8.62097 12.00289 13.1325 10.18043 17.69649 14.17963 15.53162 14.42658 16.94632
12.26431 8.9257 12.34387 13.55541 10.44558 17.86521 14.4376 15.7368 14.5593 17.21505
12.78499 9.32536 12.87573 14.03767 10.75775 17.99916 14.82112 16.15254 14.67314 17.51484
13.37727 9.79622 13.84001 14.73615 11.2071 18.08845 15.14361 16.59736 14.97787 17.72945
14.08147 9.27305 14.40954 14.31864 11.05289 18.65904 15.65505 17.22289 15.38001 17.81626
14.01829 9.18442 14.72776 14.29951 11.09413 18.7528 16.22158 16.83823 15.26525 17.59646
14.8668 9.24778 14.96668 14.7015 11.40055 18.71792 16.23276 16.5857 14.84323 17.67383
15.55688 9.4732 15.79374 15.41082 11.68864 19.52251 16.56081 17.05663 15.38061 17.53305
16.91715 10.24007 16.89482 16.64775 12.41522 20.18081 17.63515 17.60162 16.31993 18.26232
18.57176 11.24634 18.62534 18.32637 13.44002 21.71783 19.5112 19.0661 17.69294 19.14335
20.56132 12.64105 20.64718 20.29003 14.88162 23.46336 21.30082 20.88542 19.7055 20.29708
22.97745 14.33367 23.15621 22.8259 16.85957 25.65643 23.6831 23.19904 22.08663 21.82753
25.79386 16.30498 25.92462 25.78638 19.34596 28.26837 26.42147 25.79382 24.84765 23.86006
28.74675 18.89463 29.42574 29.2248 21.91056 31.59485 29.57708 28.69517 28.10596 25.75663
37.06223 29.32214 33.77547 33.07435 31.57499 43.33161 41.20042 32.89776 31.34747 32.56631
40.75592 29.37681 38.79593 42.48215 31.64634 43.42849 41.2881 42.40101 42.32489 32.62954
40.82118 29.42739 38.86269 42.54858 31.69271 43.52141 41.37642 42.48982 42.41817 32.69268
40.88569 29.47706 38.92831 42.61366 31.73833 43.6135 41.4646 42.57845 42.51125 32.7551
40.95009 29.52664 38.99316 42.67852 31.78354 43.70548 41.55214 42.66706 42.60358 32.81678
