14.86487 14.19108 14.0647 11.56498 11.8751 15.32842 12.47663 14.70369 18.30672 14.30509
14.94677 14.28032 14.16657 11.65293 11.99373 15.40548 12.54217 14.8304 18.38381 14.39425
15.11369 14.49713 14.36154 11.84104 12.15209 15.53143 12.77199 15.06664 18.55422 14.57713
15.33531 14.72433 14.59119 12.13534 12.35276 15.76067 13.034 15.3402 18.77486 14.84901
15.68057 15.01705 15.01085 12.4856 12.61695 16.02822 13.36953 15.63196 19.05828 15.12666
16.38133 15.36415 15.55848 13.00355 12.73501 16.54721 13.81804 15.86637 19.57665 15.59348
17.30315 15.86866 16.26282 13.84059 13.26778 17.28414 14.26572 16.342 20.37643 16.10954
17.10543 15.66734 16.70982 12.61086 12.97654 18.5247 14.04894 16.90527 21.45892 16.72234
17.24698 15.92369 16.7115 12.56392 13.06357 17.31923 14.08581 15.82781 20.51619 15.22355
17.41243 16.62822 17.11731 12.95747 13.31675 17.87098 13.83387 15.55256 20.74302 15.27242
18.49758 17.30814 18.14466 13.44251 13.80153 18.22252 14.56675 16.33462 21.47539 15.54512
19.57651 18.36432 19.06533 14.38353 14.70585 19.32684 15.43399 17.18249 22.59173 16.20435
21.23194 19.77907 20.59329 15.34062 15.97617 20.47479 16.12891 18.09999 23.79591 17.16241
22.80187 21.38948 22.32244 16.60997 17.13888 21.80858 17.10345 19.5504 25.40284 18.23552
24.61895 23.39903 24.37284 18.14205 18.74007 23.72933 18.67464 20.91358 26.81685 19.46339
26.78696 26.62216 26.88625 19.90414 20.63878 25.74218 22.42493 22.99371 28.80381 21.09201
29.81754 30.93368 30.52524 22.26276 23.02878 39.04526 32.06429 36.75023 31.793 32.40466
37.535 34.2014 37.2183 34.24178 31.05481 39.13887 32.14375 36.83436 40.17359 32.47669
37.59891 34.25472 37.28154 34.30046 31.10445 39.2314 32.22321 36.91832 40.26392 32.54369
37.6627 34.31019 37.34747 34.35834 31.15383 39.32354 32.30233 37.00176 40.35448 32.61261
37.72617 34.3675 37.41392 34.41604 31.20292 39.41567 32.38083 37.08485 40.44475 32.68057
