14.63009 14.21683 14.18921 11.49853 11.68643 15.86207 12.64982 14.26811 18.2073 13.99516
14.70884 14.2975 14.24895 11.58151 11.78559 15.94629 12.75792 14.35958 18.30968 14.08753
14.855 14.48252 14.38379 11.74959 11.91085 16.09082 12.93925 14.59078 18.44962 14.27392
15.03961 14.79221 14.62817 11.99469 12.11218 16.28237 13.21985 14.8104 18.60718 14.4961
15.39439 15.02904 14.99376 12.3162 12.25493 16.70325 13.52888 15.08136 18.94982 14.79914
15.91026 15.42754 15.445 12.83608 12.54388 17.13509 13.94704 15.40526 19.58684 15.19592
16.70412 16.05289 16.28063 13.40366 13.0045 17.7682 14.4711 15.91603 20.31409 15.79577
16.98073 15.8282 16.79661 12.97049 12.631 18.99942 14.28018 16.60389 21.26854 16.27538
16.68315 16.20109 16.79882 12.35297 12.76505 18.24588 14.00852 15.76182 21.0347 15.0369
17.04469 17.05632 17.11287 12.50061 13.09373 18.34708 14.01796 15.62483 20.59966 15.05829
17.95689 17.62787 18.00778 13.26473 13.6354 18.88863 14.79951 15.97712 21.16487 15.30274
19.00778 18.53376 18.90955 14.20346 14.45994 19.81209 15.67605 16.63667 22.25398 16.06418
20.246 19.92956 20.26373 15.09792 15.53171 20.93178 16.35706 17.6529 23.40329 16.86985
21.51113 21.58688 21.94224 16.30493 16.79355 22.26278 17.33907 18.92637 24.95231 17.90436
23.11143 23.73448 23.87506 17.72481 18.43183 23.87924 18.82095 20.57766 26.42549 19.03056
25.08546 27.89524 26.76672 19.59343 20.40807 25.79978 20.62103 22.5562 28.25306 20.60313
27.6501 30.81759 30.89961 22.01311 22.81203 32.67035 33.52713 36.16638 30.69357 31.97593
36.97987 33.90332 37.78682 33.86196 30.75221 40.73708 33.60445 36.24726 41.51084 32.04243
37.04025 33.95631 37.85255 33.91776 30.80119 40.82601 33.68171 36.32757 41.59938 32.10953
37.10013 34.0125 37.91844 33.97273 30.85057 40.91431 33.75881 36.40991 41.68484 32.1771
37.15957 34.072 37.98382 34.02746 30.89959 41.00226 33.8355 36.49137 41.77265 32.24467
