16.2053 12.61976 12.89321 13.43207 11.00026 16.11592 14.28315 16.50934 12.16844 16.44488
16.30808 12.76553 13.01221 13.50594 11.08649 16.19319 14.36698 16.56314 12.2681 16.50656
16.53487 12.99412 13.16414 13.70562 11.24659 16.32489 14.44528 16.62408 12.39963 16.62492
16.9685 13.20635 13.32706 13.95434 11.43324 16.56347 14.58147 16.74795 12.55393 16.82153
17.4785 13.37826 13.55486 14.25317 11.56617 16.87122 14.72254 16.94009 12.75672 17.1168
18.13024 13.45739 13.9186 14.6273 11.8552 17.31974 14.94441 17.17127 13.0157 17.52344
18.8319 13.5275 14.43647 15.14322 12.01681 17.76321 15.25261 17.35925 13.27469 18.11355
18.40147 12.72978 14.1274 14.65809 11.07742 17.86791 15.70707 17.47466 13.64009 19.10431
19.11158 12.55841 14.69131 14.63722 11.0558 17.45472 16.14489 17.7406 12.4291 19.63619
19.94346 13.06317 15.09582 15.66033 11.81127 16.41592 16.10781 17.56503 12.4546 19.60306
20.75768 13.52084 16.01187 16.73821 12.28187 16.33621 16.50476 18.23622 13.27407 19.46762
22.01558 14.25645 17.30465 17.6075 12.81492 16.6146 17.58063 19.07191 13.96373 20.17108
23.45878 15.23879 18.50456 18.67752 13.42737 17.10697 18.99622 20.45527 14.89166 21.36161
25.00433 16.3053 19.93019 20.04802 14.34129 18.36656 20.69437 22.1613 16.29061 22.74011
26.74527 17.80316 21.48841 21.72153 15.36011 20.03201 22.41039 23.54934 17.91726 24.53769
28.58152 19.57484 23.35806 23.7974 16.88998 21.84069 24.21232 25.30679 19.85498 26.3931
30.92233 21.63706 25.76638 25.99803 18.49046 24.01997 26.16544 27.17105 22.20736 28.58667
33.68165 24.01323 28.9781 28.82991 20.21803 26.29279 28.58682 29.18761 24.89346 30.94425
37.59614 27.03116 35.32731 33.39937 22.47661 29.48961 32.19087 31.52728 27.63212 37.97273
40.5353 33.73246 38.73143 40.45294 30.17659 41.08316 38.27473 38.94722 42.34355 40.75911
40.59213 33.78516 38.79304 40.54375 30.2249 41.1551 38.34666 39.02709 42.4319 40.82122
