15.00271 11.90215 11.73687 12.32731 10.0315 14.36458 13.54605 15.25759 11.22932 15.1329
15.09528 12.03655 11.86004 12.3592 10.11466 14.49145 13.581 15.33863 11.28773 15.17819
15.22571 12.26616 12.05458 12.48699 10.31534 14.63261 13.62057 15.47924 11.38893 15.26998
15.45773 12.47629 12.33236 12.71198 10.61609 14.84685 13.68151 15.62938 11.52955 15.43039
15.73568 12.62596 12.73844 13.0891 10.94838 15.13166 13.82083 15.76279 11.64774 15.67175
16.0683 12.92186 13.11442 13.48821 11.26831 15.36652 13.97976 15.94147 11.75652 16.09818
16.22524 12.68552 12.93569 13.68313 10.85956 15.79105 14.27632 16.16473 12.07431 16.89246
16.04387 12.38451 13.06148 13.07296 9.99789 16.10695 14.44846 16.58852 12.19728 17.26081
16.69524 12.56572 13.60163 13.75518 9.93538 14.59325 14.20543 16.20686 11.48732 17.11272
17.42324 13.20882 14.36856 14.5034 10.35871 14.30399 14.40966 16.70867 11.35243 17.49479
18.76711 13.85046 15.58491 15.75274 10.76081 14.71859 15.1882 17.53828 12.21817 18.4207
19.69381 14.78352 16.64816 16.88935 11.40411 15.34652 15.80541 18.41004 13.28938 19.37992
20.61751 16.02481 17.59397 18.227 12.26115 16.71613 17.07355 19.83871 14.85363 20.59201
22.1197 17.56692 19.14908 19.88848 13.29422 18.35335 18.40977 21.4474 16.43496 22.15382
24.0986 19.41427 21.15434 21.82526 14.6285 20.14378 20.09505 23.40632 18.29891 23.94847
26.0333 21.34653 23.40233 23.96015 16.05572 22.1862 22.12677 25.57399 20.45622 26.10243
28.66915 23.61906 26.1645 26.78667 17.86324 24.74314 24.21195 27.69426 22.98412 28.27566
31.77065 26.32992 29.80692 30.33653 19.74347 27.33531 26.41001 30.03011 25.71598 30.52854
35.65041 29.70123 35.11949 35.24496 21.8647 29.56658 29.96659 32.79043 28.32782 33.60766
42.57968 35.99998 40.78841 41.50233 31.16308 44.21433 40.77502 39.92086 43.62108 41.7927
42.6562 36.06019 40.88149 41.61638 31.21585 44.29233 40.8549 40.00775 43.72443 41.85938
