12.48068 12.49162 11.56863 10.45025 9.56529 15.05169 12.29937 15.05543 16.3971 13.10094
12.56747 12.56791 11.66527 10.57613 9.6699 15.13238 12.41175 15.14677 16.47296 13.30507
12.71894 12.74205 11.81211 10.76932 9.90615 15.28157 12.6595 15.3179 16.62315 13.53085
12.94682 13.03511 12.03021 11.0008 10.21379 15.50639 12.93993 15.49271 16.84716 13.82559
13.28306 13.45459 12.5473 11.39596 10.50009 15.75278 12.99434 15.68343 17.06331 14.18679
14.03705 14.23452 13.46193 12.00568 10.96284 16.12557 13.52962 15.98746 17.37979 14.62842
15.47856 15.15296 14.78351 12.68455 11.16335 16.93568 14.19542 16.3884 18.05799 15.32154
15.00891 14.65776 14.54216 11.53034 10.12438 17.83624 14.68223 17.35625 18.93502 15.02963
15.33632 14.89701 15.18744 12.17643 10.50361 17.25083 14.05612 16.80946 18.27737 14.12478
16.29984 15.41143 15.70704 12.93522 10.86057 17.55397 14.65643 17.20068 18.65353 14.21642
17.35012 16.47296 17.09387 13.99067 11.53749 19.33836 15.15315 18.51998 19.36943 14.64499
18.61806 17.5023 18.27581 15.22627 12.37383 20.46388 15.82131 19.79981 20.51809 15.52771
20.12665 18.83049 19.9286 16.59664 13.34049 21.39621 17.03248 21.03134 21.64503 16.52535
21.78119 20.40663 21.70527 17.92578 14.49121 22.6247 18.17695 22.42763 22.66021 17.61327
23.44135 22.25491 23.64899 19.65799 15.79111 23.75211 19.65875 24.09878 24.0391 18.79021
25.38787 24.55857 25.77422 21.73814 17.2718 25.35077 21.51034 25.92962 25.75888 20.29401
28.09892 27.44257 28.56023 24.41917 19.25424 27.02169 23.73297 28.18691 27.97382 21.99742
31.81935 30.77758 32.26029 27.8849 21.80049 35.37826 39.57779 33.31457 30.55765 29.00203
43.41819 41.25175 42.94033 40.04002 32.02014 46.49524 39.68088 44.18767 43.28083 33.36526
43.51121 41.34037 43.03056 40.1237 32.07967 46.62472 39.78143 44.31898 43.39809 33.45104
43.5988 41.4251 43.12003 40.20471 32.13807 46.75308 39.88273 44.4499 43.51538 33.53576
