14.48856 14.41276 13.31302 11.64523 13.03606 15.24262 12.78236 15.32783 16.25224 16.11502
14.54412 14.48603 13.38505 11.69142 13.08659 15.29864 12.86888 15.36237 16.32392 16.4561
14.67432 14.58206 13.47864 11.80153 13.1555 15.37659 12.97482 15.39259 16.4325 16.53448
14.89752 14.74292 13.67048 11.94485 13.28981 15.48105 13.08697 15.38778 16.61344 16.61016
15.18881 14.96857 13.94614 12.16968 13.53317 15.60393 13.25716 15.45984 16.8367 16.71124
15.45788 15.09588 14.22774 12.64001 14.09605 15.84979 13.50274 15.68957 17.25821 16.90345
15.15666 15.63015 14.52648 13.35653 14.47293 16.30194 13.74162 16.10898 17.84694 17.44943
14.55069 15.77133 13.94174 12.43222 14.13713 17.32753 13.94879 16.3116 18.15474 17.99231
14.7893 16.1196 14.42423 12.75613 14.52146 15.69956 13.60126 16.0688 17.7636 17.55975
15.12583 16.72313 15.4811 13.94155 15.54034 16.00385 14.09381 16.73532 18.28795 17.72231
16.48976 17.6939 16.51429 14.85317 16.70712 17.58735 14.85141 17.20757 19.58842 18.96455
16.92973 18.68706 17.29546 15.63014 17.89851 19.06327 15.47011 18.04613 20.42463 20.40815
17.86775 19.84642 17.94686 16.81758 19.14432 19.64158 16.61505 18.66729 21.42404 21.25413
18.68192 21.06891 18.88564 17.21854 20.18338 20.23942 17.54776 19.32061 21.99896 22.05761
19.42683 22.48985 19.44903 17.64032 21.3688 20.62883 18.33643 20.18469 22.64915 23.00294
20.39157 23.91058 20.59512 18.41982 22.51666 21.45865 19.24489 21.02184 23.09208 24.49381
21.64649 25.3466 22.09177 19.55705 23.99192 22.21267 20.15847 22.72207 24.654 26.0116
23.34066 27.66462 24.57917 21.23236 26.18952 23.73204 21.41484 24.9358 27.02659 29.12844
25.80966 31.93875 29.76196 23.68177 33.85291 31.65982 31.06437 32.61998 30.60822 30.97229
33.09697 34.31557 33.60282 36.49759 33.95385 34.13365 31.13348 36.98908 37.47841 34.17729
33.15662 34.37104 33.66958 36.5665 34.01661 34.21334 31.20235 37.06888 37.56679 34.24604
