13.78741 12.0047 11.50402 11.83466 10.2004 15.87714 12.27805 16.44982 16.95758 14.40865
13.88236 12.11083 11.61193 11.97745 10.33086 15.9595 12.41382 16.58907 17.01685 14.54206
14.06078 12.26891 11.77402 12.19735 10.55107 16.08663 12.66629 16.71675 17.11959 14.75856
14.37747 12.60292 12.12917 12.43977 10.76844 16.307 12.92579 16.81903 17.29593 15.0038
14.8268 12.97238 12.7146 12.77156 11.02164 16.52698 13.17111 16.94414 17.48823 15.27907
15.44145 13.45577 13.3929 13.05172 11.2818 16.83221 13.21442 17.0646 17.7801 15.56044
16.25696 13.88425 14.21318 13.66085 11.28868 17.30425 13.51841 17.28259 18.17874 15.98578
15.86073 13.44046 13.38888 13.0182 10.85988 17.99204 13.69957 17.61458 18.95255 15.93319
15.82141 13.62628 13.73588 13.47498 11.18995 18.02792 12.9723 17.70678 18.6921 15.32597
16.576 13.93 14.22509 14.40605 11.54905 18.18295 13.31418 17.71173 18.70531 15.54486
17.6034 14.70579 14.88242 15.08394 12.0516 18.87843 13.64684 18.54675 19.6474 15.94627
19.00363 15.7343 15.96668 16.28124 12.67261 20.48552 13.63541 19.8198 20.50849 16.26089
20.41164 16.86422 17.13556 17.10724 13.56433 22.29141 14.59667 21.18559 21.57051 16.86814
22.15581 18.16251 18.5385 18.38429 14.81314 23.66698 15.5904 22.80535 22.87188 17.80838
24.26709 19.96965 20.32008 19.95514 16.29243 25.50638 16.65403 24.46275 24.41144 19.35929
26.61275 21.91868 22.29098 21.79344 17.80537 27.53498 18.53236 26.92614 26.45562 21.11229
29.1036 23.93872 24.61996 23.79434 19.60939 29.61539 20.80304 29.3718 28.44174 23.01644
32.10681 26.05442 27.34476 26.41624 21.65511 31.4618 24.22486 31.99528 31.01356 24.29562
36.07081 28.69457 31.31632 29.65968 24.45773 33.86238 33.47034 42.58685 42.01058 25.54523
43.12152 34.92077 38.72917 37.263 32.2186 45.62467 34.7906 42.81211 42.08351 34.05256
43.19972 34.98179 38.79627 41.18377 32.27179 45.70685 34.85179 42.9004 42.15598 34.10815
