14.81624 11.26814 10.95237 11.96539 10.65605 16.29111 12.39224 10.97038 12.99529 10.98832
14.8806 11.39492 11.08311 12.05526 10.62519 16.37985 12.45754 11.03918 13.14914 11.1685
15.03491 11.60862 11.46927 12.25142 10.61553 16.54653 12.68543 11.13208 13.31204 11.48277
15.32888 11.83993 11.88751 12.57617 10.78802 16.70651 13.05393 11.29328 13.52718 11.85625
15.90953 12.20428 12.30874 12.90245 10.9248 16.85189 13.43809 11.39257 13.90836 12.15967
16.49872 12.16238 12.74825 13.61511 10.92708 16.9997 13.76759 11.55805 13.90835 12.60897
16.03539 12.16053 12.44503 13.9287 10.80663 17.22837 14.16728 11.82232 14.18378 12.75629
16.12616 11.85967 11.7704 13.61765 10.23116 17.48065 14.8433 11.42556 14.70738 12.60565
16.80778 11.969 12.76358 14.34142 10.76522 17.2276 13.92706 11.76813 14.36706 12.13875
17.61838 12.50683 13.47126 14.96378 11.1191 17.52568 13.98524 12.14444 14.72266 11.86063
18.46643 13.37522 14.41834 15.83376 11.68562 18.04968 14.46492 12.88394 15.38325 12.73966
19.32374 14.27776 15.45792 16.89583 12.46859 19.14483 15.24565 13.86652 16.20228 13.04173
20.37289 14.99893 16.79873 17.84964 13.12539 20.15535 16.40213 14.77567 17.10283 14.1393
21.5956 16.24173 18.07911 19.29229 14.38792 21.40694 17.75916 16.50252 18.17963 14.90603
23.50725 17.6686 20.06032 21.27913 15.86074 22.74698 19.2678 18.26325 19.81735 16.40456
25.70718 19.53788 22.07831 23.45984 17.52296 24.49358 21.09158 20.13456 21.54909 17.96106
28.02592 21.49181 24.64735 25.74527 19.48273 26.32642 23.3051 21.73083 23.68896 19.89287
30.50289 23.78381 27.7882 28.25468 21.8509 29.16198 25.91301 23.54823 25.66198 21.97842
34.10343 25.98715 31.66522 31.28301 24.87851 33.53564 28.65145 25.88356 27.79434 24.0333
41.24089 35.86527 42.08759 36.87456 32.91561 44.06257 41.41763 42.05921 30.49891 35.32971
41.31127 35.91919 42.24019 41.35344 32.97787 44.14192 41.49119 42.15374 42.32514 35.39568
