11.28582 8.92418 11.45586 11.5396 9.49786 16.41887 13.45209 13.35576 12.30213 17.90772
11.41052 8.98843 11.53273 11.69609 9.58625 16.48662 13.52006 13.4484 12.38807 18.04861
11.56892 9.15416 11.63168 11.92146 9.8064 16.5816 13.68594 13.62955 12.4463 18.2508
11.76946 9.39193 11.74545 12.16865 10.05868 16.66656 13.87854 13.8253 12.5559 18.51524
12.07648 9.77686 11.99718 12.47089 10.37302 16.724 14.07715 14.13233 12.71721 18.8338
12.5923 10.37121 12.49394 12.86491 10.71714 16.8292 14.31541 14.48947 12.92337 19.10999
12.84654 11.04709 13.2202 12.67205 10.71133 16.87499 14.95495 14.66869 13.10775 19.68382
12.64201 10.86033 13.28292 12.26156 9.74963 16.97348 15.2945 14.8175 13.51196 19.74534
13.14576 10.85435 13.56999 12.73623 9.94098 16.5604 15.47975 14.50766 13.05543 19.14117
13.97921 11.43193 14.29549 13.19494 10.24351 16.13164 15.92864 14.73294 13.09928 19.31494
15.03384 12.36898 15.35536 14.0283 10.68666 16.75376 16.93177 15.21717 13.62051 19.91027
16.29367 13.41626 16.62695 15.00737 11.19339 17.73609 17.96282 16.14966 14.43569 20.75536
17.57773 14.59268 17.84252 16.36632 11.92575 18.84552 19.38781 17.26179 15.52937 22.05845
19.05597 16.04076 19.55288 18.03134 13.03648 20.217 21.03917 18.81876 16.76355 23.61018
20.91205 17.76929 21.42911 19.92374 14.44516 21.72107 22.93813 20.55215 18.26793 25.5255
23.12579 19.80744 23.59895 22.13838 15.93608 23.54343 25.06895 22.51165 20.20502 27.55042
25.76588 21.99636 25.97079 24.71183 17.68879 25.65456 27.6028 24.67032 22.31433 29.78562
28.92966 24.29992 29.41034 28.4612 19.82361 27.92092 30.68876 27.57983 24.66428 32.24606
33.60658 27.64233 32.47398 32.4947 23.49272 30.45146 34.01184 36.12223 26.78183 34.69404
41.12783 35.78725 40.15898 39.65911 30.49677 41.25986 41.53301 39.56327 39.09688 40.61562
41.20699 35.84738 40.23528 39.72541 30.53959 41.33775 41.60918 39.63294 39.1706 40.67401
