12.33089 10.78095 13.12066 10.85019 10.99253 13.14823 15.10293 15.7286 13.86425 10.58547
12.41364 10.90643 13.20986 10.96892 11.07532 13.23917 15.1936 15.81718 13.94673 10.67651
12.57228 11.13434 13.37652 11.12017 11.25794 13.35546 15.35332 15.97893 14.05371 10.83293
12.89057 11.39676 13.59384 11.32192 11.51191 13.50448 15.57022 16.17872 14.24917 11.04521
13.38688 11.78979 13.94178 11.59154 11.82974 13.75586 15.83653 16.42379 14.66869 11.3824
13.97526 12.27976 14.42031 11.96375 12.20135 14.12081 16.31042 16.77423 15.08363 11.88236
14.77816 13.03903 14.99409 12.73539 13.20479 14.63014 17.09443 17.40327 15.67946 12.55479
15.18277 12.82686 15.2541 12.90689 12.81361 14.9748 17.98234 18.5418 16.32363 13.29148
14.79914 12.50353 15.16179 12.54254 12.36011 14.78829 16.9071 17.82513 15.80875 11.90889
15.35024 12.62118 15.62335 13.28852 12.46164 14.80236 17.96424 18.19906 16.46043 11.77008
15.91817 13.02671 16.33671 14.13404 13.01687 15.15959 18.30454 19.29133 17.13434 12.21521
17.08841 13.93071 17.33236 15.25407 13.76963 16.38996 19.41578 20.64559 18.35747 13.05346
18.52493 15.05904 18.42501 16.54064 14.83682 17.28474 20.61137 21.83401 19.48843 13.8508
20.00748 16.40185 19.87181 17.95912 15.85586 18.29509 21.98811 23.17526 20.67866 14.66301
21.57732 17.85847 21.69399 19.5394 17.07338 19.64446 23.58168 25.02418 22.325 15.98562
23.79394 19.64621 23.76017 21.6147 18.85491 21.27568 25.71796 26.99996 24.17959 17.28291
26.67045 22.21805 26.63804 24.0631 20.83985 30.20057 40.60475 29.53918 26.46068 18.98149
30.05888 34.647 37.45475 38.96602 31.298 39.13472 40.70042 44.39253 41.36739 32.15449
42.01967 34.70778 37.52909 39.03648 31.35181 39.22852 40.79597 44.49663 41.47184 32.2261
42.08694 34.76664 37.59772 39.10302 31.40504 39.32108 40.8906 44.59882 41.57685 32.29684
42.15464 34.82499 37.66551 39.16953 31.4582 39.41321 40.98455 44.70203 41.68147 32.36787
