12.90332 10.92191 10.07015 10.26563 8.10004 11.89538 10.97493 13.57047 9.70816 12.68611
12.90332 10.92191 10.07015 10.26563 8.10004 11.89538 10.97493 13.57047 9.70816 12.68611
12.90332 10.92191 10.07015 10.26563 8.10004 11.89538 10.97493 13.57047 9.70816 12.68611
12.90332 10.92191 10.07015 10.26563 8.10004 11.89538 10.97493 13.57047 9.70816 12.68611
12.90332 10.92191 10.07015 10.26563 8.10004 11.89538 10.97493 13.57047 9.70816 12.68611
12.90332 10.92191 10.07015 10.26563 8.10004 11.89538 10.97493 13.57047 9.70816 12.68611
12.90332 10.92191 10.07015 10.26563 8.10004 11.89538 10.97493 13.57047 9.70816 12.68611
12.90332 10.92191 10.07015 10.26563 8.10004 11.89538 10.97493 13.57047 9.70816 12.68611
12.90332 10.92191 10.07015 10.26563 8.10004 11.89538 10.97493 13.57047 9.70816 12.68611
12.90332 10.92191 10.07015 10.26563 8.10004 11.89538 10.97493 13.57047 9.70816 12.68611
12.90332 10.92191 10.07015 10.26563 8.10004 11.89538 10.97493 13.57047 9.70816 12.68611
12.90332 10.92191 10.07015 10.26563 8.10004 11.89538 10.97493 13.57047 9.70816 12.68611
12.90332 10.92191 10.07015 10.26563 8.10004 11.89538 10.97493 13.57047 9.70816 12.68611
12.90332 10.92191 10.07015 10.26563 8.10004 11.89538 10.97493 13.57047 9.70816 12.68611
12.90332 10.92191 10.07015 10.26563 8.10004 11.89538 10.97493 13.57047 9.70816 12.68611
12.90332 10.92191 10.07015 10.26563 8.10004 11.89538 10.97493 13.57047 9.70816 12.68611
12.90332 10.92191 10.07015 10.26563 8.10004 11.89538 10.97493 13.57047 9.70816 12.68611
12.90332 10.92191 10.07015 10.26563 8.10004 11.89538 10.97493 13.57047 9.70816 12.68611
12.90332 10.92191 10.07015 10.26563 8.10004 11.89538 10.97493 13.57047 9.70816 12.68611
12.90332 10.92191 10.07015 10.26563 8.10004 11.89538 10.97493 13.57047 9.70816 12.68611
12.90332 10.92191 10.07015 10.26563 8.10004 11.89538 10.97493 13.57047 9.70816 12.68611
