10.31185 10.24229 11.95367 11.09215 11.29254 12.71507 13.63399 11.44226 14.26577 11.90378
10.3897 10.29804 12.0044 11.19102 11.51928 12.77752 13.69562 11.51134 14.3536 11.96488
10.53564 10.3851 12.12873 11.36923 11.61021 12.93042 13.79358 11.59277 14.51839 12.06465
10.76433 10.60831 12.27007 11.60447 11.74943 13.13585 13.89521 11.6769 14.68822 12.18776
11.04888 10.85443 12.52979 11.95312 11.91176 13.38108 14.09007 11.76912 14.93995 12.33917
11.47556 11.25649 12.91952 12.48879 12.05792 13.7803 14.41967 11.95202 15.21265 12.49493
12.25928 11.32976 13.55074 12.68137 12.30108 14.4041 14.78333 12.27721 15.59996 12.71036
11.20917 10.84363 12.70769 12.08896 11.70761 15.15947 14.59476 12.37471 16.32098 13.24457
10.89437 10.85027 12.64858 12.14653 11.82614 13.98932 14.64604 11.99625 14.94087 13.09943
11.02851 11.52133 12.81907 12.6055 12.33442 13.91251 15.00654 11.60783 14.79865 12.75647
11.91167 12.6844 13.53555 13.61201 13.50322 14.31568 15.98746 12.33769 15.47964 13.38872
12.61523 13.67244 14.07912 14.34915 14.15732 14.90717 16.93628 12.76985 15.88581 14.07514
13.53075 14.73693 14.88487 15.575 15.04234 15.95872 18.02826 13.57581 16.83167 15.33189
14.47088 15.28914 15.86387 16.46428 15.92026 16.77601 18.7602 14.37114 17.67513 16.14346
15.64625 15.54019 16.78988 17.11686 16.41594 17.42926 19.71467 15.71527 18.7586 16.9034
17.00503 16.62652 18.08107 18.38536 17.41666 18.45245 20.92398 16.69098 19.4465 17.39767
18.81301 17.94259 19.59366 19.8404 18.91009 20.06667 21.72314 18.50884 20.64047 17.87392
21.15662 20.03847 22.09294 21.72015 21.63237 22.91978 29.49645 20.88717 22.82392 20.14021
23.73443 24.5353 26.20425 26.14157 31.08718 29.79349 35.32864 26.1084 29.52261 28.08955
37.31531 33.47742 33.09648 35.13828 31.15354 36.35743 35.40674 31.65896 38.46931 33.72389
37.39341 33.54128 33.15926 35.20035 31.21069 36.44061 35.48353 31.73797 38.55685 33.79644
