13.57025 12.77263 11.86904 10.37537 11.25776 12.79346 10.71336 12.4776 14.76464 13.68551
13.67388 12.84896 11.93958 10.46203 11.30857 12.85918 10.86021 12.58658 14.88028 13.76567
13.87057 13.01574 12.10271 10.59676 11.44555 12.98865 10.97502 12.76072 15.03243 13.90671
14.20443 13.20777 12.3969 10.76797 11.54413 13.22917 11.10443 12.98764 15.24545 14.11343
14.42501 13.35151 12.83687 11.1071 11.69745 13.52943 11.26681 13.26509 15.56504 14.41138
14.78346 13.49872 13.41994 11.58217 12.05165 13.88385 11.48268 13.61093 15.97503 14.7197
14.36725 13.44051 13.21839 11.28878 11.65183 14.32825 11.53649 14.06145 16.35925 15.12771
14.16082 13.63722 13.19778 10.66571 11.56436 14.65669 11.22513 14.42918 16.15718 15.0418
14.49239 14.18606 13.41077 10.91565 11.97754 14.10382 10.88456 14.1076 15.88204 14.7952
14.9738 14.77489 13.66814 11.18814 12.76439 13.60107 10.90925 13.84907 15.99955 14.78981
15.82071 15.31093 14.07847 11.90975 13.723 14.0728 11.55758 14.3259 16.19806 15.12012
16.42477 16.19036 14.83361 12.47174 14.76175 14.00447 12.01195 14.58039 16.46096 15.71207
17.48319 17.19495 15.38301 13.20582 15.63711 14.53374 12.27578 15.55938 17.25756 16.43427
18.6468 18.16964 16.41542 14.17339 16.43564 15.25339 12.98601 16.33256 17.84232 17.42208
20.23889 19.43605 17.8511 15.42321 17.82873 16.27515 13.90265 17.26753 18.13985 18.15329
21.95983 21.2473 19.44722 16.95998 19.02178 17.66637 15.19157 18.8634 19.48729 19.34963
23.90048 23.19491 21.25871 18.82341 20.6448 19.09508 16.70163 20.27545 21.12616 20.6643
25.99792 25.2242 23.67571 20.60455 22.46641 20.91928 18.26576 22.18551 25.16621 21.98214
28.2874 28.92309 27.38459 23.10307 24.69545 23.03667 26.31694 31.84972 27.73592 23.1517
31.35777 33.60217 33.61188 32.82655 32.63313 34.90864 30.91177 34.88817 33.00053 33.63019
36.8392 33.64875 33.88932 35.35059 32.68229 34.96387 30.96905 34.94748 33.06132 33.68367
