12.9761 10.74446 9.91647 10.78964 9.4492 11.72279 9.47128 8.37494 9.6245 9.31828
13.0989 10.88266 9.99929 10.87595 9.54952 11.84464 9.56559 8.43758 9.7422 9.43237
13.31708 11.20376 10.21172 11.02287 9.74759 12.07501 9.74938 8.57117 9.90394 9.76219
13.5753 11.66832 10.53096 11.27797 10.005 12.34584 10.05888 8.86994 10.12515 10.21009
13.99762 12.13347 11.19356 11.61736 10.42301 12.61519 10.53562 9.35996 10.49951 10.77016
14.85444 12.64372 11.99878 12.17013 10.88372 13.02156 11.31685 9.7713 10.91382 11.56238
14.9792 12.87809 11.61455 12.6791 10.36568 12.5425 11.90214 9.38037 11.28256 11.56677
14.3356 13.15041 11.65851 12.42893 10.08869 12.03757 11.72995 8.96231 10.90802 11.07818
15.05889 13.69311 12.00019 12.87452 10.32927 12.8559 11.97658 9.42989 11.38725 11.56297
15.84841 14.5403 13.13881 13.55157 10.61616 13.36911 12.73177 10.10456 12.37099 12.25012
16.92168 15.64266 14.40438 14.51097 11.33641 14.37538 13.80462 11.03086 13.21392 13.22134
18.12038 16.81389 15.56305 15.63184 12.17968 15.35669 14.92805 12.19131 14.34599 14.36259
19.26895 18.19389 16.94517 16.78112 13.13704 16.49801 16.1946 13.52952 15.48006 15.60123
20.79884 19.95295 18.24962 18.40616 14.3113 17.95474 17.82934 14.96569 16.7747 17.34257
22.49359 21.99567 20.22276 20.13867 15.66056 19.74372 19.57309 16.7843 18.45091 19.04466
24.92078 24.33527 22.59325 22.47029 17.38776 22.02085 21.80346 18.95617 20.48013 21.16693
28.04817 26.92564 25.75564 25.33331 19.3888 24.92009 24.62829 21.62914 23.26329 23.62007
31.97233 30.67228 29.7996 28.80186 21.79117 28.88432 28.31593 25.191 27.13779 26.67633
41.08097 40.56309 42.33689 33.87306 29.45399 38.23293 40.48116 31.44034 40.42602 38.00638
41.19278 40.6381 42.68903 40.81771 32.4322 41.32108 40.57987 41.02218 40.57736 38.13281
41.27008 40.70579 42.77735 40.89702 32.48644 41.40035 40.65247 41.1081 40.66202 38.20611
