11.64323 10.16187 12.13402 10.25852 10.09294 11.24397 12.45513 12.15786 11.10571 8.58975
11.71324 10.24244 12.22082 10.32344 10.16356 11.33763 12.5357 12.30586 11.16582 8.64005
11.82878 10.42389 12.33456 10.43365 10.28804 11.45847 12.67349 12.37924 11.29629 8.74697
12.03884 10.64577 12.45907 10.58419 10.44737 11.59723 12.84429 12.51066 11.48698 8.91733
12.43594 10.97489 12.75642 10.80008 10.648 11.8453 13.14792 12.63667 11.8169 9.18779
12.86285 11.31156 13.09672 11.05242 10.93699 12.17048 13.52981 13.01379 12.06678 9.51665
13.60642 11.87921 13.3344 11.39847 11.66281 12.46115 14.40578 13.84184 12.55879 9.98749
13.18127 11.11211 13.21167 11.44721 10.71215 12.33482 13.88691 13.88601 12.05127 8.77461
13.26984 11.27415 13.52213 11.5802 10.96339 12.3086 14.23075 13.89097 12.61523 8.94621
14.25668 12.11068 14.00698 12.22164 11.49337 13.3033 14.9869 14.97129 13.18237 9.46823
15.37137 12.84181 14.92711 13.00657 12.57683 14.37917 16.20695 15.94087 14.35671 10.26514
16.17559 13.56259 15.84136 13.88903 13.1484 15.23064 17.15073 16.82626 14.89794 11.14241
17.09121 14.48671 16.67165 15.03884 13.68861 16.30408 18.32257 18.19667 16.1845 11.68996
18.2224 15.06423 17.55942 15.92778 14.06058 17.31179 19.35918 19.26498 16.78784 12.174
19.11116 16.08348 18.54996 17.13379 14.66671 18.07079 20.35785 20.50263 17.8587 12.96474
20.29622 17.13694 19.82044 18.43377 15.25821 19.21331 21.67348 21.86276 19.19747 13.90429
21.83972 18.4235 21.57177 20.15049 16.22658 20.7738 23.41956 23.39711 20.85919 14.99784
23.893 19.98303 23.86395 22.15561 17.56379 22.8561 25.6046 25.44459 22.76975 16.34218
26.74691 21.89254 26.60542 24.69873 19.24766 25.74192 27.86464 28.32714 25.42985 17.87615
38.59481 32.8576 34.2381 33.91638 28.9803 36.90956 37.10435 38.10641 37.63789 19.74493
38.67095 32.91697 34.3076 35.77962 29.03698 36.97865 37.17928 38.21906 37.73237 28.93073
