8.99334 9.34101 7.57844 9.66338 7.82543 9.03809 8.05365 10.48916 11.88529 11.19353
9.11014 9.46895 7.62881 9.82066 7.89778 9.17124 8.10236 10.59304 11.97201 11.27379
9.30482 9.70079 7.78399 10.08971 8.03343 9.37854 8.23426 10.86845 12.14904 11.34454
9.62465 10.07541 8.14581 10.33742 8.27612 9.77463 8.62533 11.24117 12.42862 11.56644
10.12671 10.58143 8.53746 10.74266 8.76578 10.41514 9.07585 11.58506 12.8328 12.08728
10.907 10.99615 9.12654 11.05834 9.45571 11.29527 8.99332 12.04209 13.71757 12.52702
10.36203 10.50532 8.48647 10.61547 9.52174 10.63507 8.22277 11.90973 13.51319 12.49095
10.02015 10.43187 8.4936 10.77218 9.68936 10.30279 8.33018 11.91647 13.52344 12.85985
10.17804 10.53444 8.65846 10.90646 9.90565 10.23203 8.45885 12.00525 13.8455 12.96804
10.74664 11.16433 9.071 11.60093 10.4234 10.73872 8.92696 12.94319 14.50386 13.63232
11.49497 11.96986 9.8218 12.71674 11.46801 11.74415 9.778 13.78005 15.56169 14.69333
12.67302 13.22861 10.86845 14.20285 12.7376 13.01026 10.88076 15.05236 17.07151 15.98395
14.27345 14.74165 12.17586 16.06454 14.22318 14.79465 12.59147 17.07698 19.06205 17.67744
16.09042 16.73477 13.9616 18.14093 16.10573 16.95506 14.37251 19.36993 21.30419 19.6744
18.39629 19.19256 15.97407 20.69115 18.40457 19.35083 16.81108 22.14303 23.92223 22.05666
21.0562 21.95039 18.2757 23.65354 21.44187 22.21764 19.6357 25.44825 27.23709 25.06203
24.51811 27.97803 21.67999 27.35007 27.50135 26.10791 29.83209 30.01059 31.11936 28.04969
31.79965 31.51465 29.30695 33.79236 29.43705 35.99045 29.96092 35.27916 37.54371 31.01593
31.84476 31.56092 29.35035 33.8385 29.47466 36.04376 30.00377 35.33641 37.5954 31.05717
31.88747 31.60484 29.39196 33.88258 29.51042 36.09452 30.04552 35.38841 37.6459 31.09587
31.92939 31.64841 29.43306 33.92629 29.54576 36.14481 30.08662 35.43933 37.69594 31.13395
