15.94131 12.32552 13.13079 13.50175 10.61561 15.43856 14.5341 17.1814 11.78461 14.67738
16.0163 12.42654 13.23322 13.5754 10.69243 15.53276 14.60349 17.24477 11.85949 14.73384
16.24528 12.58693 13.44572 13.71141 10.83773 15.67178 14.7119 17.30443 11.97974 14.82515
16.52129 12.7239 13.68752 13.92623 11.02171 15.87182 14.82644 17.37756 12.14122 15.03499
16.84397 12.91487 14.04442 14.18388 11.12851 16.12686 15.00244 17.47075 12.26306 15.40027
17.459 13.11803 14.55469 14.61811 11.43147 16.51532 15.35426 17.64793 12.37064 15.79912
18.24965 12.78487 15.16404 15.25369 11.39894 16.95203 15.90139 17.92668 12.08652 16.35579
18.49752 12.15769 15.08501 14.71179 10.73505 17.29366 16.77685 18.54519 11.86221 17.62613
18.75447 12.43784 15.21961 15.56948 11.55244 16.30075 17.07755 19.01551 11.1101 16.08863
19.8121 12.93854 16.14537 16.63036 12.67811 17.28065 17.25532 19.74213 12.17925 16.46184
20.78588 13.85119 17.34526 17.59279 14.02925 18.06622 18.39918 20.8397 13.54308 16.56923
21.5809 14.39276 18.64831 18.18201 14.84843 18.63627 19.37428 20.69994 13.81111 17.78508
23.23336 15.19143 19.80465 19.66493 15.5319 19.18906 20.11341 21.15267 14.00466 18.68892
24.46834 15.97469 20.93759 20.87958 16.17696 19.76758 21.35576 22.4484 14.92173 19.55534
26.0011 16.96503 22.4079 22.26944 16.15356 19.90104 23.32075 24.30092 15.87555 20.29802
27.60874 18.04974 23.95763 23.59357 16.80981 20.45598 24.95543 25.65 16.73014 20.95867
29.40632 19.50487 25.80783 25.44326 17.63713 21.37351 26.64086 27.0044 17.84525 21.8586
31.45631 21.19558 28.46856 27.68402 18.86417 22.76667 28.2116 28.46728 19.29336 23.12003
34.2994 23.27662 32.92173 30.97609 20.48053 24.93593 30.64423 30.19022 21.57381 24.934
39.60101 34.26841 42.21517 38.65068 32.55538 43.52141 41.96544 43.44242 40.64562 38.47829
43.52736 34.35323 42.30841 42.38302 32.63357 43.62365 42.07894 43.56265 40.75867 38.5681
