11.10814 10.16717 10.29773 10.52027 9.86111 14.35578 13.14816 13.60426 12.43978 9.33459
11.23401 10.32047 10.36409 10.61449 9.95203 14.42067 13.21778 13.6724 12.48594 9.4143
11.4911 10.49461 10.49689 10.75897 10.04405 14.56215 13.38447 13.78151 12.57154 9.52357
11.88095 10.72351 10.72853 10.97359 10.20845 14.75056 13.59116 13.95912 12.70053 9.69621
12.37389 11.02226 10.97055 11.22938 10.36142 15.00844 13.80454 14.20436 12.91558 9.96528
12.98205 11.32914 11.12011 11.634 10.68723 15.30007 14.00139 14.56098 13.20997 10.22268
13.68059 11.63964 11.39766 11.89337 10.77357 15.75012 14.49718 15.08967 13.56328 10.48028
12.38663 11.13839 10.58066 11.46462 10.19056 16.25865 14.8127 15.79761 13.87065 10.6671
12.43064 11.45824 10.68794 11.70418 10.05412 16.28507 14.25567 15.52736 13.33654 9.51682
13.13396 11.73221 11.28132 12.35791 10.70585 16.25181 14.68296 15.78218 13.27295 9.73571
14.04388 12.24637 11.84093 13.05437 11.24983 16.96408 15.08054 16.52843 13.67447 9.84568
15.08279 13.11392 12.71905 14.21367 11.95509 17.91803 15.87899 17.58417 14.54574 10.50812
16.32824 14.03654 13.62471 15.44525 12.68948 19.0691 16.86433 18.73917 15.46814 11.18181
17.93935 15.48841 14.94764 16.98593 13.72392 20.37719 18.13443 20.15111 16.63212 12.04613
19.8683 16.99404 16.55133 18.86561 14.95415 22.04591 19.72405 22.03555 17.85228 13.33323
22.07112 18.61904 18.29248 20.94336 16.37052 23.9171 21.67716 23.94017 19.36785 14.73614
24.56863 20.51819 20.3748 23.40227 18.06142 25.99059 24.33892 26.18638 21.10611 16.24679
27.30225 22.67646 22.69594 26.15929 19.83879 28.28373 26.49372 28.5865 22.9061 17.80842
30.39873 29.1647 25.10063 30.7922 22.49646 30.3744 36.58203 38.76672 24.73922 19.30289
41.61603 33.19653 35.14143 36.46491 29.74853 39.44967 36.65212 38.83948 34.67837 31.55792
41.67625 33.25108 35.20978 36.51643 29.79137 39.51199 36.71679 38.90966 34.74048 31.60825
