12.70204 12.5448 10.62761 11.31051 10.75762 15.70794 11.99742 15.27809 16.87892 15.56242
12.8342 12.71796 10.78167 11.39776 10.80957 15.77113 12.10344 15.36713 16.9451 15.65957
13.06578 12.99663 11.03265 11.5574 10.97441 15.88377 12.27196 15.52092 17.05464 15.84649
13.43189 13.45365 11.41118 11.7642 11.22973 16.11141 12.52849 15.7651 17.21347 16.0765
14.05944 13.87131 11.93011 12.00635 11.60592 16.38847 12.854 15.97685 17.46983 16.24292
14.64669 14.31801 12.33654 12.30751 11.91348 16.80408 13.18341 16.08666 17.83746 16.3913
14.56115 14.47009 12.5044 12.22654 11.54158 17.25616 13.50999 16.31779 18.31283 16.52056
14.26992 14.02571 12.08169 11.32944 11.40384 17.90742 13.27566 16.86984 18.66549 16.18202
14.43815 14.26544 12.37966 11.97193 11.70364 17.74419 12.17931 16.88593 18.42561 15.89145
15.17348 14.88279 12.70856 12.60497 12.32863 17.87319 12.55091 17.21551 18.69562 15.41543
15.93273 15.55761 13.28402 13.32125 12.87547 18.64177 12.8557 18.23293 19.36414 16.43743
17.09066 16.43586 13.95339 14.13415 13.0358 19.65784 13.51381 19.25259 20.18217 16.41255
18.27035 17.4401 14.90029 14.94326 13.91547 21.18228 14.17253 20.01709 21.21303 17.18502
19.66838 18.67545 16.00158 15.75361 15.20983 22.75807 14.73245 21.3674 22.49176 17.56939
21.58111 20.31074 17.42078 17.24359 16.44642 24.35998 15.67155 22.98473 24.16731 18.56903
23.56383 22.14811 19.11513 19.03012 17.87102 26.34658 17.08371 25.18476 26.24724 19.88344
25.81673 24.18714 20.94642 20.85657 19.69321 28.33253 18.61244 28.01368 28.32036 21.06636
28.43255 26.31997 22.94264 23.09375 21.66389 30.62016 21.33126 30.79728 30.58446 22.54027
32.8183 28.59863 25.10473 26.20022 24.87124 32.53134 32.16151 40.78511 42.01481 24.30288
36.72202 37.05354 30.76866 31.19343 32.30184 44.84421 33.82106 40.90566 42.08754 34.46342
39.81937 37.12836 35.26001 37.02923 32.38108 44.92541 33.87896 40.9892 42.15758 34.51866
