11.27482 10.93031 10.87804 8.10102 8.80511 11.94965 9.35468 10.56777 13.36453 11.32836
11.3095 11.05192 10.98285 8.14666 8.84852 11.99223 9.53172 10.68486 13.42463 11.42934
11.52399 11.23295 11.17052 8.35723 8.92663 12.11055 9.76212 10.88237 13.56326 11.60659
11.93612 11.50437 11.47349 8.64235 9.05825 12.33035 10.01803 11.17009 13.88595 11.84948
12.21305 11.91303 11.96012 9.03167 9.33938 12.62507 10.17078 11.46663 14.23477 12.18601
12.46696 12.14805 12.7957 9.57368 9.50457 13.00105 10.1337 11.81402 14.6357 12.50384
12.00094 11.98575 12.31415 8.38237 8.97503 13.34365 10.03845 12.19001 14.95843 12.72161
11.51073 12.02488 12.56408 7.76776 8.88954 13.78964 9.90916 11.50699 15.09606 12.16841
12.19209 12.2944 13.03992 8.28536 9.33566 12.77935 9.52031 11.31562 14.46592 11.63312
12.84634 13.04846 13.98123 8.99926 9.88624 12.88393 10.00909 11.23009 14.82946 11.86167
13.71126 13.70178 15.00783 9.48944 10.51636 12.93546 10.60082 12.00069 15.3349 11.91037
14.20778 14.55416 15.76439 9.97643 11.0564 13.7646 10.78802 11.77835 15.99977 12.07381
14.86363 15.47314 16.52243 10.35195 11.50889 14.48697 11.47504 12.90195 17.09617 12.97683
15.97067 16.57313 17.85085 11.23861 12.38119 15.53021 12.3427 13.62681 17.98187 13.46466
17.51817 17.9814 19.59051 12.5845 13.67959 16.83836 13.43601 14.77619 19.34405 14.2335
19.37523 19.54272 21.78735 14.24071 15.13904 18.5381 14.77914 16.27759 21.18052 15.34829
21.41028 21.51239 24.08802 16.1348 16.68063 20.22228 16.32278 18.04841 23.1829 16.56412
23.56811 23.73684 26.65741 18.1222 18.45266 22.36521 18.06283 19.9774 25.60102 17.99489
25.93703 27.14975 30.34239 20.10247 20.51163 24.54343 31.68094 22.26762 28.06962 19.60285
28.91224 31.6055 37.64551 22.6932 31.61493 26.7897 31.84984 35.41068 41.40751 21.43006
36.90284 35.55562 37.71578 35.74885 31.67151 39.64356 31.9155 35.48285 41.48772 33.80367
