10.55085 8.19571 10.84717 10.78814 9.13903 15.55697 12.65223 12.68881 12.18617 17.57098
10.55085 8.19571 10.84717 10.78814 9.13903 15.55697 12.65223 12.68881 12.18617 17.57098
10.55085 8.19571 10.84717 10.78814 9.13903 15.55697 12.65223 12.68881 12.18617 17.57098
10.55085 8.19571 10.84717 10.78814 9.13903 15.55697 12.65223 12.68881 12.18617 17.57098
10.55085 8.19571 10.84717 10.78814 9.13903 15.55697 12.65223 12.68881 12.18617 17.57098
10.55085 8.19571 10.84717 10.78814 9.13903 15.55697 12.65223 12.68881 12.18617 17.57098
10.55085 8.19571 10.84717 10.78814 9.13903 15.55697 12.65223 12.68881 12.18617 17.57098
10.55085 8.19571 10.84717 10.78814 9.13903 15.55697 12.65223 12.68881 12.18617 17.57098
10.55085 8.19571 10.84717 10.78814 9.13903 15.55697 12.65223 12.68881 12.18617 17.57098
10.55085 8.19571 10.84717 10.78814 9.13903 15.55697 12.65223 12.68881 12.18617 17.57098
10.55085 8.19571 10.84717 10.78814 9.13903 15.55697 12.65223 12.68881 12.18617 17.57098
10.55085 8.19571 10.84717 10.78814 9.13903 15.55697 12.65223 12.68881 12.18617 17.57098
10.55085 8.19571 10.84717 10.78814 9.13903 15.55697 12.65223 12.68881 12.18617 17.57098
10.55085 8.19571 10.84717 10.78814 9.13903 15.55697 12.65223 12.68881 12.18617 17.57098
10.55085 8.19571 10.84717 10.78814 9.13903 15.55697 12.65223 12.68881 12.18617 17.57098
10.55085 8.19571 10.84717 10.78814 9.13903 15.55697 12.65223 12.68881 12.18617 17.57098
10.55085 8.19571 10.84717 10.78814 9.13903 15.55697 12.65223 12.68881 12.18617 17.57098
10.55085 8.19571 10.84717 10.78814 9.13903 15.55697 12.65223 12.68881 12.18617 17.57098
10.55085 8.19571 10.84717 10.78814 9.13903 15.55697 12.65223 12.68881 12.18617 17.57098
10.55085 8.19571 10.84717 10.78814 9.13903 15.55697 12.65223 12.68881 12.18617 17.57098
10.55085 8.19571 10.84717 10.78814 9.13903 15.55697 12.65223 12.68881 12.18617 17.57098
