12.52394 11.52814 11.47536 10.05413 9.4454 14.65835 11.99936 14.43817 16.60933 13.24168
12.63081 11.61808 11.55025 10.1672 9.53736 14.73979 12.16512 14.55072 16.69564 13.38619
12.80435 11.85634 11.73705 10.33642 9.79145 14.93101 12.35613 14.71991 16.83699 13.71359
13.22658 12.24487 12.1177 10.65584 10.20442 15.18963 12.60515 14.92591 17.05613 14.04842
13.89561 12.83943 12.9041 11.07558 10.61787 15.44904 13.02408 15.20068 17.34963 14.57839
15.00072 13.68326 13.80176 11.66194 11.04366 16.00101 13.57105 15.52669 17.73047 15.23396
15.70477 13.82511 14.58457 11.5692 10.37787 16.53863 14.05469 16.02519 18.36177 15.41657
15.24421 13.33202 14.41788 11.22193 10.21941 16.91523 13.83275 16.0215 18.3975 14.67587
15.65037 13.48206 14.64138 11.55515 10.56264 16.297 13.277 15.69892 17.98951 14.11198
16.74372 14.10984 15.51562 12.1077 10.93126 16.46641 13.6588 16.37931 18.45945 14.29829
18.15638 15.14321 17.1685 13.38901 11.47734 17.9875 14.77681 17.88959 19.73795 14.66324
19.65348 16.56803 18.9159 14.80628 12.50599 19.17221 15.89938 19.29466 21.15829 15.65629
21.6602 18.44324 20.8611 16.7688 13.94263 20.87329 17.38826 21.13678 22.7901 17.06457
24.16201 20.99797 23.33646 18.98558 15.64845 22.96687 19.30871 23.41565 25.00522 18.87987
27.01248 23.55675 26.02789 21.83853 17.74936 25.64951 21.92609 25.95512 27.47872 21.00109
30.22329 26.51324 29.17307 25.17879 20.21856 29.05479 25.30485 29.67445 30.4265 23.01826
34.15804 29.91556 33.00441 29.13958 23.1302 37.69386 38.32602 39.96741 33.49415 25.23741
42.77877 37.46472 42.95706 38.89414 32.05503 45.00059 38.41159 40.07119 44.58494 34.15919
42.86284 37.53594 43.04166 38.97127 32.11059 45.09996 38.49459 40.1743 44.67585 34.23016
42.93733 37.60427 43.11 39.03623 32.15887 45.19774 38.57584 40.27731 44.7654 34.30004
43.01141 37.67197 43.17789 39.10109 32.20704 45.29339 38.65625 40.37976 44.854 34.36978
