12.94404 12.61996 12.11948 11.90216 11.0001 15.29739 13.46513 14.71812 16.88137 15.56376
12.98582 12.68642 12.1795 11.99221 11.05456 15.34106 13.51783 14.78614 16.90726 15.65617
13.13211 12.85958 12.33242 12.15778 11.21513 15.42656 13.66658 14.88468 16.96856 15.86004
13.42747 13.20563 12.57708 12.36639 11.44959 15.52565 13.86649 15.01552 17.06176 16.05233
13.77728 13.61911 13.02434 12.60296 11.80506 15.62785 14.20081 15.22809 17.17765 16.25169
14.32053 14.20377 13.53535 12.87282 12.18589 15.79533 14.67507 15.47405 17.42602 16.63771
14.96922 14.89309 14.23791 13.45761 12.52505 16.25082 15.14357 15.57887 17.78384 17.07007
15.5516 15.58442 15.06157 13.66285 12.27541 16.8358 15.62387 15.66486 18.60439 18.03146
15.47352 15.57838 14.81763 13.23282 11.49954 16.66473 15.60875 15.80858 18.53291 17.24025
15.78257 15.63856 15.08554 13.72394 11.57136 16.47035 15.18707 15.62999 18.14233 16.29846
16.61179 16.27334 15.59913 14.4812 11.87418 16.87256 15.51751 16.0271 18.1022 16.6271
17.52516 17.2196 16.66854 15.72476 12.32011 18.78359 16.25023 16.98641 18.91954 16.86509
18.88558 18.26914 17.74074 16.58601 12.91559 19.63668 16.81267 18.24554 19.77731 17.82512
20.23723 19.34626 18.79415 17.5277 13.68214 20.82537 17.63595 19.1089 20.57382 18.5302
20.98734 20.64681 20.04391 18.38573 14.70355 21.53251 18.41475 19.9093 21.22 19.22709
22.34292 22.02789 21.63213 19.6522 15.71994 21.62834 19.38033 20.55469 22.05475 19.89714
23.82991 23.64821 23.24515 21.29076 16.90955 22.55336 20.42193 21.72369 23.00078 20.87037
25.86447 25.44371 24.91153 23.54056 18.45696 23.66201 21.67318 22.93765 24.08011 22.04892
28.55077 27.73261 27.25735 26.21125 20.33906 25.5358 23.25038 24.76286 25.52618 23.54262
32.35285 30.73288 30.7342 29.34796 22.72516 40.79981 25.19535 26.65042 41.39057 25.35513
41.4942 38.64516 39.83033 38.61359 31.22005 40.88193 39.66956 40.60822 41.46376 36.92561
