17.9859 15.10023 15.42685 14.68903 12.89184 22.52176 16.04236 15.55367 19.01067 14.18526
18.14088 15.23079 15.50627 14.77355 12.95574 22.63064 16.13456 15.6539 19.16444 14.34917
18.24189 15.40092 15.68314 14.88458 13.0313 22.78451 16.26813 15.8784 19.26187 14.54308
18.38745 15.61061 15.90117 15.04077 13.14507 22.94706 16.43107 16.09791 19.37282 14.77854
18.61032 15.90324 16.25752 15.28615 13.31983 23.16156 16.6936 16.27701 19.54317 15.03773
19.08315 16.12922 16.6495 15.70029 13.38616 23.42233 17.03942 16.50058 19.88224 15.36981
19.5915 16.26813 17.26063 16.03921 13.81704 23.80519 17.43703 16.98456 20.19383 15.74807
19.45223 16.15106 16.75717 16.02798 13.86477 24.72922 18.03884 17.30786 21.0949 15.96634
19.6695 16.28948 17.0071 16.68991 14.2365 24.82232 17.06876 16.98007 20.87127 15.38631
20.08531 16.79062 18.15693 17.12856 14.95632 25.66855 16.69463 17.84012 21.55499 14.99658
20.80358 17.60324 19.21693 17.85866 16.32223 26.60638 17.55486 18.866 22.4237 15.54234
21.79938 18.50084 20.28785 18.6449 17.1861 28.00628 18.46227 19.56307 22.99456 16.64104
23.16713 19.67103 21.98991 19.99654 18.18269 29.37649 18.67014 20.45989 23.63353 17.60413
24.31046 20.32982 23.31586 21.21541 19.4031 30.72246 19.88225 21.47968 25.14299 18.57148
25.76329 21.5548 24.68157 22.33999 20.21039 31.97076 20.38452 22.89411 25.9699 19.60017
27.39304 22.56475 26.31846 23.81106 21.41893 33.58511 20.9428 24.54011 27.51234 20.47619
29.71976 24.52436 28.38891 25.57657 23.06791 35.24724 21.54999 26.06894 29.41238 21.73078
33.15968 27.50694 31.41205 28.38388 25.7651 38.36715 23.63251 27.74885 32.40599 23.9362
36.97063 32.90328 35.91523 32.74116 30.69422 45.01136 28.37186 30.07541 44.7483 31.35806
38.51965 33.38053 43.30501 38.39886 33.02354 46.34934 35.85081 43.80866 45.13528 33.10521
38.58578 33.43469 43.41648 38.49241 33.0827 46.45021 35.92953 43.92295 45.24238 33.18263
