7.43676 7.79281 7.50921 8.3185 7.91633 9.36605 8.39005 9.46144 8.97006 6.26261
7.43676 7.79281 7.50921 8.3185 7.91633 9.36605 8.39005 9.46144 8.97006 6.26261
7.43676 7.79281 7.50921 8.3185 7.91633 9.36605 8.39005 9.46144 8.97006 6.26261
7.43676 7.79281 7.50921 8.3185 7.91633 9.36605 8.39005 9.46144 8.97006 6.26261
7.43676 7.79281 7.50921 8.3185 7.91633 9.36605 8.39005 9.46144 8.97006 6.26261
7.43676 7.79281 7.50921 8.3185 7.91633 9.36605 8.39005 9.46144 8.97006 6.26261
7.43676 7.79281 7.50921 8.3185 7.91633 9.36605 8.39005 9.46144 8.97006 6.26261
7.43676 7.79281 7.50921 8.3185 7.91633 9.36605 8.39005 9.46144 8.97006 6.26261
7.43676 7.79281 7.50921 8.3185 7.91633 9.36605 8.39005 9.46144 8.97006 6.26261
7.43676 7.79281 7.50921 8.3185 7.91633 9.36605 8.39005 9.46144 8.97006 6.26261
7.43676 7.79281 7.50921 8.3185 7.91633 9.36605 8.39005 9.46144 8.97006 6.26261
7.43676 7.79281 7.50921 8.3185 7.91633 9.36605 8.39005 9.46144 8.97006 6.26261
7.43676 7.79281 7.50921 8.3185 7.91633 9.36605 8.39005 9.46144 8.97006 6.26261
7.43676 7.79281 7.50921 8.3185 7.91633 9.36605 8.39005 9.46144 8.97006 6.26261
7.43676 7.79281 7.50921 8.3185 7.91633 9.36605 8.39005 9.46144 8.97006 6.26261
7.43676 7.79281 7.50921 8.3185 7.91633 9.36605 8.39005 9.46144 8.97006 6.26261
7.43676 7.79281 7.50921 8.3185 7.91633 9.36605 8.39005 9.46144 8.97006 6.26261
7.43676 7.79281 7.50921 8.3185 7.91633 9.36605 8.39005 9.46144 8.97006 6.26261
7.43676 7.79281 7.50921 8.3185 7.91633 9.36605 8.39005 9.46144 8.97006 6.26261
7.43676 7.79281 7.50921 8.3185 7.91633 9.36605 8.39005 9.46144 8.97006 6.26261
7.43676 7.79281 7.50921 8.3185 7.91633 9.36605 8.39005 9.46144 8.97006 6.26261
