11.08648 11.12239 9.91658 9.05882 8.84632 11.97016 10.74055 12.39242 14.3328 12.82426
11.1646 11.23095 9.99119 9.18989 9.04226 12.02567 10.83399 12.46461 14.38823 12.95618
11.32244 11.58246 10.19039 9.33066 9.30248 12.09048 10.96957 12.62098 14.4857 13.23404
11.57802 11.93728 10.55326 9.57283 9.56927 12.1801 11.19684 12.80434 14.56097 13.6742
12.04477 12.30241 11.02007 9.69765 9.77954 12.34213 11.46223 12.99525 14.73586 14.15284
12.37872 13.03963 11.57495 10.0525 9.89472 12.5622 11.68926 13.01814 14.92174 14.40219
12.21392 12.70429 11.52984 9.21703 8.81105 12.69134 12.022 13.41945 15.28394 14.45695
12.85543 13.20996 12.35605 9.56967 9.04692 12.05226 11.80312 13.59748 14.74591 13.37858
13.98741 14.26074 13.49269 10.2453 9.5139 12.21008 12.22009 13.78091 14.3784 13.70172
15.25709 15.47014 14.94489 11.24684 9.972 13.47289 13.03067 14.74054 15.57104 14.5961
16.95225 17.12293 16.42611 12.71406 10.92437 15.01594 14.34212 16.13234 16.60933 15.82388
18.76887 19.11021 18.28661 14.40895 12.35231 16.86368 15.85319 17.47295 18.33956 17.22308
20.9959 21.24704 20.367 16.5184 13.86498 18.97963 17.63068 19.83986 19.9758 19.06226
23.35912 23.70971 22.95911 18.79944 15.83001 20.96867 19.87507 22.35817 22.14869 20.95268
26.02946 26.47014 25.67355 21.25024 17.86639 23.2006 22.13477 24.9671 24.6742 23.40786
28.29199 28.91775 27.90524 23.27836 19.53225 25.13612 24.23174 27.07198 26.63712 25.30625
30.90808 31.7343 30.51942 25.78926 21.49031 27.03613 27.54785 29.27787 28.65559 27.69065
34.54384 34.63644 33.77297 28.89134 23.66381 34.63795 36.98777 31.52885 30.90525 29.45231
38.41787 38.46662 38.86914 31.92776 25.92987 41.86526 39.85153 42.25404 33.22738 36.94297
44.11603 42.75844 43.37745 40.5628 34.14832 41.95482 39.9266 42.34491 44.14177 37.00793
44.17812 42.82716 43.44063 40.62164 34.19381 42.04384 40.00056 42.4336 44.22359 37.07302
