10.10715 8.7331 10.729 12.14405 10.07243 17.50559 13.42153 16.76055 15.26523 17.24512
10.29108 8.84111 10.83804 12.26225 10.13898 17.60235 13.51345 16.8901 15.36552 17.33113
10.48706 8.97009 11.00629 12.56666 10.33181 17.74564 13.74079 17.08406 15.50574 17.50429
10.84224 9.18789 11.29855 13.00791 10.63302 18.01497 13.98911 17.34164 15.79507 17.696
11.22058 9.55106 11.59289 13.58042 11.03353 18.34711 14.16488 17.67534 16.2107 17.88046
11.83389 10.02864 12.1267 14.30151 11.82031 18.69312 14.55288 18.04753 16.73524 18.0692
12.75191 10.5696 12.41159 15.42907 12.59977 19.39563 14.61081 18.73651 17.29312 18.35448
11.93636 10.19772 12.14083 14.865 13.11582 20.22917 15.32879 19.05076 18.31106 18.63023
12.15153 10.70267 12.16812 15.24922 13.36673 19.45261 14.28367 18.62567 18.38312 18.26705
12.55833 11.00442 12.61819 15.64963 13.60306 19.70098 14.77496 18.85707 18.5845 18.99991
13.40865 11.77654 12.8838 16.43151 14.73224 20.76636 15.56134 19.80589 19.93676 19.54766
14.50138 12.60563 13.95469 17.90712 16.12123 21.98924 16.15622 21.09806 21.31141 20.51125
15.72048 13.64057 14.99461 19.50016 17.56145 23.08705 17.13592 22.22407 22.72569 21.24411
17.09532 14.88311 16.08684 20.95409 19.06623 24.7137 18.15361 23.68434 23.71951 22.2747
18.58952 16.05026 17.44327 22.80447 20.73572 26.45063 19.51446 25.35564 25.81496 23.383
20.60194 18.01814 19.08092 25.34648 23.37927 28.5862 20.93128 27.37454 28.07565 24.81471
22.78777 20.22441 21.04285 28.1078 27.2208 31.25876 23.16251 30.2014 30.90967 27.03687
25.98407 31.40214 33.76396 40.31642 33.31696 43.62603 37.11185 44.98608 45.8569 34.47296
35.94255 31.4597 33.82808 40.39076 33.37567 43.73822 37.2044 45.0945 45.97225 34.54758
36.00754 31.51809 33.89015 40.46365 33.431 43.85019 37.29603 45.20524 46.08918 34.6219
36.07232 31.57625 33.95189 40.53633 33.486 43.9614 37.38664 45.31597 46.20589 34.6959
