13.81206 11.37702 11.31933 11.30221 9.0727 12.76354 12.61014 15.2205 10.93858 14.30421
13.89339 11.5027 11.4827 11.4184 9.18757 12.84668 12.71446 15.29891 10.99912 14.35508
14.00168 11.70115 11.67931 11.59102 9.40809 12.97473 12.82414 15.40521 11.08389 14.42004
14.1364 12.02088 11.92053 11.8482 9.7572 13.06272 12.86964 15.5776 11.20417 14.53548
14.35811 12.34085 12.21745 12.1376 10.16563 13.26062 12.93875 15.74397 11.37661 14.77015
14.80287 12.68314 12.62592 12.50161 10.59372 13.62893 13.15066 15.93263 11.7359 15.13186
15.27 12.88626 12.94232 13.06866 10.04777 14.19049 13.6359 16.19091 11.90082 15.79196
15.12676 11.707 13.29943 12.39823 9.41316 15.07153 14.26842 16.34264 11.71195 16.94705
16.24075 12.72524 14.08482 13.53673 9.56636 14.51702 14.43627 16.74104 11.47041 16.64942
17.33003 13.53171 14.8493 14.75633 10.32944 14.70417 14.92628 17.22154 12.74143 17.35384
18.18214 14.302 15.91896 15.58782 11.14857 15.80746 15.79678 18.14759 14.00476 18.16242
19.23928 15.30147 16.88803 16.11105 11.71847 16.08302 16.17929 18.66838 14.5232 19.02383
20.69998 16.11474 18.31249 17.07907 12.23083 16.67306 16.77229 19.57306 14.88586 19.75722
21.24483 16.95234 19.65101 18.40908 12.49881 16.98776 17.91771 20.61184 16.20275 20.82659
22.08589 18.01872 20.9631 19.46346 13.37729 17.72527 19.10194 21.69286 17.27827 22.08085
22.94327 19.48552 22.6011 21.02413 14.44677 18.73477 20.21869 23.11332 18.38291 23.37731
24.30933 21.44272 24.53041 22.93395 15.86259 20.07472 21.44146 24.79629 19.73348 25.06916
26.37771 24.00172 27.23759 25.19937 17.67177 22.01014 22.51583 26.84065 21.68987 27.01039
29.40255 27.63713 30.75091 28.74668 19.62468 24.55615 24.1195 29.61051 24.3213 29.15149
43.48634 37.9042 42.87992 38.70157 22.1028 27.46843 43.01532 33.28868 36.01519 31.64727
43.60118 37.99666 43.08662 42.73742 32.81662 45.06031 43.14181 46.18693 47.73819 44.70741
