8.69852 8.34775 9.37459 8.61301 9.48506 11.27966 11.1217 10.04793 12.11792 9.09852
8.79921 8.42614 9.47263 8.73317 9.5633 11.34713 11.20678 10.10144 12.29829 9.20381
9.10577 8.62852 9.66257 8.97811 9.70787 11.51469 11.3228 10.19024 12.52771 9.37595
9.46756 9.02849 9.92323 9.31543 9.85213 11.78596 11.36746 10.31977 12.7728 9.55044
10.03813 9.33701 10.2647 9.87381 10.00039 12.22053 11.50363 10.48215 13.01279 9.80963
10.67776 9.7379 10.79475 10.37021 10.25455 12.83693 11.66037 10.75349 13.28585 10.08671
11.71817 9.97424 11.58375 10.92874 10.06229 13.70828 12.35174 11.41617 13.6249 10.43703
10.83109 9.29432 10.74436 10.2048 9.32334 13.7161 11.44919 10.99237 13.95429 10.65184
11.27588 9.7366 10.61594 10.68172 9.92192 13.8263 12.26508 11.02616 14.147 9.96979
12.47599 11.2809 11.41318 11.60242 11.17568 14.39568 13.26229 12.17513 14.04883 10.876
13.2618 12.72315 12.21608 12.88564 11.84134 15.25093 14.28571 12.70673 14.99872 12.23613
14.44537 13.67839 12.97044 13.79961 12.40064 16.31345 15.1484 13.81783 15.74642 12.70525
15.43887 14.16894 13.61398 14.58461 12.95949 17.15777 15.30767 13.96984 16.38784 13.1149
16.7865 13.96836 14.57347 15.39821 13.32856 17.82323 15.83274 14.51039 17.27495 13.78585
17.80766 14.75581 15.67447 16.60553 13.86373 19.07997 16.6732 15.38376 18.53975 14.17321
19.42022 16.02805 17.03671 18.18411 14.75602 20.23778 17.22182 16.18591 19.50299 14.3067
21.69319 17.41159 18.6084 19.84849 15.72368 21.62638 18.10325 16.93284 20.59521 14.58786
24.30746 19.09748 20.64917 21.84223 17.5608 23.07813 19.65027 19.30295 22.47896 15.61905
27.50031 21.81935 24.83025 24.21308 20.48732 27.08683 26.38212 25.28435 28.26906 18.31582
38.72526 35.61386 32.77374 38.11415 32.83369 43.04185 35.85364 36.59949 40.26733 34.16206
44.26211 35.69131 32.84034 38.25902 32.90798 43.15544 35.94577 36.69125 40.37748 34.24227
