14.16408 12.49574 12.26629 9.46291 10.78824 12.55583 10.76334 13.48037 13.65143 14.16843
14.24909 12.65562 12.38953 9.58856 10.82452 12.60885 10.94391 13.62786 13.77889 14.26934
14.45467 12.82819 12.63734 9.78251 10.88915 12.70172 11.16602 13.80308 13.99825 14.44044
14.87847 13.15485 12.87981 10.122 10.99442 12.99243 11.46486 14.0933 14.25346 14.63741
15.40356 13.48486 13.24296 10.60358 11.32028 13.41526 11.66184 14.52112 14.75997 14.9249
16.06315 13.76111 13.90054 11.01584 11.80546 13.89323 11.80665 15.03818 15.31122 15.26071
15.60052 13.12339 13.81642 10.70412 11.67134 14.44592 11.86572 15.30105 15.74551 15.69002
15.27975 13.26074 13.28544 9.16801 11.29465 14.48252 11.30296 15.034 15.15797 15.39597
15.40138 13.62362 13.77212 9.36101 11.55801 13.28494 10.52457 14.32824 14.93703 15.01694
16.08166 14.1128 14.09037 9.91319 11.88277 13.37386 10.82452 13.91561 14.3916 14.26964
16.96003 15.15839 14.8803 10.10311 12.688 13.85431 11.31101 14.73382 15.15879 14.89305
18.22972 16.3851 16.17741 11.44941 13.97175 14.75818 12.07142 15.86568 16.00507 15.78452
19.93774 17.95274 17.75857 12.72811 15.39252 15.90815 13.08578 17.17675 17.06393 16.7931
21.98252 20.18055 19.56468 14.83139 17.11429 17.62073 14.65536 18.77847 18.88622 18.42336
24.39702 22.69966 21.80584 16.88026 19.11711 19.62606 16.41295 21.01746 20.9008 20.3212
27.24395 26.93338 24.59369 19.61196 21.94429 22.34023 18.88478 23.51045 23.14289 22.8094
30.08248 30.6608 28.04099 23.46055 24.98574 33.02027 30.58434 26.59498 26.01202 33.85687
33.72205 33.0343 35.36656 35.24052 32.83124 33.09469 30.64872 36.73731 37.45139 33.92386
36.84245 33.08921 35.42905 35.29849 32.88004 33.16882 30.71277 36.81258 37.53123 33.99007
36.89899 33.144 35.48838 35.35437 32.92646 33.24215 30.77622 36.88758 37.61022 34.05519
36.95496 33.19871 35.54745 35.40982 32.97254 33.31518 30.83924 36.96254 37.68788 34.11915
