12.43447 10.72283 10.79269 7.87675 8.63206 12.77483 9.63048 11.91194 12.26458 11.60367
12.49106 10.79614 10.85589 7.94313 8.69144 12.83279 9.77971 11.99451 12.34452 11.6473
12.60174 10.94103 10.95492 8.05001 8.77048 12.91129 10.06221 12.18985 12.47058 11.74961
12.8969 11.09327 11.14587 8.2257 8.84949 13.08762 10.29385 12.39575 12.62006 11.93837
13.44948 11.26592 11.5562 8.5154 9.1464 13.33888 10.51939 12.61465 12.97505 12.20029
14.09714 11.64086 12.06759 9.18482 9.32637 13.73218 10.83477 12.91165 13.61357 12.65114
14.45316 11.75889 12.37783 9.71649 9.27601 14.49981 10.9398 13.40129 14.54295 13.44492
13.80875 11.6509 12.20444 8.36706 8.62077 15.5629 10.58792 13.17311 14.77824 12.1079
14.41875 11.90134 12.73753 8.53414 9.29159 14.79173 10.15482 11.99571 14.63998 11.64883
15.69888 12.67576 13.87009 8.7822 10.37881 14.3908 11.30789 12.53348 15.25514 13.08963
17.09061 13.63401 14.76012 9.62271 11.21771 14.90296 12.14347 13.62273 16.02839 13.47132
18.1918 14.68991 15.45324 10.04093 11.74916 16.23157 12.82341 14.87261 16.63383 14.32551
19.31487 15.5616 16.39354 10.72104 12.14089 17.21475 13.39553 15.65667 17.51261 14.7105
20.31103 16.61165 17.5888 11.45552 12.80516 18.25797 13.96471 16.29456 18.63307 15.09914
21.42091 17.33276 18.53301 12.31396 13.41436 19.36721 14.71684 17.13382 19.74574 15.66864
22.87923 18.32669 19.88668 13.33076 14.30691 20.44312 15.53504 18.14295 20.69203 16.39492
24.76477 19.88728 21.79523 14.91773 15.45868 21.37656 16.43491 19.4002 22.14056 16.75157
27.0579 22.07597 24.19112 16.76784 16.98073 22.596 17.53444 21.05354 24.00733 17.72428
30.07955 26.08671 27.46797 18.81996 18.79965 24.89121 18.97414 22.9469 26.36089 19.0163
34.23816 34.53577 37.57363 22.48978 32.86763 43.05578 34.50657 40.96018 41.00956 34.58401
42.05373 34.61053 37.66638 36.05462 32.94458 43.16216 34.59291 41.0651 41.12288 34.66175
