10.4707 10.02513 10.15922 10.31725 9.85002 13.63853 12.77511 13.07098 12.31142 9.20067
10.59216 10.11222 10.24654 10.40471 9.92929 13.72958 12.84272 13.10826 12.38475 9.27071
10.81924 10.24873 10.39653 10.57705 10.05045 13.84707 12.98193 13.19588 12.51303 9.38479
11.11509 10.40729 10.64834 10.73945 10.21011 14.02657 13.15904 13.33985 12.67025 9.55549
11.61344 10.68442 10.91956 10.98799 10.41034 14.36383 13.4147 13.54794 12.86957 9.72908
12.30719 11.0895 11.09605 11.35243 10.78256 14.74953 13.69891 13.88347 13.12982 9.92135
11.92653 10.71857 11.14477 11.17583 10.48291 15.18654 14.16543 14.39548 13.40401 10.23824
11.04626 10.30097 10.57914 10.85907 10.0804 15.48268 14.1231 14.57477 13.6571 9.96599
11.13367 10.56261 10.75096 11.23772 10.25719 15.24037 13.40217 13.99761 12.67175 9.24007
11.58122 11.05736 11.40715 11.81593 10.64873 15.42111 13.88737 14.46912 12.97874 9.28563
12.48879 11.8275 11.97417 12.64906 11.45254 16.26498 14.36279 15.44002 13.33211 9.53855
13.40298 12.57733 12.84149 13.78118 12.11811 17.28284 15.25589 16.39822 14.35775 10.01536
14.54677 13.51508 14.08541 15.02914 12.88161 18.47417 16.35253 17.71985 15.42157 10.58544
16.06369 14.98643 15.5823 16.61756 13.86964 19.92896 17.53699 19.10325 16.62796 11.47924
17.97049 16.47842 17.37752 18.595 15.08635 21.63268 19.13215 20.90021 18.16962 12.74073
20.11366 18.06282 19.40684 20.69382 16.56443 23.64097 21.05049 22.82116 19.71248 14.09033
22.67611 20.09422 21.76058 23.14753 18.47709 25.89826 23.3389 25.12334 21.57132 15.53382
25.39605 22.66749 24.24269 25.66414 20.50455 28.16547 26.15309 27.37361 23.49828 17.02504
28.29356 29.82429 26.92783 29.51817 23.01355 30.81593 29.91176 39.21471 25.41177 18.53376
41.04534 33.753 36.11599 38.21515 31.08745 42.1164 36.94448 39.29049 37.23025 31.80962
41.11307 33.80416 36.17845 38.27691 31.14049 42.18565 37.01145 39.3658 37.30221 31.86055
