11.63689 10.87128 9.6822 11.11441 9.75415 14.95114 11.91795 16.37881 16.83387 14.70707
11.73705 10.97512 9.78229 11.24048 9.8278 15.12844 12.10538 16.57656 16.91653 14.88319
11.92982 11.21211 9.96353 11.45146 9.94353 15.43099 12.34023 16.78923 17.1386 15.05654
12.23306 11.5507 10.1485 11.64528 10.1318 15.75687 12.4533 17.10078 17.45814 15.25221
12.78311 12.0336 10.66316 11.9038 10.45539 16.22126 12.75023 17.45485 17.80283 15.39295
13.68696 12.60959 11.27914 12.55152 11.18116 16.80289 13.20501 17.83096 18.44356 15.67673
13.39913 12.50883 10.7433 12.62693 11.24116 17.76398 13.69136 18.17226 19.30206 16.01986
13.10561 12.17792 10.50606 11.76795 11.35016 18.21177 13.16479 18.77374 19.81195 15.93637
13.42081 12.54271 10.91832 11.93689 11.7853 17.79681 12.67607 18.19002 19.89548 15.8512
14.23771 12.9272 11.10241 12.30056 11.89155 18.66 12.88365 18.74246 20.33762 16.11456
14.76802 13.60677 11.9357 13.30454 12.77288 19.70199 13.56738 20.05783 21.29021 16.67365
16.05284 14.84534 13.01998 14.62121 13.94563 21.49949 14.64133 21.54789 22.96543 17.64036
17.59004 16.23281 14.39041 16.15031 15.50993 23.50233 15.53209 23.2684 24.69828 18.78192
19.55253 18.12586 16.14292 18.31987 17.29611 26.02054 17.23301 26.20538 26.82491 20.34946
21.8206 20.44048 18.27486 20.84483 19.62352 28.91619 19.41394 28.97088 29.30656 22.08853
24.47954 23.29055 20.49607 23.78728 22.55973 31.66978 22.0825 32.27034 31.8818 24.61914
27.76562 32.30063 25.09438 28.66306 30.37123 44.66245 33.34401 43.27145 34.79886 32.18218
35.33281 32.36769 32.09443 35.75738 31.68916 44.75908 33.41077 43.3675 43.79463 32.24888
35.39127 32.42345 32.14921 35.81066 31.73458 44.85573 33.47724 43.46352 43.88399 32.31553
35.44873 32.47756 32.20335 35.86266 31.77956 44.95187 33.54362 43.55935 43.97325 32.3822
35.50552 32.53082 32.25666 35.91411 31.82435 45.04645 33.60992 43.6554 44.06195 32.44887
