11.32776 7.89657 11.31031 12.5851 9.83056 16.15634 13.60205 14.99252 12.9676 16.04741
11.44721 7.95411 11.39864 12.68806 9.91506 16.22032 13.70149 15.07492 13.02736 16.14134
11.57685 8.06814 11.5601 12.81322 10.05611 16.25061 13.85374 15.24234 13.15797 16.15815
11.86297 8.2414 11.74434 13.10473 10.28811 16.34089 13.965 15.42696 13.32993 16.20796
12.36294 8.52447 12.03276 13.50625 10.61004 16.51693 14.15013 15.68224 13.52751 16.38835
13.03941 8.95945 12.61989 14.10732 10.87746 16.65696 14.34845 16.10839 13.78804 16.25525
13.90795 9.09085 13.56961 14.41601 11.08699 16.88287 14.77541 16.24743 14.0632 16.83424
13.62586 8.39988 13.53422 14.25862 10.66281 17.2508 15.51381 16.43388 14.42317 16.97688
14.48715 8.87109 13.66417 15.21179 10.9715 17.17098 15.40783 15.86957 14.20288 15.91835
15.42985 9.8685 14.51479 15.9006 12.17302 17.71653 15.84282 16.47401 15.42077 16.41948
16.38398 10.82746 15.58359 17.01083 13.53408 19.04448 16.52535 17.34839 15.86078 18.07168
17.79377 11.36593 16.74822 17.96427 14.41305 19.56192 17.5393 17.81752 16.78487 18.68079
18.86384 11.84251 18.09003 19.00908 15.08648 20.37876 18.53297 19.08173 17.7495 18.88184
20.01595 12.02784 19.33 20.27736 15.71354 21.36319 19.82773 19.91205 18.59488 19.12946
21.38139 12.6434 20.73498 21.3486 15.16581 23.01295 21.18147 20.69011 19.60018 19.59093
23.12456 13.18256 22.31605 22.88076 15.80652 24.04187 22.59099 21.50198 20.63301 20.19753
25.15507 14.38603 24.12233 24.5318 16.76453 24.71222 24.1862 22.80906 21.66556 20.83542
27.49013 16.00323 26.54616 26.59244 18.10088 26.17871 26.23858 24.36338 22.63483 21.85888
30.2969 17.91224 29.22236 29.3215 20.05958 28.36623 29.1943 26.71016 24.28355 23.61468
34.32401 31.93962 42.42283 33.11612 33.27351 42.82795 41.13412 44.82083 42.07094 35.68906
44.05298 32.01016 42.52076 44.76065 33.36381 42.94058 41.23687 44.93089 42.18789 35.75957
