17.37908 15.20053 14.95234 15.46302 12.03508 16.62098 17.04666 18.74026 15.26629 19.21923
17.43765 15.31418 15.03814 15.56484 12.12801 16.72026 17.12707 18.82671 15.34785 19.29859
17.54732 15.52083 15.22897 15.74809 12.26886 16.92194 17.27242 18.93137 15.50783 19.42286
17.7076 15.81671 15.48134 15.94553 12.5275 17.22142 17.47167 19.07182 15.71989 19.62854
17.95531 16.24703 15.81221 16.30727 12.90775 17.661 17.66724 19.21301 15.9113 19.91932
18.38881 16.73746 16.2456 16.75632 13.33162 18.14495 18.00753 19.28095 16.21679 20.56102
19.13074 16.93639 16.72509 17.45807 14.06813 18.5965 18.51237 19.55663 16.7148 21.47632
19.2156 16.88643 16.86775 17.3834 13.58707 19.21231 19.26006 20.14213 17.15347 22.63278
19.09126 17.01471 17.04827 17.08256 13.10191 19.22353 19.1735 20.11773 16.85375 23.59144
20.03199 17.62247 17.57499 18.08361 12.93146 18.49244 19.64711 20.26936 16.76247 23.79146
20.84842 18.62181 18.43499 19.05729 13.41386 18.91077 20.09685 20.83069 17.8296 24.66975
22.13491 19.60129 19.82434 20.24962 14.14172 20.08615 20.80028 21.94094 19.09474 25.549
23.47454 20.8679 21.33059 21.46015 15.05997 20.91121 21.70012 22.82896 20.30957 26.81479
24.81908 22.32196 22.84115 22.95984 16.1652 22.10981 22.86525 24.13853 21.55089 28.5088
26.41379 24.40758 24.60319 24.55282 17.4882 24.06157 24.72444 25.91281 23.03539 30.58278
28.48311 27.13732 27.10686 27.06766 19.10034 26.21366 26.9608 27.93146 25.13443 32.59423
31.54473 31.33157 31.05648 30.63909 20.93944 28.57323 30.43168 30.53798 27.61786 35.08185
41.97119 36.87443 40.32255 41.29547 30.7007 42.40851 40.58357 42.24804 44.53597 43.08145
42.04015 36.94312 40.3986 41.38505 30.75916 42.50946 40.68599 42.36772 44.65767 43.1776
42.10977 37.01005 40.47166 41.46761 30.81175 42.612 40.78797 42.48709 44.77719 43.2734
42.17888 37.07644 40.54364 41.54845 30.86325 42.7106 40.88966 42.60652 44.89526 43.36891
