12.63222 11.36725 11.86517 10.81892 11.34306 14.19916 15.03033 15.04987 14.21311 10.65314
12.71808 11.48052 11.92967 10.88274 11.39609 14.25318 15.11306 15.09822 14.27059 10.71639
12.93752 11.68154 12.09062 11.01223 11.50472 14.41724 15.27022 15.18819 14.35788 10.84012
13.23666 12.02841 12.37564 11.15321 11.65485 14.58606 15.35931 15.31682 14.48577 10.95428
13.53351 12.02689 12.66442 11.37743 11.84032 14.82885 15.62183 15.4778 14.66768 11.13051
14.10092 12.27266 12.87332 11.70373 12.25502 15.25857 15.90334 15.6299 14.9572 11.41289
13.47339 11.38099 12.38815 11.37267 11.49921 15.18797 16.30125 16.01289 15.28511 11.72381
13.28094 11.56771 12.69288 11.50237 11.63401 15.31423 15.59322 15.96381 15.02173 11.09331
14.3649 12.48511 13.40659 11.97293 12.36685 15.38981 16.24415 16.14729 15.92732 10.78528
15.02975 13.03493 14.09566 12.67427 12.99383 16.08655 16.76472 16.56899 16.19125 10.98802
16.12984 14.17853 14.98528 13.82057 13.89397 17.25203 18.18828 17.89985 17.38293 12.05104
16.85972 14.96659 16.27284 14.94788 14.51841 18.19251 18.88075 18.82571 17.8718 12.74434
17.64549 15.59779 17.30405 16.15375 14.97724 19.6514 19.94358 20.0127 18.79522 13.14964
19.2986 16.96455 18.88365 17.74839 15.88807 21.13866 21.30193 21.04744 20.07493 13.52298
21.32184 18.72704 20.7629 19.62591 16.90496 22.71436 22.80904 22.72787 21.64364 14.33576
23.70873 20.5045 22.89184 21.9573 18.28317 24.71179 24.8442 24.44561 23.48219 15.69764
26.29951 22.56092 25.31275 24.38556 19.80722 26.95533 27.46482 26.74801 25.54461 17.16418
29.3453 24.72278 29.60451 27.06373 21.61643 29.67032 29.64506 29.2412 27.73202 18.83855
32.67224 31.82221 38.0241 30.72556 23.84649 44.78474 39.99347 41.23414 42.72697 33.60834
44.10262 36.78519 38.09921 38.81317 33.20605 44.88291 40.08753 41.33792 42.82714 33.67705
44.17383 36.84621 38.16943 38.88074 33.25977 44.97964 40.18091 41.44092 42.92564 33.74417
