12.96879 12.54738 11.59293 9.62907 10.55759 12.75733 10.15287 12.17061 13.95802 13.04397
13.0431 12.65711 11.73562 9.71822 10.55809 12.82926 10.39023 12.27111 14.03244 13.12832
13.27168 12.80793 11.93643 9.84517 10.59327 13.03253 10.67429 12.41155 14.16199 13.30056
13.6462 12.99638 12.19639 10.08374 10.7306 13.30252 10.9019 12.57791 14.43206 13.49915
13.78026 13.27502 12.53839 10.36043 10.85347 13.64481 11.08046 12.77763 14.74202 13.77475
14.2202 13.47938 13.21308 10.83934 11.25527 14.04288 11.20335 13.0797 15.19851 14.08021
14.02322 13.23992 12.84032 10.41435 11.01866 14.53675 11.26791 13.56786 15.58236 14.42655
13.64072 13.40512 12.82203 9.72868 10.78044 14.82262 11.2095 13.8195 15.52617 14.37969
14.04989 13.87361 13.45269 10.16173 11.2689 14.16062 10.76194 13.32421 14.63461 13.47417
14.44122 14.5306 13.7674 10.93157 12.20965 13.48247 11.12624 12.80061 14.66272 13.2321
15.39233 15.22827 14.31352 11.48238 12.77264 14.3217 11.62189 13.45931 14.96242 14.17619
16.02149 16.23888 14.95136 11.70565 13.64151 14.31914 11.76598 13.76575 15.14533 14.752
16.80341 17.09267 15.73344 12.53494 14.11609 15.20176 12.26043 14.62195 15.91755 15.40242
17.95017 18.03674 17.03579 13.50714 15.25918 15.86165 12.8717 15.66607 16.21488 16.40007
19.63467 19.64498 18.54925 14.88115 16.20199 17.0173 13.90767 16.46773 17.32625 17.20716
21.48862 21.51039 20.22439 16.55378 17.43786 18.51117 15.01046 17.86383 18.64614 18.46639
23.58003 23.85073 22.41626 18.3563 19.07735 20.13249 16.30687 19.48902 20.31362 19.55699
25.73873 26.39375 24.98652 20.46149 21.01723 22.12121 17.86876 21.34577 22.28123 20.73677
28.48876 30.15896 29.44195 22.64791 23.62211 24.32607 30.84328 23.58538 24.34561 22.32558
31.70654 34.84914 35.04737 35.49306 32.7242 36.53972 30.9436 36.72826 35.08691 33.68333
37.13448 34.89734 35.10528 35.55908 32.7762 36.60358 30.99843 36.79119 35.15195 33.73847
