16.42788 12.49477 13.00912 14.35299 11.52526 17.04469 15.2174 16.69677 11.6742 14.63431
16.5834 12.59289 13.11866 14.40354 11.5959 17.17318 15.31913 16.77138 11.73448 14.69578
16.80271 12.68403 13.31034 14.52438 11.69665 17.39012 15.448 16.86872 11.89547 14.83942
17.13532 12.7907 13.50048 14.70268 11.74881 17.6407 15.6365 16.99266 12.05545 15.05664
17.4995 12.97806 13.77366 15.0075 11.93598 17.91087 15.9526 17.13153 12.17924 15.36277
18.14144 13.15446 14.25897 15.59923 12.25158 18.21053 16.37972 17.37702 12.18984 15.75036
18.88522 12.81523 14.57709 16.00616 12.06397 18.67831 16.89371 17.76855 12.30278 16.24921
18.80319 12.65429 14.56188 15.58695 11.81218 18.86099 17.54228 18.36651 12.33975 17.08667
19.25844 12.88506 14.80802 15.98376 12.20848 17.65645 18.00947 18.33676 11.43536 17.04233
20.02644 13.39691 15.41185 16.64027 12.59476 17.09699 18.61549 18.38463 11.33111 16.40153
21.08928 13.67815 16.0922 17.61666 13.19302 17.63236 19.70861 19.02406 12.02116 16.39139
22.24927 14.30505 17.10708 18.80416 13.8591 18.03366 20.78178 19.9028 12.69878 16.81343
23.39885 15.11341 18.20423 19.97416 14.48223 19.02492 22.02688 20.99346 13.74882 17.42263
24.86022 16.16639 19.51178 21.36465 15.43668 20.24173 23.58553 22.37043 15.04672 18.41056
26.44945 17.39037 21.32229 23.11967 16.66442 21.70608 25.37998 23.71645 16.43426 19.61181
28.40836 18.903 23.29719 25.0706 18.00236 23.43695 27.16088 25.26552 18.12465 21.13913
30.66881 20.58602 25.5391 27.72708 19.59564 25.63173 29.73887 26.85314 20.08835 22.77929
33.21375 22.46495 29.03736 30.53474 21.79742 27.99616 34.19144 28.66767 22.35204 24.75729
37.53601 25.09588 34.49051 35.68619 25.02147 31.09548 36.40694 30.62537 24.69382 32.45414
41.52347 31.16584 37.67797 38.97529 30.12585 41.57067 39.41357 38.43584 37.88828 34.64161
41.58848 31.21393 37.74322 39.04434 30.16812 41.63567 39.47922 38.50854 37.95751 34.69372
