14.32393 11.70407 11.65854 11.75594 9.61738 13.37773 13.03052 15.78913 11.29837 15.00932
14.39769 11.81869 11.83437 11.84949 9.73323 13.45563 13.12179 15.87222 11.36272 15.05829
14.53281 12.01947 12.00604 12.01509 9.97313 13.60772 13.23866 15.98349 11.45301 15.12229
14.7131 12.33519 12.23678 12.25905 10.27385 13.78987 13.26511 16.11538 11.55086 15.2857
14.93911 12.72329 12.48718 12.45451 10.73447 14.10151 13.32069 16.36774 11.75522 15.49663
15.40338 13.04078 12.89608 12.66026 11.18581 14.4933 13.50533 16.60306 11.93746 15.80955
15.93856 13.17745 13.04145 13.29758 10.95609 15.01093 13.93386 16.83331 12.02096 16.60138
15.74844 12.87032 13.46889 12.81958 9.84422 15.94936 14.37897 17.26823 12.7164 17.95545
16.9166 13.42927 14.19085 13.8975 9.95719 15.18982 14.9747 17.19791 12.05175 17.65658
18.08049 14.28492 15.13007 15.11216 10.64624 16.29359 15.88392 17.53333 13.56392 18.29285
18.96661 15.05281 15.85088 16.02858 11.7231 17.07148 16.55606 19.10099 14.95113 19.33334
19.55787 15.89635 17.1433 16.4389 12.50963 17.18518 16.98009 19.6258 15.12383 20.3376
20.84124 16.72053 18.62282 17.37508 12.83117 17.73361 17.28194 20.21243 15.84048 21.16927
21.94817 17.89789 19.64239 18.67538 13.23004 18.10071 18.25185 21.12061 16.90754 22.19269
22.86643 19.04843 21.02259 19.96329 13.97641 18.55286 19.11447 22.45302 18.18997 23.55735
23.90778 20.5307 22.65643 21.29736 15.23871 19.46706 19.96429 23.42672 19.28425 25.12266
25.35915 22.46858 24.58727 23.29723 16.83247 21.19029 21.1991 25.16896 20.74602 26.95839
27.40848 24.8622 26.98938 25.62946 18.61233 23.14829 22.53769 27.25248 22.57431 29.04513
30.5427 28.19833 30.28247 29.14306 20.66773 25.70595 24.16968 30.08287 25.4114 31.29721
44.27442 38.69323 42.94305 39.47521 22.96469 47.44363 42.84142 33.42549 46.29385 45.62472
44.39096 38.80264 43.06042 43.80747 33.9236 47.5659 42.95882 46.82817 46.4439 45.73912
