17.53853 15.42765 15.14803 15.85187 11.99086 16.95975 17.09456 19.01883 15.22434 18.77047
17.62911 15.69965 15.3341 16.00272 12.14071 17.09216 17.14539 19.11121 15.39446 18.85503
17.84511 15.9096 15.52477 16.1259 12.34487 17.29201 17.28777 19.1886 15.67618 19.03829
18.19637 16.22131 15.87132 16.46337 12.67842 17.6198 17.52511 19.47971 15.96385 19.35232
18.58529 16.64898 16.39051 16.88129 13.07792 18.04981 17.82045 19.75323 16.246 19.85432
19.11303 17.02196 16.93133 17.24539 13.62719 18.49356 18.15931 20.08533 16.61579 20.60822
19.53041 17.26811 16.93136 17.59411 13.94954 18.67227 18.86682 20.48552 17.07076 21.59056
19.57474 17.05534 17.11168 17.16083 12.96203 19.10986 19.63025 20.85344 17.68507 22.53518
19.9632 17.56597 17.49921 17.39967 12.73378 18.11872 19.06845 20.40812 16.89277 23.18081
20.8628 18.07378 18.04302 18.00214 13.09309 18.17135 19.72016 20.53398 17.17851 23.33244
21.98978 18.99517 19.24863 19.17358 13.60757 19.06001 20.76584 21.48999 18.20247 24.0572
23.60001 20.2133 20.73766 20.71443 14.54183 20.27634 21.90144 22.67098 19.74265 25.448
25.42154 21.9792 22.7039 22.6378 15.92319 21.96853 23.73488 24.49824 21.75165 27.21943
27.79335 24.08006 25.5296 24.77159 17.30747 24.21318 26.01316 26.77567 24.35569 29.16762
30.54938 26.67245 28.45856 28.01802 19.18326 27.07982 29.0494 29.66941 27.21533 31.65899
33.75206 30.80613 32.59252 31.70711 21.46186 30.27596 35.78531 32.6003 30.20054 40.76379
41.39049 36.34596 39.49103 40.36254 29.77516 41.27274 39.58245 41.37378 43.27378 40.84299
41.45174 36.40255 39.61161 40.46127 29.82209 41.35506 39.6649 41.46134 43.37313 40.91819
41.51164 36.45753 39.67248 40.5336 29.8632 41.43711 39.74758 41.54983 43.47034 40.99208
41.5705 36.51132 39.73103 40.60121 29.90385 41.51842 39.8296 41.63929 43.56676 41.06576
41.6286 36.56509 39.79105 40.66901 29.94438 41.59973 39.91226 41.72621 43.66306 41.13924
