12.64081 12.51404 12.59453 12.09424 11.58935 15.90661 15.6178 16.09802 14.2603 11.00182
12.77961 12.59936 12.65472 12.17366 11.65652 16.01356 15.71267 16.16759 14.33312 11.08047
13.01915 12.77736 12.76278 12.30645 11.76755 16.19329 15.84189 16.30002 14.44526 11.21404
13.37861 13.00701 12.97085 12.4487 11.8994 16.39358 16.02146 16.44748 14.58194 11.3622
13.86145 13.20966 13.29582 12.73685 12.09305 16.69539 16.27503 16.65943 14.74346 11.53923
14.5705 13.44171 13.57602 13.22038 12.5062 17.02545 16.57618 17.07793 14.96303 11.79013
14.58972 13.1894 13.07827 13.25101 12.46648 17.67942 17.01925 17.8033 15.35022 12.21212
13.79246 13.30725 12.78202 12.987 11.78323 17.55617 16.31351 17.83252 14.9207 11.07718
14.09342 13.7324 13.26899 13.45812 12.15212 17.47185 16.65319 17.70411 15.07232 11.4315
14.71931 14.42881 13.9209 14.03213 12.80205 17.76768 16.67641 18.41368 15.62465 11.33605
15.89017 15.28227 14.77931 14.92641 13.65144 18.67035 17.77196 19.48313 16.5341 12.2119
16.91495 16.36264 15.72652 15.84641 14.66348 19.65691 18.76958 20.52445 17.29693 13.0835
17.70551 17.37364 16.79673 16.98758 15.31478 20.65713 19.61907 22.15083 18.42726 13.94294
18.49999 18.20925 17.5426 18.27646 15.95722 21.79846 20.16413 23.54778 19.42049 14.70168
19.29332 18.94589 18.55844 19.66015 16.50489 22.83183 21.13904 24.81888 20.26558 15.37892
20.72304 20.30409 20.0322 21.3566 17.36758 23.93457 22.45926 26.00458 20.99116 15.45038
22.48751 21.90392 21.87286 23.37479 18.52622 25.45735 24.15422 26.82756 21.74934 15.78109
24.97279 25.29787 24.07621 25.83018 19.95008 27.2648 25.97788 28.46468 23.22375 16.86172
28.15407 30.78562 27.15848 28.95719 22.12285 29.46338 30.68731 30.76082 24.92572 17.96644
41.43651 36.59095 37.73951 39.96867 32.98845 43.54797 37.48929 42.74069 38.2604 31.99749
41.52939 36.66064 37.82237 40.05544 33.06701 43.6505 37.58566 42.84772 38.36356 32.0728
