12.39736 9.48393 9.58247 10.24369 8.13597 10.01639 9.79429 11.12341 7.60634 10.83354
12.39736 9.48393 9.58247 10.24369 8.13597 10.01639 9.79429 11.12341 7.60634 10.83354
12.39736 9.48393 9.58247 10.24369 8.13597 10.01639 9.79429 11.12341 7.60634 10.83354
12.39736 9.48393 9.58247 10.24369 8.13597 10.01639 9.79429 11.12341 7.60634 10.83354
12.39736 9.48393 9.58247 10.24369 8.13597 10.01639 9.79429 11.12341 7.60634 10.83354
12.39736 9.48393 9.58247 10.24369 8.13597 10.01639 9.79429 11.12341 7.60634 10.83354
12.39736 9.48393 9.58247 10.24369 8.13597 10.01639 9.79429 11.12341 7.60634 10.83354
12.39736 9.48393 9.58247 10.24369 8.13597 10.01639 9.79429 11.12341 7.60634 10.83354
12.39736 9.48393 9.58247 10.24369 8.13597 10.01639 9.79429 11.12341 7.60634 10.83354
12.39736 9.48393 9.58247 10.24369 8.13597 10.01639 9.79429 11.12341 7.60634 10.83354
12.39736 9.48393 9.58247 10.24369 8.13597 10.01639 9.79429 11.12341 7.60634 10.83354
12.39736 9.48393 9.58247 10.24369 8.13597 10.01639 9.79429 11.12341 7.60634 10.83354
12.39736 9.48393 9.58247 10.24369 8.13597 10.01639 9.79429 11.12341 7.60634 10.83354
12.39736 9.48393 9.58247 10.24369 8.13597 10.01639 9.79429 11.12341 7.60634 10.83354
12.39736 9.48393 9.58247 10.24369 8.13597 10.01639 9.79429 11.12341 7.60634 10.83354
12.39736 9.48393 9.58247 10.24369 8.13597 10.01639 9.79429 11.12341 7.60634 10.83354
12.39736 9.48393 9.58247 10.24369 8.13597 10.01639 9.79429 11.12341 7.60634 10.83354
12.39736 9.48393 9.58247 10.24369 8.13597 10.01639 9.79429 11.12341 7.60634 10.83354
12.39736 9.48393 9.58247 10.24369 8.13597 10.01639 9.79429 11.12341 7.60634 10.83354
12.39736 9.48393 9.58247 10.24369 8.13597 10.01639 9.79429 11.12341 7.60634 10.83354
12.39736 9.48393 9.58247 10.24369 8.13597 10.01639 9.79429 11.12341 7.60634 10.83354
