15.97551 12.78208 11.88156 12.57968 11.14267 16.63906 13.18864 11.9814 13.32258 12.39577
16.17173 12.89167 12.00355 12.72163 11.26071 16.77969 13.28489 12.05238 13.40642 12.56062
16.31785 13.16034 12.21724 12.84087 11.45894 16.99406 13.47082 12.16252 13.5727 12.76338
16.5134 13.58955 12.60205 13.02584 11.72748 17.2367 13.70332 12.37779 13.77425 13.06434
16.84161 14.10605 13.15378 13.31177 12.04468 17.54361 14.10206 12.68225 14.0368 13.55577
17.45419 14.63318 13.99829 13.89877 12.52347 17.94603 14.55569 13.18343 14.36112 14.26002
18.42755 15.036 14.68285 14.99684 12.7116 18.47986 15.29527 13.55894 14.86575 14.92351
17.48531 14.83581 14.06431 14.47087 11.86637 18.51029 16.201 13.43144 15.32939 14.5698
17.93471 15.23507 14.35204 14.45521 11.90486 17.78142 15.25296 12.69799 14.6645 14.04211
18.94648 15.86967 15.17816 15.13726 12.06473 18.47047 15.39303 12.67549 15.13052 13.9382
20.13511 16.71742 16.34882 15.93779 12.71461 19.32606 16.05381 13.78852 16.20789 14.87754
21.18859 18.02188 17.74188 16.94664 13.60318 20.2536 16.83147 15.14075 17.46453 15.37212
22.42946 19.40877 19.32085 18.00509 14.58085 21.64492 17.88836 16.2723 18.21279 16.53606
23.77835 20.9934 20.76165 19.41091 15.70345 22.61431 19.27082 17.23311 19.55433 17.80814
25.22676 22.99146 22.4376 21.15565 17.11058 23.66081 20.82646 17.81641 20.87558 19.2794
27.34522 25.11382 24.739 23.14123 18.78205 25.60702 22.82665 19.20763 22.14992 21.07126
30.25307 27.92802 27.54249 25.81209 21.19763 27.87891 25.05389 21.01442 24.14112 23.00772
34.63206 31.4191 31.34147 29.27564 24.25066 31.04996 43.16201 23.66108 26.65083 26.67394
42.86777 40.93529 43.33197 40.20182 32.56708 44.78157 43.28137 43.11006 41.23193 37.03162
42.95694 41.01343 43.43909 40.28858 32.63112 44.89626 43.3946 43.23345 41.36041 37.12936
43.03955 41.0898 43.53844 40.37234 32.69315 45.0128 43.50768 43.35786 41.48992 37.22672
