15.8318 12.27346 11.57246 11.95781 10.84917 15.75344 12.72508 11.22794 13.19619 11.88557
15.94431 12.4154 11.64964 12.03545 10.95965 15.81375 12.83192 11.3359 13.29499 11.97384
16.11808 12.68986 11.87411 12.13113 11.16624 15.9135 13.02394 11.48335 13.44261 12.16744
16.34048 13.0501 12.2098 12.33367 11.40711 16.07406 13.26141 11.64156 13.58537 12.37102
16.60977 13.41454 12.62987 12.63358 11.66657 16.28218 13.52215 11.81873 13.76597 12.6436
17.24827 13.76387 13.24565 13.05706 11.95371 16.53811 13.83951 12.08596 13.81611 12.8782
17.70849 14.19754 13.20048 13.83645 11.86675 16.70194 14.3052 12.31617 14.15926 13.214
17.4081 14.31993 12.96327 13.26302 11.09267 16.71695 15.15515 12.04661 14.42068 13.61519
18.15041 14.60321 13.37031 13.44255 11.12182 16.24157 14.89213 11.66371 13.93698 12.50441
18.94024 15.34197 14.26623 14.1765 11.54604 16.38028 15.02067 11.9833 13.85619 12.58148
20.17124 16.07516 15.16658 14.95431 11.99126 16.95382 15.55511 12.72815 14.39029 13.18751
21.09517 17.16997 16.56438 16.02418 12.71746 17.84793 16.35901 13.68611 15.1358 14.05934
22.31771 18.52072 17.70976 17.33334 13.55522 18.83031 17.60562 15.117 16.26226 15.14425
23.94738 20.23027 19.4376 18.88832 14.73374 20.32646 19.11127 16.51034 17.70049 16.45094
25.91198 22.1142 21.44342 20.7681 16.21992 21.91435 20.94064 18.13623 19.37464 18.03582
28.13142 24.19638 23.7009 22.97523 18.06953 23.89233 22.8682 20.02825 21.23376 19.73202
30.57304 26.65247 26.23583 25.23137 20.3493 26.08444 25.04417 22.0981 23.39684 21.53858
33.38156 29.50558 29.4329 27.84917 22.85908 29.52483 27.57908 24.34561 25.80707 23.8165
40.6291 34.27702 33.24364 31.42685 25.66942 37.16037 33.2675 30.5247 28.42011 35.09814
41.61286 37.76353 42.33833 37.85153 30.61391 39.82075 40.89858 38.837 38.61156 35.28512
41.67867 37.81986 42.4335 37.92126 30.65735 39.88266 40.9659 38.9098 38.68574 35.34465
