6.26846 6.54137 7.93164 7.22649 7.99774 6.89307 7.38539 6.68633 7.92887 6.51463
6.26846 6.54137 7.93164 7.22649 7.99774 6.89307 7.38539 6.68633 7.92887 6.51463
6.26846 6.54137 7.93164 7.22649 7.99774 6.89307 7.38539 6.68633 7.92887 6.51463
6.26846 6.54137 7.93164 7.22649 7.99774 6.89307 7.38539 6.68633 7.92887 6.51463
6.26846 6.54137 7.93164 7.22649 7.99774 6.89307 7.38539 6.68633 7.92887 6.51463
6.26846 6.54137 7.93164 7.22649 7.99774 6.89307 7.38539 6.68633 7.92887 6.51463
6.26846 6.54137 7.93164 7.22649 7.99774 6.89307 7.38539 6.68633 7.92887 6.51463
6.26846 6.54137 7.93164 7.22649 7.99774 6.89307 7.38539 6.68633 7.92887 6.51463
6.26846 6.54137 7.93164 7.22649 7.99774 6.89307 7.38539 6.68633 7.92887 6.51463
6.26846 6.54137 7.93164 7.22649 7.99774 6.89307 7.38539 6.68633 7.92887 6.51463
6.26846 6.54137 7.93164 7.22649 7.99774 6.89307 7.38539 6.68633 7.92887 6.51463
6.26846 6.54137 7.93164 7.22649 7.99774 6.89307 7.38539 6.68633 7.92887 6.51463
6.26846 6.54137 7.93164 7.22649 7.99774 6.89307 7.38539 6.68633 7.92887 6.51463
6.26846 6.54137 7.93164 7.22649 7.99774 6.89307 7.38539 6.68633 7.92887 6.51463
6.26846 6.54137 7.93164 7.22649 7.99774 6.89307 7.38539 6.68633 7.92887 6.51463
6.26846 6.54137 7.93164 7.22649 7.99774 6.89307 7.38539 6.68633 7.92887 6.51463
6.26846 6.54137 7.93164 7.22649 7.99774 6.89307 7.38539 6.68633 7.92887 6.51463
6.26846 6.54137 7.93164 7.22649 7.99774 6.89307 7.38539 6.68633 7.92887 6.51463
6.26846 6.54137 7.93164 7.22649 7.99774 6.89307 7.38539 6.68633 7.92887 6.51463
6.26846 6.54137 7.93164 7.22649 7.99774 6.89307 7.38539 6.68633 7.92887 6.51463
6.26846 6.54137 7.93164 7.22649 7.99774 6.89307 7.38539 6.68633 7.92887 6.51463
