20.75274 14.89326 16.15184 17.02527 13.61641 21.54601 19.09235 20.86246 14.69375 18.91964
20.87707 14.96183 16.24991 17.10511 13.71697 21.61417 19.1925 20.94883 14.74101 18.99875
21.13976 15.02848 16.4105 17.22807 13.88898 21.75234 19.378 21.05326 14.73065 19.12913
21.49274 14.96387 16.55247 17.46016 14.06168 21.90547 19.61988 21.25105 14.80608 19.34206
21.97343 15.01464 16.80581 17.77583 14.18282 22.18235 19.87852 21.4265 14.92709 19.71482
22.45434 15.22522 17.13501 18.21958 14.57084 22.56538 20.25096 21.6135 15.05073 20.2436
23.19571 15.31044 17.94545 18.9413 14.50204 22.95002 20.85895 21.91158 15.15028 20.93464
23.28622 14.7256 17.56797 18.31956 14.43593 23.1196 21.95186 22.31862 15.56047 22.03063
24.20283 15.15719 18.15656 19.17158 15.05824 22.5977 22.22666 22.10066 14.9392 21.29636
24.97891 15.89734 18.93099 20.32859 16.22128 23.33556 22.38528 23.02071 15.93048 20.1115
26.2173 16.8738 19.61871 21.285 17.08528 23.56878 23.70438 24.72592 17.11621 20.68475
27.55768 17.89634 21.14714 22.1963 18.01617 24.03281 25.0168 25.22844 17.49942 21.15495
28.93472 18.65292 22.4956 23.49915 18.80214 24.40839 26.75663 26.32863 18.01323 22.74422
30.51915 19.43312 24.01815 24.94193 19.38448 25.59949 28.15025 27.21536 18.88344 23.58403
32.29357 20.2472 25.6055 26.30859 20.55787 26.58726 29.63735 28.77655 19.91212 24.41283
34.32248 21.37057 27.41221 27.52935 21.69212 27.50042 30.89743 30.32626 20.96939 25.594
36.94025 22.80971 29.66357 29.41346 22.55873 28.63232 33.55416 31.65236 21.8709 28.00043
40.98169 25.08154 33.16292 32.09243 24.39913 32.15003 38.10988 33.51958 23.36398 33.2989
44.85716 31.32335 38.83436 36.63052 27.57553 38.87019 43.46914 38.67161 25.61777 36.90678
44.98502 33.82552 42.0411 42.44439 32.59032 46.10162 43.60116 43.0034 42.47631 38.22575
45.06546 33.89573 42.12215 42.5487 32.65042 46.20138 43.70748 43.11504 42.58752 38.30936
