14.83797 12.37421 12.21481 12.79858 9.89864 14.66453 13.42607 15.38948 11.37307 15.24397
14.93453 12.5552 12.33323 12.94241 10.05935 14.73987 13.52283 15.47936 11.47132 15.3626
15.20128 12.81119 12.51841 13.18223 10.30577 14.84749 13.67633 15.56817 11.64523 15.55676
15.53454 13.01148 12.78867 13.52297 10.60913 15.04936 13.86964 15.64073 11.85342 15.78356
15.90087 13.01528 13.17875 13.92658 10.57307 15.37884 14.12978 15.77692 11.98774 16.17007
16.66037 13.09921 13.63758 14.32325 10.62564 15.72369 14.40885 16.04078 12.15172 16.73723
16.36207 12.43896 13.27618 14.42033 9.85114 16.06709 14.76892 16.40233 12.19968 17.6034
16.33638 12.16923 13.48045 13.77153 9.68852 16.15823 15.25897 17.11862 11.92604 18.16986
17.45837 12.84495 14.0186 14.75972 10.54646 14.67924 15.44269 16.73772 11.40995 17.7906
18.48811 13.38977 14.94672 15.9271 10.91027 14.74834 15.76188 17.15831 11.6902 18.4482
19.44722 13.82914 15.86473 17.12356 11.7759 15.60273 16.34979 18.36265 12.58379 18.95417
20.67835 14.43488 17.33723 17.65131 12.41259 15.34006 17.11498 18.25957 12.69632 20.2029
21.72824 15.33933 18.5863 18.93983 12.69408 15.75758 18.06672 19.30916 13.31535 21.264
22.92556 16.63548 20.22135 20.55506 13.608 16.87076 19.42373 20.7051 14.41804 22.664
24.41251 18.39747 21.953 22.41605 14.88357 18.57284 21.16169 22.41764 15.9911 24.32156
26.32106 20.33617 24.36446 24.59496 16.47336 20.60144 23.11968 24.28413 17.82235 26.32917
28.21004 22.40254 26.88883 27.13749 18.15244 22.90349 25.10608 26.54594 20.00371 28.49071
31.11129 24.61579 30.41754 30.49429 20.1623 25.3461 27.31354 28.59485 22.41498 30.67846
34.46103 27.14144 36.02742 34.76814 22.21838 27.74433 30.08997 30.77029 25.3251 33.17461
43.45207 36.51026 41.70301 43.68956 32.33336 44.7789 42.41003 42.24607 28.53151 43.29786
43.52986 36.57864 41.79112 43.79572 32.39529 44.85956 42.49463 42.34592 42.88288 43.37224
