11.42233 9.32533 11.88563 11.9085 9.99682 16.67386 13.56539 14.58712 13.15497 17.793
11.53657 9.36355 12.02671 12.00959 10.06023 16.74838 13.64277 14.66668 13.23685 18.04866
11.6645 9.47364 12.09125 12.15877 10.21304 16.82348 13.74852 14.84681 13.37087 18.18807
11.79639 9.59651 12.17253 12.34457 10.44278 16.90798 13.89286 15.05095 13.46813 18.35093
11.97286 9.86326 12.31834 12.57242 10.69753 17.03316 14.04567 15.27381 13.59324 18.66235
12.3632 10.41923 12.523 12.92363 10.98476 17.1299 14.26947 15.57519 13.8121 18.99933
13.12159 11.42147 13.0983 13.58529 11.68582 17.22792 14.65574 15.96602 14.03275 19.33334
12.69302 11.40936 13.85197 12.84146 10.63089 17.70416 15.25585 16.4367 14.42023 19.91076
12.95188 11.28132 13.56089 12.8931 10.57041 17.04234 15.38463 16.28123 14.19953 19.57693
14.06444 11.98253 14.43893 13.82503 10.86016 17.18165 16.00589 16.59121 14.0128 19.545
15.5357 12.73477 15.53764 14.65882 11.56703 18.59214 16.79056 17.03477 15.52418 20.10449
16.6909 13.6897 16.64738 15.73227 11.97256 19.80806 18.16152 17.82017 16.66729 20.67487
17.77744 14.93622 18.31563 16.87355 12.49636 21.03461 19.27984 19.08124 17.86313 21.64966
18.8294 16.16296 19.38528 17.54503 13.24875 22.0154 20.73439 19.90146 18.81727 22.71667
19.83842 17.11161 20.67799 18.82295 14.00862 22.56905 22.17939 20.96669 19.4758 23.80683
21.10952 18.57812 22.08626 20.40168 15.10135 23.37265 23.53753 21.92618 20.13625 25.07864
22.76162 20.37773 23.96926 22.19459 16.46125 24.17145 25.21048 23.43737 20.87419 26.5892
25.07983 22.67897 26.37453 24.42882 18.09613 25.69175 27.31707 25.3924 22.57728 28.52369
28.85221 25.46859 30.16283 27.40156 20.13101 27.8169 30.33936 28.37751 24.61425 31.10202
40.56709 36.6739 40.87268 41.71321 32.21048 42.73815 40.26325 44.12888 42.46333 41.08698
40.65655 36.74845 40.97094 41.82656 32.27529 42.84693 40.37117 44.22985 42.56745 41.16735
