14.24107 12.64688 12.597 10.96036 10.61038 14.69242 11.06787 13.39965 16.01701 13.09086
14.2831 12.71281 12.67253 11.04184 10.65998 14.73611 11.1353 13.49288 16.04989 13.12044
14.41904 12.86503 12.8041 11.20865 10.76839 14.82991 11.33185 13.69602 16.16245 13.2402
14.61889 13.04426 12.95849 11.50192 10.88423 14.99309 11.53005 13.96583 16.33405 13.4424
14.9245 13.28431 13.21268 11.86524 11.03757 15.26761 11.76724 14.29609 16.62608 13.69934
15.39115 13.59824 13.60777 12.35639 11.27096 15.57223 12.11936 14.73401 16.99336 14.09059
16.1033 13.98536 14.10799 13.15842 11.6625 16.12133 12.40324 15.3393 17.64813 14.51292
16.52309 14.11645 14.6382 12.50064 11.64064 16.96546 12.53448 15.75812 18.03614 15.21197
16.28184 13.83474 14.25267 11.35535 11.03319 17.14056 12.06495 15.83401 18.5887 13.69979
16.36472 13.91371 14.53636 11.39616 11.07008 16.52707 11.80176 14.6817 18.15606 13.47511
17.17088 14.1662 15.10128 11.94777 11.56371 16.75151 11.87137 14.57365 18.19011 13.21791
17.69232 15.07459 15.72342 13.29472 12.09789 17.42113 12.6207 15.28042 18.48791 13.56322
18.77747 15.65677 16.40473 13.87618 12.74293 17.9403 13.04296 15.72747 19.00851 14.19753
19.70027 16.48204 17.37994 14.89871 13.4037 18.96499 13.46065 16.73235 19.91531 14.68173
20.70164 17.07488 18.37817 15.85344 14.21112 19.78713 14.16678 17.40462 21.16354 15.35211
21.92349 18.00973 19.68431 16.95558 15.14333 20.86241 14.88404 18.16217 22.01305 15.98344
23.18545 19.12334 21.15518 18.36191 16.19077 22.04961 15.52336 19.09908 22.88944 16.6043
24.81559 20.65323 22.87233 20.33155 17.47543 23.34778 16.29092 20.3979 24.20706 17.59249
26.90877 22.43235 24.87922 22.58255 19.10548 24.78896 17.30977 21.96138 25.6058 18.9714
29.92892 25.77041 28.26539 25.51348 21.2786 38.55786 18.45558 23.933 38.82726 20.36155
38.868 32.19466 36.36067 35.19175 30.87346 38.6226 32.10697 38.7609 38.89555 32.80277
