10.11799 9.55828 9.86191 9.69526 9.52269 12.47337 12.64664 12.84792 12.07642 8.96876
10.21602 9.65606 9.92003 9.86287 9.60024 12.56418 12.73579 12.90783 12.16052 9.04124
10.37963 9.86796 10.04296 10.11549 9.7403 12.7363 12.87838 13.02752 12.28469 9.13907
10.71439 10.07613 10.24607 10.36042 9.91905 12.9204 13.08022 13.17138 12.45083 9.31312
11.20626 10.34782 10.59451 10.65904 10.17187 13.21528 13.36767 13.41027 12.72787 9.64392
11.86005 10.64103 10.88671 10.97921 10.60519 13.56617 13.81861 13.86076 13.13455 10.01884
12.80319 11.16236 11.05483 11.47569 11.16256 14.2181 14.34404 14.67874 13.31836 10.62721
11.45207 10.20627 10.87913 11.12093 9.28301 14.63966 14.55935 15.44372 13.26827 10.27394
12.47415 11.0476 11.39712 11.669 10.07002 14.75153 14.26971 14.73131 13.17826 9.95788
13.59354 11.95735 11.98125 12.35133 11.64299 15.39618 14.46081 15.58957 13.79827 10.00527
14.58254 13.1255 12.68301 13.11591 12.47802 16.37894 15.34591 16.88212 14.2877 11.41
15.58486 13.47643 13.51817 13.74332 12.88999 17.04573 16.19838 17.17757 14.72969 11.92975
16.60824 14.25184 14.48837 14.59301 13.59733 17.9408 17.13193 18.05082 15.42655 12.77394
17.19258 14.79859 15.29424 15.77065 14.265 18.70025 17.82 19.23328 16.65148 13.60229
18.18522 15.53988 16.32305 17.1852 14.77443 19.88566 18.72494 20.50863 17.57426 14.0978
19.368 16.77583 17.60682 18.73644 15.40067 21.33269 19.67682 21.71494 18.63313 14.67034
21.16159 18.09222 19.45964 20.40877 16.2547 22.77941 21.11583 22.61287 19.54682 15.23714
23.62168 19.57803 21.36764 22.79518 17.81124 24.77064 24.06036 24.48589 21.30837 16.06645
26.56658 21.72183 24.07833 25.70378 19.64282 26.76407 26.21806 26.60806 23.22459 17.09072
30.33549 35.20205 36.48982 29.9678 28.45947 45.02317 38.69775 43.48737 39.40314 33.48403
43.87273 35.28891 36.5803 39.85163 32.92737 45.13794 38.80362 43.60087 39.51802 33.55857
