13.50499 12.09965 14.08872 16.62986 13.66786 22.86149 17.19816 20.65108 19.12196 21.05734
13.63056 12.16948 14.20103 16.78301 13.73503 23.10711 17.39501 20.85656 19.21395 21.17218
13.88851 12.26738 14.38534 17.061 13.87444 23.17357 17.5267 20.9815 19.28979 21.25649
14.27221 12.3865 14.60405 17.57921 14.20583 23.32103 17.69872 21.07915 19.46071 21.29248
14.80912 12.77854 14.94961 18.2891 14.59237 23.59902 17.72441 21.46289 19.56873 21.29344
15.41556 12.93026 15.29138 18.85619 14.78895 23.94526 18.14407 21.86713 19.78517 21.45686
15.29378 12.83412 14.83751 18.94527 14.58945 24.4518 18.55046 22.20835 20.24284 21.84419
14.83855 12.69153 14.99111 19.2002 14.8519 24.51712 18.1847 22.2743 20.61121 21.99125
14.93215 12.82649 15.13513 19.83448 15.29434 24.33912 18.00143 21.85055 21.20411 21.90562
15.87537 13.58091 15.97714 20.6319 16.02003 25.06442 18.48856 22.51318 21.2333 21.77185
16.06228 13.93142 16.56704 21.59688 16.79667 25.99556 19.30471 22.97619 22.40438 22.1193
16.91855 14.73162 17.73371 23.0889 17.91967 27.4023 20.03768 23.91279 23.65133 23.10178
17.93631 15.41026 18.59114 24.72847 19.10724 29.20151 20.84037 24.96772 24.74775 24.27973
19.0353 16.60301 19.70692 26.5495 20.20626 31.16309 22.38119 26.28708 26.8007 25.59399
20.85795 18.04805 21.45071 28.78891 21.84559 33.32851 25.14581 28.31613 28.72726 26.95628
23.13552 19.86059 23.52837 31.15698 23.51479 35.44098 27.4779 30.94078 30.36941 28.44406
25.26756 21.99345 25.91921 34.03811 25.80518 38.92864 31.92503 34.55295 33.22235 30.05698
28.15272 26.76313 29.24761 37.97956 30.53446 43.56642 37.18266 40.29041 37.87728 34.79015
35.8092 31.70351 36.2973 42.74597 32.96983 43.8818 37.25098 43.55325 44.22251 34.84788
35.86692 31.75291 36.35622 42.81682 33.01946 43.9668 37.31773 43.63713 44.31442 34.9042
35.91825 31.79991 36.40818 42.87912 33.06243 44.0502 37.38378 43.7203 44.40518 34.95863
