15.51264 12.59947 12.8196 13.13822 10.6482 15.29655 13.93247 16.60557 12.34519 15.84496
15.59359 12.70703 12.88415 13.2043 10.70221 15.38274 14.0003 16.67361 12.41433 15.88107
15.72736 12.88486 13.02508 13.3064 10.82348 15.52058 14.09377 16.74718 12.50738 15.96541
15.91066 13.08822 13.17732 13.46479 11.01917 15.70224 14.18982 16.84118 12.62209 16.08476
16.18915 13.30383 13.34493 13.65462 11.34988 15.94024 14.25694 16.94467 12.78928 16.28067
16.53665 13.6928 13.62292 13.8686 11.76155 16.22403 14.42557 17.08739 13.08368 16.59546
17.07132 13.93522 14.14009 14.35456 12.24992 16.64093 14.68783 17.20861 13.36003 17.10467
16.76719 13.48036 14.15994 13.89386 11.34662 17.34539 15.06688 17.55975 13.91558 18.15255
16.85726 13.40595 14.50699 14.26964 10.81665 16.21003 15.10232 18.10331 13.53521 18.18495
18.0397 13.71526 15.32014 15.58917 11.01847 15.93299 15.71448 17.93427 13.2867 18.06861
19.45849 14.365 16.47358 16.97512 11.51763 17.1215 16.20862 18.86843 14.45691 18.99233
20.73088 15.2325 17.64163 18.27213 12.25765 17.94971 17.05068 19.78476 15.79915 19.86469
21.80351 16.24707 18.98636 19.35513 12.87187 18.92352 18.13735 21.31046 17.44389 21.09328
23.09183 17.47473 20.13254 19.89556 13.52475 19.5801 19.10954 22.84294 18.62292 22.14107
23.90046 18.63932 21.45911 20.75944 14.37223 20.09821 19.703 23.83428 19.45266 23.21779
25.03778 20.12638 22.93529 22.00363 15.43839 20.83527 20.21708 24.7532 20.30163 24.64957
26.70216 21.99021 24.71734 23.80928 16.81266 21.88288 21.46126 25.9797 21.21143 26.21779
28.98015 24.32562 27.09598 26.19116 18.22732 23.51174 23.06434 27.66204 23.08624 27.89
32.44345 27.51445 31.96524 29.91346 20.19554 25.90911 25.3754 29.83107 25.56662 29.99775
41.32067 36.1713 42.31496 41.73564 31.42214 42.51544 39.06536 43.26547 45.59009 42.08343
41.39168 36.2444 42.41346 41.9021 31.49445 42.61479 39.16539 43.38072 45.7186 42.17065
