13.95356 12.61615 12.4239 12.10175 11.14103 16.36272 12.49853 16.59717 18.09741 15.2258
14.04115 12.707 12.51633 12.18329 11.21972 16.51226 12.56707 16.69209 18.15914 15.42815
14.25774 12.88664 12.71847 12.33456 11.3574 16.64302 12.70489 16.81191 18.31657 15.64193
14.56837 13.15187 13.093 12.53374 11.53551 16.7659 12.90132 16.91517 18.46681 15.92674
15.03868 13.4916 13.70471 12.80014 11.79214 16.96625 13.17496 17.09954 18.65134 16.15016
15.73365 13.83236 14.36465 13.04751 11.73187 17.28466 13.50441 17.29078 18.91898 16.40559
16.35005 13.85709 14.77224 13.27189 11.27483 17.85693 14.00773 17.56834 19.40859 16.347
15.99449 13.78828 14.6423 12.15998 11.33065 18.3006 13.88975 18.21868 19.88523 15.7068
16.68443 14.15758 14.78906 12.90952 11.73288 18.35313 13.60757 17.99575 19.58832 15.49526
17.64662 14.86691 15.52615 13.67176 12.30164 19.07381 13.67622 18.47168 20.23236 15.74114
18.91377 15.82119 16.28775 14.38071 12.92567 20.26868 14.11566 19.92738 21.40903 16.22623
20.17087 16.85487 17.4598 15.3811 13.49129 21.53051 15.05417 20.97431 21.94111 17.81992
21.47768 17.79788 18.67098 16.27087 14.02204 22.90961 16.27002 22.20326 22.82625 18.25731
22.87853 18.92103 20.19844 17.21914 14.79253 24.18986 16.97215 23.23573 23.98677 18.85416
24.48932 20.14357 21.51338 17.92056 15.78693 25.2839 17.76202 24.09945 24.96524 19.31861
26.25476 21.57526 23.04034 18.99787 17.04493 26.58404 18.37433 25.78937 26.27376 19.77406
28.38006 23.44324 25.05842 20.7331 18.47825 27.55412 19.56432 27.75609 27.58838 20.38949
31.27055 25.71969 27.89531 23.10526 20.20126 29.2128 24.34248 30.38603 29.38082 21.39188
35.65619 28.57122 32.14152 25.76451 22.23072 31.61411 36.79062 42.55821 31.78143 23.17656
44.08081 37.36851 41.03553 38.82472 33.68944 45.04934 36.89261 42.81152 45.03938 33.95996
44.19398 37.47453 41.15112 38.92349 33.75423 45.16727 36.98284 42.93915 45.15028 34.03623
