11.56439 10.7878 10.25862 8.79477 8.04129 12.54807 9.89902 11.96571 13.78321 11.12802
11.69546 10.87278 10.3991 8.90502 8.09889 12.67412 9.97029 12.10762 13.82716 11.2287
11.96152 11.11759 10.55516 9.17815 8.21244 12.87695 10.17108 12.29685 13.90613 11.39065
12.31607 11.46599 10.86701 9.48729 8.49088 13.07317 10.41928 12.5598 14.05395 11.72261
12.54688 11.85513 11.30908 9.88648 8.84233 13.34898 10.93855 12.88368 14.35385 12.18966
12.64454 12.1389 11.79306 10.61685 8.99429 13.73062 10.98923 13.4985 14.8031 12.74658
12.89306 12.16484 12.31728 10.7634 9.33072 14.45961 11.11975 14.38263 15.44588 12.60592
13.28124 11.95556 12.22841 10.59471 8.4963 14.32003 11.28732 14.58557 15.5851 12.60355
13.92025 12.27718 12.54571 10.23097 8.59723 14.53981 11.24112 14.54462 15.58985 12.26731
14.20561 12.81216 12.87197 10.4578 8.93017 14.81178 11.24903 14.46682 15.85718 12.61695
15.11264 13.45739 13.88032 11.13934 9.44168 15.58933 11.68573 15.28549 16.77519 13.43026
16.51807 14.46524 15.13325 12.42599 10.31421 16.81738 12.52097 16.45595 17.92023 14.18093
17.91222 15.88469 16.83426 13.97051 11.20631 18.23357 13.8418 17.88398 19.1811 15.04736
19.80801 17.76624 18.7872 15.5565 12.38561 20.13872 14.94889 19.77951 20.73641 16.40315
21.96616 20.04287 21.38938 17.705 13.75173 22.13719 16.95941 22.10684 22.48745 18.05756
24.77757 25.83932 26.39661 20.31022 15.52161 31.0367 27.3457 33.01862 25.23609 26.80367
31.83995 27.12457 29.44772 31.3351 23.73964 31.10448 27.39788 33.08447 33.68062 26.85455
31.89167 27.16183 29.49255 31.38317 23.77331 31.17189 27.4494 33.15031 33.74741 26.90534
31.94187 27.1988 29.5373 31.43109 23.80614 31.23902 27.49944 33.21606 33.8141 26.95528
31.99167 27.23564 29.58161 31.47801 23.83856 31.30615 27.54916 33.28159 33.88048 27.00442
32.0411 27.27181 29.62573 31.52445 23.87078 31.37329 27.59836 33.34716 33.94677 27.05275
