7.70112 8.61233 10.27528 9.91557 9.84168 9.55266 11.65011 10.20301 12.23337 9.50785
7.94085 8.78515 10.40836 10.01736 9.96903 9.74356 11.78277 10.2611 12.34855 9.63783
8.26842 9.05412 10.59911 10.23417 10.15574 10.04605 11.93987 10.41846 12.54386 9.83111
8.73945 9.43758 10.88459 10.69879 10.43081 10.44465 11.95914 10.63592 12.90649 10.07334
9.40706 10.1658 11.35864 11.36046 11.11083 10.97504 11.94779 10.99918 12.97905 10.22363
9.95091 9.88619 11.83644 11.49089 11.71094 11.68367 12.32583 11.66114 13.30626 10.83718
8.83531 9.75787 11.3203 10.77654 11.789 11.21498 12.51285 11.58646 13.55061 11.25859
8.49153 9.64295 11.40979 10.74688 11.90215 10.0965 12.40483 11.01987 12.43468 10.90869
8.94551 10.33059 11.68334 11.13367 12.24501 10.43075 12.23163 10.97775 12.72258 11.21654
9.18268 10.83419 12.01284 11.3429 13.00886 10.74538 12.66102 11.43897 13.06557 11.13479
10.17383 11.90884 13.17969 12.36763 14.21753 11.68136 13.20229 11.95783 13.60147 11.97349
11.1383 13.15027 14.49464 13.70504 15.59651 12.65189 14.58265 13.19679 14.55881 12.88709
12.69595 14.84987 16.20381 15.51461 17.28545 14.0538 15.89166 15.05882 15.86788 14.18973
14.47863 16.97111 18.29722 17.31374 19.94684 16.58042 19.22464 18.54145 18.33273 16.74278
17.06868 20.21796 21.33846 20.15942 23.03712 20.27906 23.83734 21.66665 22.05554 20.29283
20.21536 24.54386 25.20547 23.71928 27.11529 28.12168 32.70469 27.68396 29.5517 26.63002
25.01664 33.84532 32.22114 32.09734 31.94605 33.38458 32.77532 31.46932 33.38923 31.27562
34.37856 33.90195 32.2778 35.89788 31.99568 33.46158 32.84557 31.54316 33.46687 31.33905
34.43804 33.95459 32.32947 35.95084 32.04424 33.53841 32.91539 31.61687 33.54234 31.40132
34.49562 34.00648 32.38096 36.00301 32.09182 33.6149 32.98434 31.69047 33.61659 31.46212
34.55206 34.05807 32.4323 36.05496 32.13936 33.6906 33.05223 31.76398 33.69019 31.5214
