8.03592 8.36861 9.87108 8.73857 10.14944 10.16751 11.19974 9.52913 11.34433 9.42665
8.26377 8.45849 10.00804 8.89631 10.158 10.33957 11.23685 9.55969 11.5192 9.52228
8.55868 8.70986 10.26689 9.15705 10.16772 10.60652 11.23081 9.63662 11.6504 9.6596
8.97883 9.08199 10.50742 9.51682 10.18861 10.95766 11.25433 9.79475 11.76505 9.84819
9.35821 9.46433 10.85408 10.06237 10.48897 11.33414 11.44729 9.9497 11.93747 9.9545
10.0404 9.93631 11.41387 10.43896 10.73381 11.83313 11.71786 10.05338 12.11373 10.09744
9.05147 9.58195 10.16298 9.7112 10.15039 12.21859 12.01992 9.87652 12.12522 10.54929
8.55788 9.33874 9.86944 9.33917 10.07729 11.8944 11.64962 9.34593 12.35632 10.27546
8.91987 10.04715 10.59303 10.01517 10.69802 11.33065 12.23002 9.49131 11.55911 9.9272
9.71606 10.6552 11.16377 10.37339 11.46056 10.87676 12.03527 9.36928 11.02746 10.3968
9.75117 11.77571 11.35859 11.0513 12.10755 11.49843 13.02335 10.45929 11.7026 10.95328
10.52602 12.33778 11.72711 11.46616 12.8102 11.55896 13.30696 10.98199 11.62385 11.66421
11.28873 12.8047 12.29297 12.1701 13.32094 12.32065 13.96927 11.87625 12.50152 12.35557
12.58983 13.36186 13.33748 13.09766 14.16905 13.29985 14.64378 12.39791 13.19921 13.28266
14.33816 14.62796 14.85575 14.47457 15.16859 14.75254 15.74008 13.46195 14.29202 13.77238
16.43733 16.36288 16.50169 16.10842 16.66961 16.55503 16.84795 14.9211 15.69887 14.92174
18.57707 18.17516 18.34647 18.0604 18.54601 18.31837 18.17117 16.97405 17.22277 16.10038
20.94104 20.31597 20.85853 20.29758 21.12177 21.07816 22.42418 19.97962 19.09298 18.40541
23.44284 23.72019 24.36623 23.34463 24.70656 25.5693 32.6215 23.83624 22.13381 22.94911
32.50899 34.17632 32.14277 35.38864 32.41992 34.54629 32.68351 33.13535 28.45805 32.96808
36.94523 34.23156 32.19948 35.45998 32.47371 34.617 32.7415 33.19798 35.28303 33.0269
