10.49843 7.50277 10.3564 12.29296 9.37124 14.7997 13.24287 13.93816 12.38739 16.68816
10.7124 7.59797 10.39977 12.46808 9.51369 14.87584 13.30964 14.11631 12.46576 16.72727
10.90533 7.84784 10.57428 12.75268 9.75647 14.88534 13.43794 14.28222 12.63533 16.85644
11.27697 8.21787 10.90529 13.15395 10.07507 14.8519 13.6367 14.3785 12.78823 17.03512
11.63631 8.66804 11.38769 13.64265 10.46875 14.93941 13.99782 14.44926 12.98435 17.16565
12.22159 9.09588 12.21198 13.59997 10.51867 15.0156 14.40039 14.68458 13.18539 17.3189
12.01289 8.98341 12.76335 13.54265 9.57731 15.15324 14.70285 14.90982 13.53042 17.68326
12.05212 8.33499 12.63461 13.8558 9.51853 15.00979 14.80206 14.82941 13.27249 17.1545
12.95776 8.83098 13.00859 14.65832 10.08052 14.65981 15.18899 14.62498 13.48769 17.11866
14.12826 9.00073 13.6701 15.43562 10.78162 14.80591 15.88746 14.87775 12.72467 17.49972
14.91663 9.39413 14.80146 16.17533 11.25348 15.97554 16.77451 15.22133 13.48959 18.0153
15.92486 10.15332 16.00353 16.97673 11.40768 17.01568 17.97086 15.89491 14.13782 18.43644
17.17042 10.71939 17.36184 18.38199 12.01391 17.70153 19.12963 16.76155 15.08316 19.31529
18.59064 11.95688 18.87952 20.004 13.00453 18.88489 20.77134 18.15024 16.24405 20.39121
20.72805 13.46204 20.74206 21.91713 14.38994 20.32242 22.63131 19.97099 17.55739 21.82192
22.90489 15.21684 22.96564 24.15724 16.05953 22.08779 24.89759 22.06905 19.36411 23.58579
25.16633 17.11141 25.25488 26.74755 17.70785 24.12458 27.63834 24.14635 21.32581 25.55176
28.08112 19.15288 28.26367 30.19607 19.48499 26.2922 30.44724 26.59138 23.71774 27.63429
31.6204 21.34849 32.33094 34.00399 22.01246 28.58862 37.0572 29.24978 26.3 29.77825
44.02379 33.33163 41.21609 41.29337 32.89859 42.97446 42.8858 42.87497 29.51513 40.33169
44.11614 33.40561 41.30994 44.04735 32.96143 43.06179 42.97157 42.95985 42.78238 40.39873
