9.62882 9.329 10.77459 10.0948 10.46069 12.00612 12.90222 11.15565 13.45698 10.66042
9.84348 9.67512 11.0253 10.3034 10.54006 12.17436 13.02102 11.24998 13.63143 10.75216
10.18515 10.11889 11.32368 10.54473 10.67404 12.55307 13.25187 11.45359 13.93021 10.9193
10.65306 10.50184 11.69713 11.10442 10.72394 12.94486 13.54449 11.78193 14.25761 11.21508
11.21456 10.94246 12.15382 11.87159 11.08387 13.44682 13.81723 12.0922 14.64048 11.60762
11.86968 11.32179 12.97971 12.6348 11.57167 14.0942 14.25397 12.58245 15.02777 12.0925
11.06529 10.49847 12.03024 11.33733 10.96367 14.63309 14.41044 12.36089 15.1101 12.63953
10.94758 10.55559 11.99857 11.37071 10.37107 13.43826 14.04553 11.34403 14.51883 10.87626
11.34059 10.99536 12.36086 11.67999 11.01032 13.04057 14.45945 11.36847 14.49651 11.25463
11.84768 11.74867 12.49408 12.11456 11.28469 13.37424 14.83089 11.61174 15.04105 11.5247
12.81418 12.42762 13.44159 12.88454 12.02223 13.96908 16.05812 12.44558 15.57041 12.62173
14.15342 13.47326 14.32969 13.92922 12.89524 14.61763 16.76803 13.25971 16.25809 12.85473
15.80481 14.55423 15.6767 15.22998 13.86756 16.10311 17.85769 14.90182 17.67019 13.66095
18.0404 16.96893 17.52817 16.95759 15.52446 17.95054 21.21255 17.32366 20.09859 14.9647
20.5427 19.55751 19.75235 19.41746 18.41282 21.50214 28.3733 21.01277 24.42011 17.738
23.6306 24.28765 23.68471 22.96865 22.10225 29.30296 33.30237 28.26135 29.78677 22.62077
31.56739 33.76204 31.98702 35.44032 29.2834 35.0867 33.38065 31.54356 36.11685 33.22053
38.2916 33.82057 32.04572 35.50141 31.84983 35.17448 33.45817 31.62188 36.20011 33.28657
38.35937 33.87843 32.10102 35.5589 31.89972 35.26253 33.53391 31.69933 36.28262 33.35196
38.42671 33.93619 32.15599 35.61634 31.94888 35.35054 33.6091 31.77592 36.36445 33.41735
38.49379 33.99366 32.21089 35.67373 31.99783 35.43804 33.68308 31.85221 36.44407 33.48247
