8.96163 9.4854 11.17046 9.99338 10.68152 11.64128 12.32062 11.22471 12.7161 10.94708
9.13759 9.58502 11.26207 10.17504 10.74517 11.79137 12.42948 11.29252 12.88722 11.05517
9.519 9.7767 11.41717 10.52292 10.8577 12.02052 12.67184 11.4102 13.10286 11.1634
9.97472 10.13688 11.66806 10.9931 11.00432 12.3416 12.9682 11.59989 13.43175 11.26927
10.48229 10.63607 12.08348 11.60793 11.277 12.84398 13.27801 11.89832 13.77551 11.357
11.11753 10.97749 12.64636 12.17365 11.74575 13.47079 13.61978 12.0108 14.02445 11.57613
11.21688 11.03002 12.25297 11.71008 11.56861 13.86925 14.05785 12.22177 14.57253 12.1414
10.01526 10.56293 11.90746 10.97167 11.37581 13.69075 13.65955 11.79756 14.36234 11.87225
9.89509 10.87797 11.76085 11.2588 11.58885 12.98965 13.65944 11.19839 12.84475 11.68182
10.04101 11.0373 12.29995 11.53759 11.92003 13.09454 13.49287 11.71066 13.32535 11.79924
11.10058 12.17918 13.24408 12.35302 12.92892 13.7767 14.32662 12.42033 14.08348 12.8166
12.08657 13.28488 14.17445 13.49054 14.02292 14.75587 15.4902 13.38917 14.92394 13.85197
13.54077 14.71997 15.71042 14.89282 15.56548 16.34509 16.78425 15.25253 16.03088 14.92364
15.47706 16.95188 17.30293 16.70964 17.57591 19.2594 18.63476 17.81443 18.17845 17.1512
17.7702 19.57214 20.01416 19.32532 20.26538 22.09 23.93827 21.14088 20.88739 20.56453
20.607 23.49019 23.93411 22.59302 23.45229 26.63613 32.30442 25.35903 24.8251 25.89948
25.81824 32.08067 28.57515 28.72232 29.07223 32.71001 32.38011 30.92326 32.50544 31.12638
33.62235 32.16321 30.59993 34.42215 31.83242 32.78771 32.45018 30.99315 35.3799 31.19514
33.67615 32.21791 30.64998 34.47515 31.87884 32.86525 32.51955 31.06266 35.44971 31.26276
33.7288 32.27151 30.69935 34.52642 31.92343 32.94227 32.58857 31.13148 35.5185 31.32951
33.78075 32.32471 30.74813 34.5771 31.96745 33.01742 32.65751 31.2003 35.58608 31.39489
