15.02695 11.19993 10.85576 11.19318 10.29872 15.23932 12.14456 10.60991 12.73361 10.96337
15.02695 11.19993 10.85576 11.19318 10.29872 15.23932 12.14456 10.60991 12.73361 10.96337
15.02695 11.19993 10.85576 11.19318 10.29872 15.23932 12.14456 10.60991 12.73361 10.96337
15.02695 11.19993 10.85576 11.19318 10.29872 15.23932 12.14456 10.60991 12.73361 10.96337
15.02695 11.19993 10.85576 11.19318 10.29872 15.23932 12.14456 10.60991 12.73361 10.96337
15.02695 11.19993 10.85576 11.19318 10.29872 15.23932 12.14456 10.60991 12.73361 10.96337
15.02695 11.19993 10.85576 11.19318 10.29872 15.23932 12.14456 10.60991 12.73361 10.96337
15.02695 11.19993 10.85576 11.19318 10.29872 15.23932 12.14456 10.60991 12.73361 10.96337
15.02695 11.19993 10.85576 11.19318 10.29872 15.23932 12.14456 10.60991 12.73361 10.96337
15.02695 11.19993 10.85576 11.19318 10.29872 15.23932 12.14456 10.60991 12.73361 10.96337
15.02695 11.19993 10.85576 11.19318 10.29872 15.23932 12.14456 10.60991 12.73361 10.96337
15.02695 11.19993 10.85576 11.19318 10.29872 15.23932 12.14456 10.60991 12.73361 10.96337
15.02695 11.19993 10.85576 11.19318 10.29872 15.23932 12.14456 10.60991 12.73361 10.96337
15.02695 11.19993 10.85576 11.19318 10.29872 15.23932 12.14456 10.60991 12.73361 10.96337
15.02695 11.19993 10.85576 11.19318 10.29872 15.23932 12.14456 10.60991 12.73361 10.96337
15.02695 11.19993 10.85576 11.19318 10.29872 15.23932 12.14456 10.60991 12.73361 10.96337
15.02695 11.19993 10.85576 11.19318 10.29872 15.23932 12.14456 10.60991 12.73361 10.96337
15.02695 11.19993 10.85576 11.19318 10.29872 15.23932 12.14456 10.60991 12.73361 10.96337
15.02695 11.19993 10.85576 11.19318 10.29872 15.23932 12.14456 10.60991 12.73361 10.96337
15.02695 11.19993 10.85576 11.19318 10.29872 15.23932 12.14456 10.60991 12.73361 10.96337
15.02695 11.19993 10.85576 11.19318 10.29872 15.23932 12.14456 10.60991 12.73361 10.96337
