14.59247 14.31018 14.09237 11.51208 11.86915 15.33892 12.39783 14.81165 18.4519 14.14404
14.686 14.49186 14.18287 11.6655 11.94312 15.44653 12.53291 14.89975 18.56216 14.22677
14.88839 14.72204 14.47626 11.89572 12.14054 15.69663 12.77002 15.09652 18.79509 14.44946
15.20954 14.93047 14.81992 12.19741 12.4178 16.0585 13.02987 15.40605 19.09329 14.79144
15.73 15.27087 15.25195 12.7038 12.70263 16.39368 13.38422 15.78969 19.49251 15.13787
16.56286 15.83188 15.68939 13.43831 12.76465 16.86508 13.76439 16.18768 20.32382 15.49289
17.28462 16.05612 16.32789 13.27169 12.86432 17.65852 13.82204 16.61075 21.26867 16.03517
16.6873 15.92058 16.29811 12.16836 12.47489 18.3632 13.73137 16.32384 21.50869 16.08017
17.22179 16.4363 16.54886 12.31743 12.91554 17.58129 13.35138 15.84478 21.6556 15.14433
17.7402 17.07983 17.22905 12.75235 13.00272 17.98199 13.57338 15.94847 21.76195 14.88896
18.70595 17.75865 18.19828 13.34701 13.69118 18.45772 14.30028 16.53051 22.25884 15.33313
20.10772 19.25615 19.65121 14.55417 14.76835 19.65206 15.19227 17.64926 23.45692 16.08253
21.89663 21.09865 21.32179 16.03438 16.15105 21.25571 16.49763 19.12743 25.28031 17.09891
23.8985 23.34603 23.71368 17.80711 17.94287 23.26487 18.18722 21.2022 27.1333 18.36366
26.32278 26.07641 26.42278 20.33069 20.36697 25.5152 25.43212 23.40473 29.81072 20.28256
29.02692 30.78812 30.51932 22.96804 22.86265 37.83738 31.17227 35.8408 32.94551 31.12346
35.57198 33.59508 36.07235 33.44649 30.16521 37.90998 31.23416 35.90914 39.13778 31.17585
35.62191 33.64195 36.1306 33.49439 30.20549 37.98215 31.29585 35.97689 39.21083 31.22953
35.6711 33.68761 36.18607 33.54095 30.24399 38.05417 31.35761 36.04424 39.28342 31.28314
35.71959 33.73506 36.24101 33.58716 30.28211 38.12566 31.41895 36.111 39.35573 31.33633
35.76831 33.78282 36.29575 33.63318 30.32025 38.19663 31.47977 36.17749 39.42746 31.38955
