16.98602 15.46905 14.50568 13.95122 12.65837 22.04397 15.99281 15.34503 17.10802 14.20638
17.10683 15.6358 14.65335 14.10757 12.71479 22.27243 16.15187 15.47165 17.19601 14.32782
17.31088 15.85935 14.94075 14.22025 12.85135 22.4183 16.37776 15.72813 17.27965 14.56349
17.5405 16.09642 15.09161 14.42127 13.06832 22.63918 16.61927 16.03621 17.34348 14.78614
17.82225 16.25366 15.53784 14.77113 13.35777 22.86781 16.89761 16.36584 17.51018 15.00419
18.20481 16.50594 16.01526 15.20025 13.79408 23.37108 17.47215 16.76326 17.85841 15.24139
18.0679 16.80299 15.87856 15.3545 13.94002 24.10416 17.99626 16.91827 18.21871 15.02723
17.9717 16.74322 15.19135 15.52943 13.99623 24.96853 18.16092 16.93543 18.64299 15.0189
18.26885 16.83573 15.614 16.15039 14.21829 24.95609 16.74547 16.36761 18.44871 14.79667
18.66583 17.13896 16.39439 16.44119 15.14047 25.85618 16.79423 16.74518 19.00022 14.28548
19.28037 18.01477 17.50619 16.87543 16.13827 26.76538 17.1273 17.74971 19.72379 14.94609
20.52307 18.91401 18.61436 17.88248 17.18883 28.12333 17.77403 19.5172 20.78558 15.8957
21.8818 20.10523 20.20844 19.17594 18.46094 29.78393 18.71746 20.76466 22.40096 16.95234
23.54002 21.42089 21.93342 20.70144 19.88336 31.70061 19.60972 22.40215 23.92267 17.99112
25.60101 23.15596 24.22496 22.71583 21.65779 33.82539 21.05287 24.20111 26.29677 19.52451
27.79263 25.40079 26.74136 24.85115 23.63059 36.54211 22.93965 26.4789 28.92864 21.89896
31.26305 28.52206 30.02064 27.33279 26.7031 39.23018 26.06645 28.79341 31.79437 26.42135
34.51381 32.9316 34.35401 32.18691 30.7087 45.55945 35.47611 31.81509 41.58692 30.18658
35.38131 32.98067 40.47347 35.49736 32.55321 45.93804 35.54606 43.02106 42.20231 30.24636
35.43278 33.02511 40.54278 36.51748 32.59853 46.01103 35.61134 43.10459 42.2902 30.30616
35.48163 33.06857 40.60576 36.57332 32.64176 46.0836 35.67608 43.18674 42.37727 30.36554
