10.15355 9.79471 11.15296 9.91765 10.56161 13.64713 12.97363 11.78255 14.10813 10.47898
10.28124 9.87643 11.222 10.00128 10.60912 13.70627 13.04465 11.82657 14.16526 10.55593
10.53275 10.04926 11.38527 10.25377 10.68987 13.84747 13.17275 11.88893 14.29323 10.73785
10.7297 10.23741 11.65449 10.64867 10.75698 14.07194 13.34376 12.03083 14.49794 10.98502
11.01632 10.32838 12.27822 11.08915 10.83848 14.45499 13.53762 12.18992 14.74076 11.25867
11.56902 10.57916 12.85701 11.36619 11.03187 14.91934 13.83786 12.42394 14.99929 11.44075
11.40409 9.90142 12.10403 11.28316 10.28226 15.48051 14.03121 12.61111 15.35193 11.67304
11.62783 10.58435 12.04164 11.76852 10.70225 15.26793 13.17396 12.44716 14.91498 11.10618
12.41995 11.60889 12.5945 12.44055 11.45392 15.95482 14.44694 12.72325 15.14817 11.5102
13.30985 12.97252 13.50477 13.43906 12.2521 16.60085 15.32974 13.63736 15.60826 11.72654
14.45784 14.01794 14.47827 14.59182 12.88701 17.74095 15.74404 14.38732 16.73636 12.81325
15.79489 14.2423 15.30371 15.4503 13.66445 19.23466 16.58065 15.49341 17.62843 13.4347
17.21382 14.6302 16.00643 16.79924 14.12211 20.63125 17.47758 16.16476 18.75031 13.71367
19.14599 15.60616 17.25079 18.39967 14.8799 22.1337 18.41753 17.0992 20.26584 14.25263
21.26973 17.0468 18.78993 20.13708 16.02517 24.1731 19.60599 18.51359 21.81716 15.36999
23.63672 18.95205 20.8393 22.24692 17.48688 26.1228 20.87356 20.18537 23.62552 16.531
26.43999 20.89456 22.98509 24.56951 19.23387 29.68771 25.29309 22.48611 26.85443 18.05944
29.90002 23.09728 26.39439 27.33131 22.20119 34.28315 36.80325 27.84899 33.2948 21.90439
34.1182 31.73228 30.00244 33.22029 27.41818 44.12137 36.88881 36.68349 42.53204 34.26877
44.19096 36.85062 34.42709 40.24353 33.11768 44.2221 36.97386 36.77151 42.6313 34.34248
44.26772 36.91153 34.48349 40.30696 33.16829 44.32217 37.05812 36.85797 42.7291 34.41561
