13.78152 12.54652 11.99584 11.76803 10.32242 11.94203 13.20479 16.938 11.96216 15.15505
13.86189 12.64151 12.05931 11.84011 10.41283 12.00556 13.2465 17.01389 12.01738 15.20672
13.97618 12.7485 12.16328 11.98722 10.57073 12.09513 13.37035 17.12032 12.08107 15.29473
14.0582 12.76029 12.27326 12.19917 10.77323 12.26928 13.53067 17.25449 12.1602 15.44263
14.1528 12.79318 12.4772 12.38212 10.87808 12.50259 13.67877 17.42825 12.29785 15.64899
14.41449 12.85353 12.66901 12.70135 10.90079 12.66937 13.84562 17.5878 12.49722 15.862
14.19855 12.87132 13.03707 12.82755 10.14734 13.08903 14.04816 17.70333 12.74282 16.11282
14.32297 12.78999 13.66564 12.91238 9.7921 12.80398 13.78887 17.80328 12.95384 16.4806
15.29515 13.42108 14.1154 13.95743 10.30417 12.31377 14.49799 18.09131 13.48812 17.04691
16.25198 14.12668 15.05221 15.05589 11.10394 12.62294 15.30637 18.70345 14.45099 17.64699
16.64356 15.03559 16.01007 15.70258 12.21213 12.8383 16.12684 20.4182 15.94938 18.94788
17.27716 16.14274 17.36172 16.66518 12.70936 13.34899 16.63957 21.29445 17.58416 20.07481
18.43343 17.567 19.03617 18.17828 13.58656 14.92841 17.70811 23.01052 19.20421 21.08512
20.04128 19.2141 20.68307 19.90055 14.93298 16.48248 18.95413 24.52171 20.79331 22.58691
21.72183 21.12097 22.75258 22.1722 16.64115 18.34177 20.80239 26.51663 23.11635 24.35596
23.75392 23.30954 25.10459 24.5748 18.53521 20.54081 22.46156 28.62591 25.61351 26.56754
26.18205 26.12458 27.54929 27.25195 20.52022 22.9754 24.71064 31.20842 28.31606 28.48592
29.12133 29.50117 30.8454 30.60017 22.68175 26.12061 26.96864 33.92733 31.1809 30.3653
33.15627 35.00497 35.00887 36.26081 24.93443 40.48638 31.81378 36.77636 38.70141 34.36155
41.68233 39.90105 44.04807 43.63218 34.39319 40.58485 42.68617 47.4212 49.49603 45.09751
41.75531 39.97373 44.12692 43.71486 34.45215 40.684 42.78986 47.54612 49.62417 45.19566
