11.15046 10.58345 10.74694 10.90204 10.27721 14.39172 13.2074 14.14359 13.22952 9.80575
11.22661 10.65487 10.79082 10.9704 10.33276 14.44419 13.27089 14.19228 13.29333 9.88225
11.3401 10.811 10.86187 11.07181 10.42657 14.52769 13.38449 14.27334 13.38518 9.97693
11.54724 10.98951 10.99171 11.19817 10.55719 14.64557 13.55158 14.38325 13.49571 10.11132
11.85384 11.18741 11.1936 11.36519 10.73296 14.76975 13.77954 14.54921 13.64121 10.3083
12.30727 11.55006 11.492 11.59803 10.9933 15.10745 14.05241 14.79967 13.94807 10.594
13.27138 12.16305 11.83356 12.10831 11.48209 15.52118 14.43475 15.26913 14.27012 11.01384
12.89412 11.47418 11.16984 11.90475 10.65915 16.41893 15.04362 16.1807 14.58949 11.36424
12.36654 11.59277 11.10632 11.62903 10.76895 15.87586 14.22034 16.14597 14.03679 9.79334
13.24259 12.16438 11.67365 12.35033 11.41417 15.96784 14.53338 16.09908 14.21105 10.53896
14.1937 12.98132 12.14068 13.12465 12.22636 16.96368 15.30156 16.76276 15.25211 11.03792
15.35378 13.71727 12.98975 13.95614 12.91072 17.7995 15.7506 17.79053 16.1162 11.7356
16.47555 14.54288 13.97708 14.86257 13.68255 18.66536 17.01238 18.79645 17.11688 12.52659
17.78404 15.62679 14.91069 15.9309 14.44159 19.61964 18.06566 20.24763 18.02712 13.1709
18.47351 16.23062 15.8831 17.02987 14.856 20.75897 18.94005 21.63589 18.86846 13.51095
19.82995 17.36684 17.04484 18.37738 15.73625 21.87183 20.01095 22.72722 19.83624 14.14133
21.53807 18.75589 18.62594 20.09973 16.65191 23.37026 22.18735 23.79365 20.58492 14.69966
23.79064 20.44653 20.57286 22.32401 18.00795 25.13573 23.82418 25.32493 21.85497 15.70408
26.42556 25.69611 22.99229 24.89759 19.67878 27.31009 28.62217 27.34836 23.51037 16.95636
40.78345 33.99134 35.87463 38.13276 31.12381 40.13871 35.41206 41.68206 38.09523 32.43742
40.86205 34.0599 35.9497 38.20956 31.18202 40.22665 35.49601 41.7748 38.18757 32.50562
