14.96187 11.47013 11.84171 12.20861 9.68161 14.44603 13.52272 15.32703 10.65126 14.42738
15.04003 11.61053 11.99314 12.2963 9.78679 14.50489 13.58833 15.39724 10.74279 14.52502
15.27639 11.82533 12.21671 12.48315 9.94808 14.64962 13.65732 15.475 10.89465 14.72192
15.66454 11.85236 12.45018 12.71452 10.10572 14.92701 13.78109 15.60845 10.97127 15.02956
16.1425 11.98476 12.92205 12.98744 10.1776 15.20459 13.95731 15.74569 10.91418 15.44143
16.80302 12.04759 13.42077 13.38179 10.52143 15.49406 14.21256 15.96544 10.81602 15.96431
16.93248 11.49735 13.45647 13.47358 10.05172 15.84366 14.53185 16.14695 10.73147 16.60901
16.93823 11.30473 13.30284 13.03123 9.92308 15.95208 15.11593 16.4173 10.74971 17.6597
17.69546 11.66497 13.55899 13.37884 9.97299 14.29853 15.40378 16.64662 9.65524 17.05743
18.54365 12.18783 14.1816 13.85006 10.42225 14.52636 15.83777 16.86051 9.97982 17.0102
19.50825 12.49004 15.19538 14.90517 11.207 14.80565 16.28464 17.40104 10.78661 17.41235
20.71565 13.12836 16.57977 15.69284 11.5161 14.79299 17.30369 18.09861 11.1201 18.22511
22.05729 13.97021 17.7574 16.73211 12.07613 14.97467 18.35413 19.19049 11.87961 19.2754
23.44375 15.06564 19.16963 18.16162 12.91606 16.1708 19.47013 20.56177 13.17708 20.63857
25.15854 16.55755 21.01094 19.75925 14.00014 17.8017 21.07662 21.87899 14.76461 22.04756
27.24803 18.35451 23.10794 21.92367 15.29366 19.73052 23.05027 23.5235 16.63625 23.83495
29.23443 20.22416 25.63503 24.27174 16.78874 21.71431 24.95163 25.47821 18.88405 25.90648
31.73037 22.22803 28.34407 26.99662 18.47866 23.78263 26.99507 27.33321 21.32911 28.16282
34.99491 24.56549 32.71151 30.88317 20.39532 26.16988 29.63861 29.22579 23.962 30.59501
40.14066 26.94423 38.42374 37.52836 22.96777 44.40158 42.10785 39.15039 26.91456 33.13715
43.17433 34.62526 40.94861 41.02322 30.69718 44.48572 42.18522 39.23691 41.13365 40.74549
