10.23176 8.89241 11.14787 11.7505 9.70847 14.71357 12.88373 14.65695 12.35057 17.56348
10.39506 8.98826 11.16718 11.85647 9.89056 14.77059 12.95184 14.76588 12.45993 17.74024
10.55931 9.17531 11.24766 12.08748 10.17522 14.83536 13.10691 14.97096 12.64733 18.05727
10.83005 9.54636 11.39608 12.39896 10.53831 14.88194 13.33802 15.22635 12.83306 18.35207
11.21518 10.10197 11.79427 12.68424 11.05152 14.95481 13.57774 15.34703 13.06629 18.68631
11.56928 10.89768 12.41339 12.47944 11.34597 15.11243 13.99578 15.22007 13.36722 19.0647
11.13455 11.03585 13.58148 12.00638 10.05282 15.20241 14.39094 15.31086 13.79356 19.50266
11.14309 10.85768 13.4035 12.49409 9.86422 14.69849 14.26145 15.38724 13.34496 19.88469
11.70385 11.29599 14.33188 13.08204 10.01686 14.52717 14.43935 14.66142 13.48054 18.86466
12.84409 11.93192 15.05464 13.68485 10.57979 14.79514 15.01636 15.33391 13.18774 19.16401
13.84536 12.80837 16.07962 14.4985 11.09185 15.59309 15.86765 15.82216 13.86413 19.69205
14.66118 13.5161 17.26818 15.45005 11.43667 16.13292 16.57508 16.25645 15.03397 20.26498
15.44447 14.68657 18.3713 16.73242 12.26492 16.66077 17.46618 17.41541 15.40655 21.45212
16.54021 16.21397 19.46092 18.40483 13.43055 17.85607 18.80475 18.89201 16.3983 23.00275
18.28876 18.02401 20.96744 20.3638 14.9739 19.03964 20.57337 20.71488 17.65703 24.78869
20.24053 20.05426 22.88485 22.58064 16.64693 20.64227 22.59088 22.69793 19.52509 26.6497
22.60785 22.31106 25.10318 25.0049 18.5233 22.76391 24.78174 24.88601 21.51852 28.98611
25.27665 24.84514 28.20326 28.13141 20.47878 25.01666 27.3605 27.32763 23.93468 31.13438
28.80553 27.81796 32.67967 32.74857 22.48204 27.30587 30.4796 30.40215 26.71577 33.93112
38.73935 34.17671 39.87198 41.84512 26.61445 39.47643 40.71573 35.70846 29.3591 36.32731
42.33319 39.77492 41.14102 41.96513 34.86159 42.42463 40.80163 45.50552 43.38642 43.22298
