13.68645 12.08579 10.87787 11.67045 10.2464 15.95387 12.12527 16.36297 17.7423 14.31108
13.77507 12.20444 11.01633 11.78307 10.36224 16.04638 12.28724 16.52235 17.86571 14.46569
14.03313 12.40753 11.28067 12.02946 10.58013 16.18602 12.5838 16.69039 18.02008 14.74684
14.41528 12.78499 11.70271 12.28625 10.96435 16.37616 12.9759 16.99117 18.24085 15.03783
15.01556 13.44551 12.22484 12.76416 11.43257 16.66934 13.40209 17.32118 18.49566 15.36398
16.01672 14.22354 12.79487 13.39094 11.93103 17.23692 13.6029 17.62378 19.00904 15.6902
16.62718 14.04687 13.24761 13.25808 11.34094 17.95421 13.97137 18.06312 19.5837 15.93671
15.83177 13.65725 12.67186 12.56516 11.59311 18.23303 13.70263 18.69633 20.14768 15.2058
16.08842 13.76891 12.67274 12.7894 11.80776 18.05145 12.34249 17.86383 19.4802 14.75915
16.65244 14.13785 12.98905 13.41057 12.04887 18.38037 12.96894 18.32659 20.04475 14.94075
17.85735 15.00235 14.06105 14.57345 13.04637 20.02703 13.25384 19.68099 21.02957 15.7539
19.43738 16.12625 15.31058 15.89771 14.09915 21.63891 14.14849 21.35927 22.6241 16.72256
21.40697 17.8502 16.76609 17.59862 15.47107 23.53112 15.25143 23.15461 24.29714 17.96173
23.81274 19.86818 18.67719 19.75591 17.32462 25.77016 17.20887 25.50078 26.4926 19.66776
26.53948 22.25008 20.85905 22.21637 19.54469 28.24034 19.72948 28.20985 28.83365 21.7273
29.85817 25.06632 23.37107 25.30393 22.5578 31.20892 22.70413 31.71091 31.82346 24.20189
33.42197 28.89886 26.71058 28.70574 25.39425 43.6495 33.60397 38.51356 35.21238 31.71571
42.48634 35.46004 35.40615 40.64691 32.3592 43.75494 33.67969 43.36051 45.10969 34.35975
42.56142 35.52539 35.47242 40.72848 32.417 43.85959 33.75423 43.4627 45.20384 34.4264
42.6313 35.58818 35.53171 40.79179 32.46384 43.96397 33.82783 43.56206 45.29707 34.49188
42.70073 35.65029 35.59053 40.85466 32.5102 44.06759 33.90087 43.65917 45.38936 34.55583
