15.25145 12.13828 11.73763 12.17191 11.33997 18.25661 12.96267 12.23411 14.12532 11.51429
15.42021 12.26891 11.90659 12.24194 11.50029 18.39043 13.18722 12.34984 14.18683 11.62624
15.65587 12.61637 12.25871 12.43568 11.71645 18.5485 13.44604 12.58377 14.29845 11.82867
15.95435 12.93354 12.90335 12.69335 11.79235 18.75039 13.8441 12.86397 14.48347 12.05974
16.48765 13.14235 13.56383 12.97586 11.98241 19.02003 14.18665 12.97931 14.84044 12.26526
17.36495 13.3177 14.31506 13.5519 12.38265 19.54464 14.96111 13.43036 15.51562 12.76036
17.47533 13.28655 14.37085 13.97585 12.44573 20.2994 15.76326 13.71381 16.19223 13.01896
18.10294 13.28337 14.20494 13.9046 12.52424 20.71502 15.76766 13.87287 15.97686 12.53077
18.27377 13.47174 14.52479 14.16747 12.91288 20.85685 14.93147 13.58407 15.83978 12.22025
18.85945 14.01445 15.14679 15.04961 13.46866 21.54574 15.28048 14.08637 16.41547 12.14
20.07933 14.76752 16.2779 15.74872 14.42473 22.5655 15.60419 14.98883 17.38549 12.6976
21.45135 15.86387 17.98006 17.1735 15.48728 24.07977 16.04643 16.69457 18.5289 13.62765
23.19727 17.21203 19.94579 18.73987 16.8757 25.77869 17.1654 18.28328 19.99458 14.85643
25.24035 18.97548 22.48599 20.75463 18.95587 28.03607 19.23999 20.535 22.1351 16.27455
27.53501 21.11401 25.39814 23.14689 21.85034 30.75858 21.48385 22.89094 24.73526 18.23071
30.3943 23.68548 28.93625 25.74381 25.09918 34.1915 24.27113 25.97031 27.96391 21.1306
35.83251 30.9858 33.11702 29.14181 31.46877 43.97437 35.98649 37.58707 31.53118 30.41907
37.16221 31.03646 40.02699 36.67548 31.5548 44.05801 36.05876 41.50255 41.60023 30.48748
37.2203 31.08594 40.10105 36.73342 31.60331 44.14154 36.13069 41.59393 41.69388 30.55522
37.27764 31.13483 40.17436 36.79003 31.65031 44.22423 36.2018 41.68533 41.78692 30.62275
37.33451 31.18306 40.24758 36.84588 31.69708 44.30634 36.27217 41.77676 41.87837 30.68997
