11.09379 11.17504 10.39724 11.84985 11.04039 15.98327 14.09971 15.04705 13.91127 10.16361
11.23487 11.26331 10.47418 12.05643 11.17305 16.06261 14.21276 15.15138 14.01118 10.26085
11.60812 11.44397 10.62623 12.31745 11.36176 16.21612 14.38673 15.31148 14.17346 10.4516
12.10916 11.74564 10.91795 12.62685 11.58907 16.54439 14.65538 15.57983 14.4214 10.64616
12.6709 12.1124 11.2671 13.10591 11.94566 17.0521 14.94755 15.97516 14.81544 10.9142
13.40247 12.52437 11.56617 13.80064 12.49398 17.85566 15.29438 16.56858 15.31449 11.30536
13.05148 12.55042 11.51233 13.9056 12.67701 18.41383 15.70979 17.3859 15.75865 11.7944
12.32018 12.30396 10.62938 13.49998 12.08834 18.54502 15.46411 17.9379 15.7357 11.55249
12.18661 12.67033 10.82243 13.8296 12.36964 17.69849 14.70712 17.14548 15.15371 10.86633
12.24904 13.06528 11.20288 14.45843 12.76251 18.21173 14.85983 17.92604 15.48903 11.43964
13.30038 14.05114 12.10184 15.5465 13.70204 19.34394 15.67688 19.21027 16.41579 12.00229
14.55563 15.31164 13.00592 17.18362 14.91236 20.73259 16.64727 20.72488 17.72677 13.0285
16.17504 16.99005 14.38789 19.04146 16.36867 22.57274 17.72221 22.54294 18.95008 13.76871
18.24007 19.05925 16.13891 21.40216 18.0617 24.79632 19.58414 24.61522 20.89352 15.28765
20.66349 21.77995 18.10104 24.07247 20.25142 27.26746 21.84131 27.16302 22.8768 17.1521
23.43624 25.021 20.45091 27.1167 22.79346 29.80395 24.68855 29.72676 25.29709 19.45263
26.55884 32.43529 23.09913 30.70366 25.71736 42.50511 34.89716 40.15667 35.94184 32.20626
36.72172 33.45987 32.98139 38.08621 31.49451 42.58428 34.97342 40.24264 36.02484 32.26974
36.7816 33.5152 33.03891 38.14882 31.54534 42.66298 35.04918 40.32822 36.10727 32.33194
36.83767 33.57013 33.09317 38.20943 31.59417 42.74115 35.12479 40.41335 36.18967 32.39188
36.89281 33.62478 33.14737 38.27344 31.64295 42.81727 35.20003 40.49748 36.27114 32.45035
