14.47343 12.39465 11.93906 10.02279 11.31734 12.8178 10.82958 13.69552 13.25962 14.42525
14.52575 12.52054 12.04468 10.16241 11.39924 12.93689 10.95704 13.77637 13.39599 14.49057
14.67795 12.63633 12.17393 10.34737 11.58052 13.13328 11.17025 13.93784 13.66597 14.60001
15.08462 12.96655 12.44431 10.63294 11.81152 13.43537 11.46689 14.24894 13.96076 14.79667
15.58697 13.39224 12.8689 10.99722 12.12309 13.77326 11.61646 14.69622 14.41695 15.09372
16.37269 13.5749 13.37092 11.57587 12.35807 14.13861 11.78167 15.06136 14.96447 15.4595
15.54041 13.18989 13.28972 11.37149 12.24884 14.59199 11.46106 15.06007 15.07434 15.75202
15.49559 13.6196 12.6417 9.89089 12.3358 14.82569 11.20782 14.58709 14.63747 15.22926
15.34774 14.11659 12.92236 10.12684 12.39081 13.16812 10.64594 13.74792 13.99181 14.74103
15.95438 14.47136 13.01004 10.54292 12.9057 13.53063 11.03145 13.77603 13.5386 14.64087
16.81786 15.40411 13.78113 11.05049 13.93281 13.88473 11.65304 14.73215 14.11027 15.42419
17.90923 16.46524 14.75855 12.17787 15.11394 14.51253 12.47646 15.52344 14.75842 16.26919
19.40124 17.84104 16.23953 13.46785 16.63265 15.41475 13.60646 16.90917 15.6024 17.25068
21.25098 19.83598 18.07614 15.37921 18.31106 17.18425 15.15058 18.65359 17.09944 18.8104
23.55223 22.08597 20.5973 17.72562 20.5182 19.08993 17.34546 20.9492 19.0621 20.57355
26.21331 25.26764 23.35423 20.48677 23.34185 21.84448 22.07846 23.62706 21.16384 22.94772
29.24719 29.51668 26.41074 24.10045 26.4971 31.53519 28.93557 34.63639 32.73483 31.84399
34.35477 32.15511 32.93663 34.4306 32.19055 31.60815 29.00288 34.71445 32.81379 31.91145
34.41062 32.2066 32.99462 34.48979 32.24117 31.68095 29.07003 34.79163 32.8923 31.97844
34.46439 32.25773 33.05038 34.54699 32.28861 31.75364 29.13609 34.86767 32.96899 32.04542
34.51787 32.30893 33.10565 34.60388 32.33585 31.82595 29.20174 34.9435 33.04523 32.11233
