15.74852 14.32835 13.62252 12.1589 13.83033 15.09635 12.61623 16.09078 15.75065 17.00372
15.82718 14.44243 13.6887 12.24901 13.87009 15.14818 12.7193 16.18603 15.86309 17.09498
15.88251 14.58281 13.80468 12.39348 13.95352 15.24809 12.85328 16.3252 16.03593 17.20207
16.00048 14.77771 14.0133 12.54806 14.16817 15.42449 13.00976 16.52508 16.21406 17.33445
16.32987 14.99404 14.3888 12.80472 14.50031 15.64145 13.16187 16.72701 16.40528 17.56242
16.14436 15.39084 14.8347 13.29364 14.80728 15.95176 13.1481 16.99823 16.58646 17.8247
15.59834 15.55948 14.40982 12.46064 15.01603 16.21275 13.33739 17.1325 16.45417 18.10044
15.27054 15.81437 14.11023 12.09926 14.97241 16.08411 13.07215 16.70672 16.25459 17.88649
15.37885 16.29896 14.34318 12.26477 15.34442 15.21688 12.99555 16.72109 15.89838 17.96714
15.74218 16.73474 14.81938 12.68497 16.29122 15.30755 13.17712 16.3462 15.52516 18.15584
16.37492 17.66591 15.30179 13.48478 17.7328 15.45248 13.67294 16.70273 15.56941 19.18916
17.10801 18.64171 16.0317 13.99915 18.67707 15.79657 14.12609 17.06361 16.20531 19.99148
17.70256 19.78281 16.95244 14.9471 19.56465 16.37721 14.86039 17.58509 16.83016 20.94712
18.71135 21.244 18.21255 16.03482 20.83312 17.25979 15.89539 18.83257 17.40179 22.35498
20.04462 22.74956 19.78169 17.50956 22.28806 18.18426 17.01248 20.27411 18.72593 23.71861
21.75463 24.67469 21.61242 19.42565 23.83521 20.32474 18.57902 21.98632 20.10436 25.4384
23.584 26.54348 23.94832 21.56765 25.83796 22.14127 20.17536 23.73953 21.69221 28.23134
25.75962 29.18508 26.63738 24.28345 29.58444 25.07128 22.62619 26.01668 23.69461 29.3932
28.64639 34.05256 31.68083 28.39625 34.11522 32.8806 30.73453 34.8787 25.81419 32.94337
33.07544 34.57598 33.52833 36.35041 34.19748 32.94029 30.78836 34.94025 34.22429 33.83213
33.13646 34.62486 33.5856 36.41575 34.26129 32.99937 30.84172 34.99852 34.28715 33.88843
