12.08063 10.68055 12.95847 10.65137 10.97777 13.66385 14.68005 15.13105 13.40902 10.66028
12.16967 10.77121 13.05593 10.79723 11.0707 13.7649 14.76295 15.19819 13.56417 10.7506
12.32402 10.99422 13.21374 11.04399 11.27033 13.92558 14.91681 15.34545 13.71559 10.94132
12.61674 11.2879 13.42602 11.28166 11.51201 14.07107 15.12108 15.53665 13.94097 11.18603
13.08154 11.65563 13.76082 11.55193 11.83412 14.34146 15.34476 15.78862 14.39978 11.53183
13.75359 12.06865 14.16794 11.8712 12.20845 14.81391 15.83293 16.16742 14.91537 12.09177
14.62669 13.08528 14.77969 12.56228 13.16227 15.23379 16.5748 16.88265 15.34667 12.72359
14.47257 12.48808 14.74622 12.8623 12.62992 15.74118 17.36185 17.9189 15.85679 13.28301
14.44383 12.3851 14.79193 12.44885 12.03825 15.05827 16.28956 17.21247 15.44486 11.64099
14.92837 12.42501 15.2307 13.17022 12.28781 15.06047 17.21062 18.05789 15.89153 12.21327
15.71544 13.04685 15.87013 13.96872 12.74219 15.72838 17.40967 18.58381 16.74217 12.71638
16.94334 13.87375 16.88087 15.03319 13.66947 16.6947 18.51924 20.1693 17.94853 13.40237
18.78217 15.23529 17.93157 16.33411 14.57373 17.68001 19.72114 21.29496 18.92297 14.25403
19.97295 16.52803 19.41298 17.84564 15.57311 18.94923 20.87477 22.41461 20.23904 15.19055
21.88057 18.07792 21.16498 19.4013 16.82425 20.23632 22.57651 24.18182 21.72191 16.54775
24.26861 20.05166 23.12886 21.23761 18.41743 21.86428 24.39272 26.15906 23.45684 17.8114
27.16423 22.47041 26.27981 23.62662 20.37644 24.00424 36.46537 28.55053 25.77588 19.32387
41.12772 35.23543 36.68639 33.77827 32.60797 40.81796 38.95747 42.67628 41.60116 33.45801
41.19888 35.29657 36.76185 38.35624 32.67151 40.91459 39.05064 42.78518 41.70631 33.53236
41.26948 35.35836 36.82626 38.42488 32.72628 41.01121 39.1475 42.89529 41.8117 33.60657
41.34025 35.41965 36.89395 38.49238 32.78015 41.10717 39.24314 43.005 41.91647 33.68037
