12.39064 11.91677 13.28196 15.6229 11.25579 17.84307 16.28632 17.32692 17.09453 20.06763
12.47402 11.99008 13.34221 15.71736 11.32087 17.90439 16.40324 17.43782 17.17356 20.21138
12.67853 12.1491 13.40022 15.90248 11.50024 17.9599 16.62079 17.6153 17.29261 20.39123
12.93853 12.3863 13.5049 16.20068 11.84966 18.11316 16.93458 17.78308 17.45764 20.72714
13.30552 12.80331 13.7204 16.68764 12.33038 18.2059 17.32435 18.04676 17.65633 21.07791
13.92982 13.62271 14.11806 17.39405 12.74057 18.36923 17.94346 18.38362 17.93798 21.46642
14.82874 14.60622 15.14567 17.75978 13.27155 18.56312 18.70089 18.97408 18.5068 22.19148
15.08621 14.37188 16.05448 17.54207 12.5252 18.8428 19.4054 19.38271 19.2506 22.78461
14.71163 14.50426 15.96775 17.57898 12.14624 18.78695 19.3486 19.68521 18.58423 22.74633
15.63568 15.26372 16.80793 18.59752 12.60953 18.80731 19.84722 19.84821 19.07473 23.03222
16.48219 15.97757 18.12415 19.68854 13.17245 19.61644 20.98139 20.79977 20.0589 23.57365
18.01044 17.34051 19.47853 20.9666 13.97108 20.9269 22.32129 21.94374 21.05147 24.31805
19.17066 18.51505 20.67511 22.5712 14.9117 21.82353 23.64645 22.69392 21.85336 25.57708
20.91688 20.14049 22.23709 24.27932 16.07578 22.96478 25.39705 24.00618 23.04504 27.0884
22.41155 21.79198 24.0456 26.33524 17.56465 24.04698 27.34764 25.52538 24.52333 28.8549
24.7646 24.07518 26.45159 29.09437 19.30059 25.62414 29.53627 28.01092 26.60718 31.05037
27.62672 26.80815 29.87728 32.89051 21.47276 28.12465 32.7526 31.19811 29.28038 33.91408
41.23673 37.94786 40.30014 41.66009 31.06488 40.72802 41.65527 44.08204 42.11713 40.83775
41.31527 38.02059 40.37943 41.73947 31.11571 40.83058 41.76313 44.19328 42.22666 40.91797
41.39064 38.08959 40.45524 41.81547 31.16456 40.93297 41.87163 44.30521 42.33605 40.99764
41.46553 38.15798 40.53134 41.89067 31.21269 41.0352 41.98008 44.41714 42.44442 41.07675
