10.7341 9.23658 9.2256 6.3301 7.31596 10.86447 7.85107 9.59814 11.06999 9.38248
10.7341 9.23658 9.2256 6.3301 7.31596 10.86447 7.85107 9.59814 11.06999 9.38248
10.7341 9.23658 9.2256 6.3301 7.31596 10.86447 7.85107 9.59814 11.06999 9.38248
10.7341 9.23658 9.2256 6.3301 7.31596 10.86447 7.85107 9.59814 11.06999 9.38248
10.7341 9.23658 9.2256 6.3301 7.31596 10.86447 7.85107 9.59814 11.06999 9.38248
10.7341 9.23658 9.2256 6.3301 7.31596 10.86447 7.85107 9.59814 11.06999 9.38248
10.7341 9.23658 9.2256 6.3301 7.31596 10.86447 7.85107 9.59814 11.06999 9.38248
10.7341 9.23658 9.2256 6.3301 7.31596 10.86447 7.85107 9.59814 11.06999 9.38248
10.7341 9.23658 9.2256 6.3301 7.31596 10.86447 7.85107 9.59814 11.06999 9.38248
10.7341 9.23658 9.2256 6.3301 7.31596 10.86447 7.85107 9.59814 11.06999 9.38248
10.7341 9.23658 9.2256 6.3301 7.31596 10.86447 7.85107 9.59814 11.06999 9.38248
10.7341 9.23658 9.2256 6.3301 7.31596 10.86447 7.85107 9.59814 11.06999 9.38248
10.7341 9.23658 9.2256 6.3301 7.31596 10.86447 7.85107 9.59814 11.06999 9.38248
10.7341 9.23658 9.2256 6.3301 7.31596 10.86447 7.85107 9.59814 11.06999 9.38248
10.7341 9.23658 9.2256 6.3301 7.31596 10.86447 7.85107 9.59814 11.06999 9.38248
10.7341 9.23658 9.2256 6.3301 7.31596 10.86447 7.85107 9.59814 11.06999 9.38248
10.7341 9.23658 9.2256 6.3301 7.31596 10.86447 7.85107 9.59814 11.06999 9.38248
10.7341 9.23658 9.2256 6.3301 7.31596 10.86447 7.85107 9.59814 11.06999 9.38248
10.7341 9.23658 9.2256 6.3301 7.31596 10.86447 7.85107 9.59814 11.06999 9.38248
10.7341 9.23658 9.2256 6.3301 7.31596 10.86447 7.85107 9.59814 11.06999 9.38248
10.7341 9.23658 9.2256 6.3301 7.31596 10.86447 7.85107 9.59814 11.06999 9.38248
