9.41329 9.25048 10.7067 9.92354 10.38449 12.14177 12.90653 11.4137 13.56923 10.28104
9.70815 9.46387 10.94229 10.12274 10.49973 12.33818 13.06384 11.52197 13.67394 10.41921
10.08464 9.93839 11.23631 10.55852 10.73128 12.70901 13.28063 11.70431 13.96054 10.70267
10.52826 10.36026 11.758 11.09987 10.7701 13.13219 13.50197 12.09943 14.31289 11.05098
11.17157 10.69687 12.36436 11.69598 11.16103 13.61026 13.73974 12.43279 14.59243 11.26771
11.70486 11.10945 12.81935 12.10122 11.11902 14.28085 14.2663 12.80563 14.89589 11.93911
10.66765 10.12407 12.02067 10.97179 10.58096 14.59408 13.93581 12.86534 15.17635 11.9824
10.66059 10.18195 11.86885 11.43532 10.33165 13.55507 13.95119 11.43265 13.98092 11.14596
10.9227 10.68515 12.06911 11.73997 10.77645 13.46159 13.97656 11.77589 14.81139 11.01405
11.63192 11.41364 12.50346 12.2089 10.97303 13.64277 14.79819 12.24591 14.53775 12.10222
12.49695 12.2283 13.46762 13.14717 11.89325 14.54478 16.21669 12.87895 15.11033 12.67276
13.80312 13.20905 14.35918 14.21205 12.52918 15.31896 16.59715 13.74229 16.02983 13.00441
15.56531 14.58008 15.80352 15.48979 13.57717 16.37822 17.53733 14.78968 17.32519 13.44925
17.73521 16.38478 17.56559 17.31396 15.36053 18.26545 18.89374 17.05846 18.89071 15.07499
20.32017 19.17006 19.69556 19.74921 18.0552 21.64883 23.24711 20.3772 22.21723 17.83428
23.61138 22.83785 22.89095 22.75679 21.58295 25.97772 34.54895 25.13551 26.87237 22.62098
27.77069 28.84914 30.06031 31.03376 28.71663 37.53064 35.64031 35.00206 35.25901 31.86937
40.15418 36.38336 33.48705 37.14083 32.21979 37.62517 35.72333 35.0874 39.65945 31.94311
40.23071 36.44594 33.5454 37.20165 32.27252 37.7194 35.80478 35.17187 39.75128 32.01671
40.3061 36.50805 33.60264 37.26201 32.32481 37.81291 35.88494 35.25579 39.8421 32.08969
40.38067 36.56992 33.65926 37.3221 32.37674 37.90584 35.96375 35.33858 39.93158 32.16203
