13.77606 12.91986 12.4371 11.84495 10.45845 11.03516 12.2848 11.79069 10.65301 13.59909
13.83755 13.01146 12.52144 11.90773 10.52904 11.0993 12.34033 11.84449 10.71697 13.64003
13.92154 13.22486 12.65414 12.02094 10.64679 11.2696 12.40804 11.91831 10.82956 13.70559
14.02724 13.41523 12.83534 12.15556 10.81468 11.48888 12.50212 12.0117 10.94591 13.81425
14.14919 13.70859 13.05647 12.36527 11.0857 11.79885 12.70887 12.13036 11.13964 14.01916
14.41521 14.23297 13.32756 12.42456 11.53219 12.19119 13.01574 12.34059 11.43264 14.4618
14.88804 14.31351 13.70794 12.71264 12.20869 12.55272 13.33113 12.60869 11.85689 15.32424
14.74276 14.30525 13.77057 12.89151 11.32655 13.52884 13.52582 13.02113 12.43415 15.52273
15.2098 14.66714 14.47824 13.63273 11.09375 12.42223 14.26801 13.17108 12.2927 15.93865
16.0703 15.24916 14.74616 14.70627 11.11678 12.98101 14.84713 13.992 13.28849 16.79149
17.29789 16.07747 15.9063 15.52489 11.86735 13.84347 15.48914 15.09383 14.36948 17.78822
18.05587 17.17007 16.98325 16.41664 12.42807 14.55148 16.15398 15.88459 15.56496 18.84089
19.25666 18.26972 17.86488 17.57751 12.96136 15.58873 16.87665 16.96146 16.97652 20.11158
19.90174 19.36092 19.46395 18.31606 13.63959 16.34678 17.80438 18.22906 17.62349 21.43152
20.45763 20.71639 20.63933 19.0211 14.30691 17.27257 18.70886 19.23671 18.74884 22.70121
21.16159 22.13312 21.97155 20.14461 15.27915 18.53039 20.0395 20.44959 20.26605 24.10682
22.23245 23.9983 23.63427 21.53646 16.47752 20.16528 21.62393 21.94613 22.25553 25.75939
24.00133 26.42884 26.23426 23.54368 18.00829 22.37196 24.00654 24.41507 24.90743 27.82007
26.5016 31.18665 31.42283 26.52286 19.73267 24.70943 27.26764 27.15766 28.25815 31.05992
37.74505 36.87635 39.10157 38.0442 30.12195 37.9183 37.54523 36.02151 41.5238 38.64437
37.81833 36.94806 39.22288 38.14523 30.18431 38.01589 37.65524 36.18667 41.75197 38.73917
