13.09231 11.26428 11.64062 8.62628 9.03784 13.37226 10.00402 12.39092 13.23802 12.51349
13.17113 11.33263 11.72328 8.67386 9.10984 13.47308 10.15075 12.48114 13.30261 12.64049
13.37802 11.45045 11.8886 8.79086 9.18341 13.69593 10.36548 12.61342 13.42483 12.75181
13.71525 11.68555 12.09782 9.02889 9.33748 13.94393 10.6133 12.79017 13.58024 12.98559
14.10247 11.98843 12.3515 9.311 9.52879 14.29801 10.70868 12.96538 13.87866 13.2974
14.5956 12.18224 12.77367 9.53587 9.75747 14.78808 10.77564 13.48425 14.31786 13.51208
14.50061 11.72417 12.52255 8.01743 8.5731 15.53335 10.74554 13.72482 14.92758 13.73444
14.87136 12.23179 12.99856 7.76538 9.00917 15.2372 9.95003 13.47983 14.97549 12.58176
15.83199 13.01206 13.57997 8.16346 9.52205 15.12317 10.34177 13.33287 14.5474 12.09572
17.01313 13.73654 14.59416 8.52223 9.87498 15.54925 11.13589 13.91196 15.21469 12.05789
18.34838 14.55543 15.78044 9.49243 10.57998 16.76435 11.88241 15.14973 16.46139 12.86217
20.01426 15.91587 17.49509 10.83116 11.7579 18.29596 13.07227 16.58184 17.93451 13.94838
22.13849 17.67229 19.10647 12.43875 13.00342 20.15053 14.54627 18.41033 19.64418 15.25734
24.58096 19.71462 21.16927 14.41256 14.66606 22.40569 16.29737 20.65729 21.85884 17.06717
27.13917 21.88743 23.49176 16.79144 16.46057 24.68061 18.17233 22.92001 24.33872 18.96777
29.37826 24.08026 25.68215 18.66635 18.03701 26.76127 19.68711 24.59905 26.2346 20.43661
31.56204 26.16473 28.45439 20.77523 19.82233 29.14466 21.21866 26.53466 28.09771 21.92652
34.27884 30.86439 32.63567 22.70736 21.55285 31.54944 33.19952 38.16314 29.94809 23.55976
37.30916 34.69801 37.87709 24.90678 31.06229 41.50782 33.2668 39.45336 36.39404 33.56179
40.89594 34.74634 37.94314 35.29531 31.10284 41.57525 33.32324 39.52105 41.53928 33.61377
40.95206 34.79214 37.99529 35.34229 31.13889 41.64291 33.37973 39.58871 41.61036 33.66569
