14.15764 14.01252 11.78351 14.06286 11.77393 17.19408 14.03423 17.7433 19.22755 16.7081
14.24215 14.12895 11.89437 14.17424 11.90198 17.35198 14.14223 17.84289 19.31261 16.78532
14.42378 14.40717 12.13055 14.32816 12.10597 17.58919 14.31918 17.95476 19.44414 16.89633
14.62875 14.83615 12.46806 14.54178 12.39163 17.85979 14.35942 18.13518 19.61112 17.08675
15.0038 15.25904 12.80018 14.79619 12.70898 18.29318 14.61184 18.31761 19.86239 17.32867
15.50981 15.52702 13.34228 15.08069 13.36985 18.82094 14.8621 18.53175 20.267 17.58258
15.56592 15.38445 13.61928 15.36631 13.41344 19.40014 15.19792 18.94174 20.91645 17.9066
15.07647 15.09762 12.92585 14.06897 13.49609 19.88108 14.77724 19.38486 21.50854 18.04225
15.09704 15.3267 13.13118 14.39688 13.98017 19.03805 13.98989 19.57697 20.98794 17.99417
15.46342 16.31049 13.56437 14.9581 14.19847 18.44773 14.27806 19.8631 21.61904 17.91857
16.51201 16.97657 14.07371 15.7591 15.08298 18.98022 14.92046 20.73494 22.01842 18.61094
17.31318 17.79982 14.81555 16.55307 16.11685 19.75217 15.77968 21.93541 23.16455 19.3108
18.4689 18.95675 15.54675 17.63751 17.11432 21.19665 16.8621 23.39937 24.26387 20.9621
19.76243 20.1716 16.50378 18.99759 18.31917 22.91821 17.50472 24.93186 25.48549 22.18872
21.37489 21.96425 17.93613 20.81319 19.92468 25.18999 19.02526 26.88905 28.02287 23.70318
23.48982 23.98508 19.58784 23.275 21.99034 27.69567 21.09001 29.59226 30.50661 24.98132
26.15826 26.40274 21.64287 25.97542 24.31669 30.77143 25.69603 32.42749 33.65605 26.14872
29.48301 29.8961 23.88839 28.71698 26.37761 37.76696 32.83144 41.26024 42.37392 32.36125
35.95281 34.59369 31.22985 34.30603 32.85003 42.56174 32.8935 41.50778 42.4478 32.41811
36.00711 34.64928 31.27969 37.13427 32.89705 42.63786 32.95546 41.5926 42.52203 32.47482
36.05707 34.7009 31.32779 37.18608 32.93926 42.71309 33.0167 41.67511 42.59448 32.53063
