11.59044 11.19943 10.17041 9.66938 8.60471 12.84939 11.14104 13.15258 14.57975 12.70755
11.66817 11.27251 10.22427 9.76364 8.73416 12.92389 11.23629 13.223 14.64475 12.79738
11.82128 11.45082 10.3428 9.93078 8.97709 13.08006 11.47381 13.32211 14.75724 12.98439
12.10204 11.67479 10.5645 10.11003 9.18588 13.28304 11.71961 13.43179 14.88839 13.23574
12.48913 12.2451 11.11869 10.39108 9.5189 13.48366 12.03275 13.527 15.04665 13.53062
13.23178 12.9023 11.857 10.60487 9.96973 13.7189 12.46036 13.64779 15.29969 14.02162
13.95717 13.9894 12.74685 11.24165 10.08303 14.40884 12.95821 13.84757 15.83207 14.99143
14.30337 13.19555 12.72997 10.5984 9.42084 15.10712 13.03944 14.64452 16.57993 15.3595
14.76704 13.57753 13.36111 11.60567 9.60305 15.12887 13.04944 14.22074 16.00674 13.7959
15.90726 14.62716 14.29832 12.38575 10.48996 16.05322 13.99994 15.06888 17.06193 13.99152
16.97133 15.56189 15.49979 13.50253 11.53543 16.95093 14.857 16.27595 18.23316 14.95125
18.01829 16.44715 16.48061 14.10935 11.69879 17.60177 15.88705 16.29649 18.49735 15.97772
19.48434 17.8459 17.92485 14.95048 12.56477 17.94627 16.62014 17.73049 18.89493 16.72118
20.92043 19.35196 19.26723 16.02874 13.4651 18.98763 17.36928 18.3598 20.30072 17.42641
22.46725 20.54331 20.96701 17.17087 14.31941 19.91033 18.53608 20.20469 21.38206 18.10037
24.08878 22.14188 22.65083 18.44374 15.25549 20.91856 19.71812 21.12664 22.37741 18.92098
26.101 23.92863 24.81611 20.29314 16.57833 22.18611 21.08992 22.52274 23.53804 19.54459
28.53565 26.08453 27.31171 22.49477 18.22253 23.55146 23.08041 25.04609 24.8991 20.83153
31.74435 29.00572 30.54727 25.10816 20.01796 25.33852 28.0312 27.67188 27.12238 23.00384
39.47275 41.11073 42.98665 29.27969 22.54908 46.00815 42.26212 44.03413 43.23567 37.66408
45.28971 41.22337 43.10453 41.61962 33.09014 46.13325 42.36647 44.16835 43.35307 37.75428
