9.72318 8.60068 10.94042 11.75808 9.66633 17.10247 13.45465 17.17586 15.39456 17.46321
9.86864 8.66829 11.05847 11.93358 9.83031 17.21612 13.5799 17.30073 15.5517 17.56057
10.24499 8.79807 11.27066 12.33346 10.17896 17.38635 13.78936 17.48526 15.83882 17.72306
10.70797 9.14585 11.53561 12.78632 10.66071 17.64597 14.0897 17.74685 16.11779 17.78553
11.19837 9.66249 11.88839 13.44931 11.40129 18.06038 14.29278 18.14441 16.52882 18.06976
11.65796 10.37834 12.0762 14.27969 12.13488 18.59201 14.66606 18.80319 16.99903 18.52263
11.44494 9.91607 12.17974 13.78239 12.67356 19.1415 14.79911 19.44692 17.79078 18.91495
10.89047 10.03654 11.54267 13.58655 12.47611 18.64802 14.55408 18.82911 18.13762 19.07445
11.39491 10.3805 11.8188 13.82554 12.90001 18.61675 14.00119 19.05109 18.1906 19.32845
11.83623 10.88052 12.29977 14.26734 13.38003 19.2905 14.50457 19.77483 18.92148 19.83992
12.88805 11.84916 12.97609 15.25767 14.50421 20.15334 15.20974 20.92009 20.18648 20.56361
14.02048 13.08653 14.09523 16.66679 15.85119 21.43603 16.04611 22.53677 21.80984 21.668
15.39834 14.56721 15.45016 18.31561 17.27168 23.32134 17.32683 24.42059 24.16704 23.13557
17.25641 16.54486 17.17963 20.15365 19.06354 25.51709 18.81447 26.74704 26.73176 24.88189
19.40512 18.89946 19.50758 22.40883 21.21865 28.05105 20.87337 29.35314 29.4569 26.96501
21.83036 21.68233 22.57788 25.15516 24.74501 30.7872 23.36925 32.7142 32.52586 32.60121
32.30654 30.64227 30.06458 36.86429 30.57221 39.76748 34.63243 42.68589 44.26463 33.78487
34.21482 30.69348 33.41131 36.92823 30.6182 39.85759 34.69981 42.78477 44.36361 33.84253
34.26936 30.74214 33.46278 36.98447 30.66034 39.94752 34.76682 42.88333 44.46199 33.90009
34.32345 30.79069 33.51328 37.03977 30.70185 40.03797 34.83252 42.98052 44.56036 33.95757
34.37681 30.83928 33.5634 37.09477 30.743 40.12884 34.89739 43.077 44.65862 34.01453
