6.86011 6.84634 8.29314 6.73185 7.73021 9.42403 9.39714 8.52159 10.56904 7.28001
6.86011 6.84634 8.29314 6.73185 7.73021 9.42403 9.39714 8.52159 10.56904 7.28001
6.86011 6.84634 8.29314 6.73185 7.73021 9.42403 9.39714 8.52159 10.56904 7.28001
6.86011 6.84634 8.29314 6.73185 7.73021 9.42403 9.39714 8.52159 10.56904 7.28001
6.86011 6.84634 8.29314 6.73185 7.73021 9.42403 9.39714 8.52159 10.56904 7.28001
6.86011 6.84634 8.29314 6.73185 7.73021 9.42403 9.39714 8.52159 10.56904 7.28001
6.86011 6.84634 8.29314 6.73185 7.73021 9.42403 9.39714 8.52159 10.56904 7.28001
6.86011 6.84634 8.29314 6.73185 7.73021 9.42403 9.39714 8.52159 10.56904 7.28001
6.86011 6.84634 8.29314 6.73185 7.73021 9.42403 9.39714 8.52159 10.56904 7.28001
6.86011 6.84634 8.29314 6.73185 7.73021 9.42403 9.39714 8.52159 10.56904 7.28001
6.86011 6.84634 8.29314 6.73185 7.73021 9.42403 9.39714 8.52159 10.56904 7.28001
6.86011 6.84634 8.29314 6.73185 7.73021 9.42403 9.39714 8.52159 10.56904 7.28001
6.86011 6.84634 8.29314 6.73185 7.73021 9.42403 9.39714 8.52159 10.56904 7.28001
6.86011 6.84634 8.29314 6.73185 7.73021 9.42403 9.39714 8.52159 10.56904 7.28001
6.86011 6.84634 8.29314 6.73185 7.73021 9.42403 9.39714 8.52159 10.56904 7.28001
6.86011 6.84634 8.29314 6.73185 7.73021 9.42403 9.39714 8.52159 10.56904 7.28001
6.86011 6.84634 8.29314 6.73185 7.73021 9.42403 9.39714 8.52159 10.56904 7.28001
6.86011 6.84634 8.29314 6.73185 7.73021 9.42403 9.39714 8.52159 10.56904 7.28001
6.86011 6.84634 8.29314 6.73185 7.73021 9.42403 9.39714 8.52159 10.56904 7.28001
6.86011 6.84634 8.29314 6.73185 7.73021 9.42403 9.39714 8.52159 10.56904 7.28001
6.86011 6.84634 8.29314 6.73185 7.73021 9.42403 9.39714 8.52159 10.56904 7.28001
