11.9378 11.84784 12.72244 15.08062 11.10751 17.14905 15.54931 16.68155 16.14491 19.20395
12.04595 11.90401 12.76276 15.16883 11.16486 17.21358 15.63989 16.93745 16.21185 19.47113
12.22495 12.00409 12.81382 15.33753 11.29984 17.30973 15.78268 17.11174 16.27768 19.62605
12.44689 12.15961 12.88206 15.53011 11.48001 17.41805 15.97049 17.34491 16.39239 19.82114
12.7335 12.41022 12.96037 15.82146 11.76279 17.5465 16.23684 17.53027 16.53561 20.13198
13.0892 12.92838 13.22429 16.29362 12.12012 17.74135 16.56008 17.3857 16.74378 20.45704
13.75039 13.8506 13.7957 16.73449 12.6469 17.80929 17.02747 17.47447 17.08648 20.88631
13.91816 13.91998 15.27925 16.49702 12.48274 18.09384 17.65123 18.16805 17.69716 21.29871
13.8873 14.03582 15.26245 16.93554 11.30532 18.02392 18.23891 18.49659 17.80561 21.67613
15.19893 14.98402 15.96846 17.96231 12.05885 18.22484 18.18613 18.79011 18.26156 21.55553
16.35146 16.11712 16.79881 18.79811 12.76007 19.03074 19.18309 19.0034 18.94256 21.62391
17.20033 16.98655 17.94877 19.7443 13.1492 19.25513 20.34275 20.14371 20.10517 22.75451
18.31705 18.31599 19.3246 21.06162 13.75939 20.08376 21.14501 20.57923 21.55574 23.90505
19.437 19.34498 20.57517 22.05744 14.24837 20.97206 22.50843 22.12335 22.63049 24.82145
20.51003 20.26606 22.05655 23.29826 14.70719 21.44372 24.10202 22.82575 23.68503 25.80691
21.7304 21.46965 23.62989 24.93653 15.49427 22.50493 25.25793 24.35267 23.89162 27.15806
23.04738 23.12637 25.17061 26.7551 16.68197 23.40072 26.93825 25.86763 24.626 28.52888
24.79693 25.05219 27.42058 28.7526 18.16437 25.01746 28.38198 28.5316 25.63569 30.69919
27.44555 27.5327 30.57218 32.76702 19.82187 26.66195 31.00768 34.47831 27.23148 33.98646
40.46183 39.75369 40.73308 41.98249 30.91311 43.41494 42.8982 44.96931 42.86831 40.25955
40.53374 39.83019 40.80147 42.06803 30.96229 43.50602 42.98561 45.06736 42.96011 40.33363
