16.57391 13.47142 13.2069 13.84004 12.68485 17.84331 14.33271 13.20739 15.73321 12.85022
16.75405 13.53983 13.27333 13.91499 12.76318 17.92397 14.40467 13.27253 15.80627 13.01211
16.86678 13.68785 13.4492 14.12205 12.90714 18.01523 14.5618 13.35112 15.93556 13.16587
17.02324 13.84629 13.75623 14.34901 13.03647 18.09128 14.78763 13.4279 16.08212 13.47723
17.37741 14.16799 14.29313 14.66152 13.13051 18.13286 15.06199 13.61637 16.30466 13.8146
18.04193 14.21344 14.93887 15.24713 13.34294 18.29759 15.71213 13.84862 16.07229 14.1102
17.86646 14.35734 14.57008 15.68437 13.16998 18.62229 16.06529 14.07477 16.31876 14.31886
17.55093 14.31444 14.35087 15.50848 12.7491 18.72122 16.6949 13.89137 16.45309 14.31363
18.42313 14.55513 15.21908 16.21198 12.53669 18.49213 16.16758 14.08079 16.55991 13.22683
19.20324 14.8433 16.15501 16.72442 12.82748 19.24792 16.33674 14.71295 17.20536 13.11441
20.25647 15.30839 17.43013 17.60098 13.61125 20.10161 17.00992 15.7629 18.14688 13.86935
21.47401 16.08907 18.53092 18.58117 14.33389 21.40393 18.01025 16.64686 19.01931 14.53171
22.3262 17.0417 20.00435 19.88765 15.22755 22.41195 19.2509 17.43113 20.12661 15.43272
23.26706 17.81533 21.05259 21.04413 16.12946 23.29907 20.04412 18.31874 21.24123 15.77686
24.53924 18.8556 22.32247 22.26138 16.79513 24.30211 20.98263 19.34826 21.90347 16.67772
26.20351 20.32094 23.97433 23.83983 17.94718 25.01341 21.88885 20.49503 23.00775 17.75117
28.48767 22.04322 26.07921 25.71148 19.4466 26.33269 23.51822 21.29903 24.38798 18.98223
31.43025 23.96028 28.87327 28.39508 21.53035 28.51542 25.46044 22.66204 26.27414 20.23028
39.85861 26.69936 34.97384 31.92302 25.19216 39.45027 31.93645 25.11716 28.80812 22.11842
42.04366 35.7341 43.66405 41.45772 34.18991 43.34842 40.69114 41.60423 42.65442 34.79968
42.14189 35.80599 43.80097 41.56993 34.28037 43.45458 40.79229 41.72564 42.77501 34.88834
