15.84003 13.71384 13.49522 13.69834 10.56404 14.42433 14.87798 17.16123 13.20412 16.41932
15.92926 13.92786 13.62422 13.78203 10.731 14.50993 14.98135 17.28127 13.28883 16.51007
16.15686 14.23102 13.81312 13.95373 11.08019 14.77275 15.10385 17.49034 13.43877 16.68116
16.43945 14.60897 14.24187 14.36116 11.54693 15.22407 15.47921 17.77985 13.6556 16.92833
16.93346 14.98267 14.77253 14.74314 12.0459 15.64246 15.86685 18.02177 13.94566 17.29319
17.64042 15.15842 14.91569 15.52238 12.31952 16.10521 16.25078 18.38692 14.27585 18.12596
17.10572 14.61005 14.85591 14.97147 11.74233 16.76321 16.85213 19.002 14.40975 19.22403
17.24319 14.68643 14.81408 14.85822 10.90717 16.21351 17.05397 18.37428 14.17002 19.38243
18.56504 14.73226 15.53899 15.76192 10.9583 15.61739 16.93427 18.42888 14.35607 19.78782
19.10755 15.69236 16.35718 16.44336 11.52433 15.6368 17.33243 18.66559 15.10535 20.47834
20.23395 16.3433 17.61899 17.91744 12.06215 16.11879 18.0953 19.96391 16.36865 21.27633
21.41707 17.60082 18.89979 18.98966 12.88365 16.7648 19.17495 20.59841 17.05581 22.46153
22.60392 19.12839 20.38677 20.42329 13.98574 18.02219 20.54847 22.56929 18.82632 24.08747
24.65918 21.10198 22.54085 22.34283 15.62446 19.938 22.31305 24.74382 21.12049 25.80039
27.42824 23.75679 25.41933 25.03454 17.4059 22.33017 25.11934 27.34468 23.94941 28.30026
30.39522 26.96075 29.08366 28.29536 19.63947 25.0556 28.44642 30.34903 27.18328 30.81105
33.96246 37.28311 40.0311 33.52283 21.66526 40.57992 40.18008 42.55742 43.66146 33.98561
42.16892 37.35076 40.48701 41.4039 31.6778 40.67625 40.28516 42.66894 43.78025 42.66775
42.23439 37.41778 40.55987 41.48341 31.72874 40.77183 40.3884 42.7808 43.89665 42.756
42.29947 37.48423 40.63152 41.56102 31.77823 40.86699 40.49133 42.89212 44.01223 42.84275
42.36441 37.55002 40.70385 41.63801 31.82753 40.9608 40.59277 43.003 44.12776 42.92876
