14.28348 12.14431 11.78333 10.53239 9.9133 14.3204 10.64623 13.14882 15.68468 12.37118
14.36187 12.2332 11.86143 10.62073 9.98152 14.39258 10.80643 13.22211 15.7439 12.43679
14.53959 12.50293 11.98742 10.77583 10.10345 14.4962 10.94197 13.4067 15.92831 12.58554
14.80017 12.77307 12.24647 11.00947 10.35153 14.6337 11.06556 13.62924 16.15016 12.7989
15.21462 13.07528 12.63985 11.42428 10.67874 14.96316 11.42039 14.02808 16.50156 13.10473
15.70453 13.50893 13.1808 12.11597 11.02966 15.40005 11.86381 14.51058 17.1161 13.64692
16.76289 14.12923 13.95419 13.08591 11.08902 15.96143 12.31819 15.25179 17.8348 14.29793
16.86075 13.75918 14.26014 12.5647 10.69246 17.28698 11.98902 15.81877 18.70258 14.79615
16.94222 13.82789 14.18794 11.97018 10.40102 17.19617 11.96866 15.18456 18.79323 13.40379
17.96021 14.41175 14.52919 12.61672 10.81565 17.07228 11.89499 14.87585 18.97387 13.58778
18.81337 15.21224 15.11255 13.14095 11.22704 17.80186 12.68398 15.65116 19.66742 14.11595
20.11758 16.19267 16.0968 13.98209 11.95137 19.24275 13.35578 16.78045 20.64849 14.63492
21.788 17.40112 17.22997 15.22997 13.0179 20.7032 14.00079 17.86031 22.07895 15.40335
23.51347 18.72701 18.38045 16.67584 14.23086 22.03532 14.96988 19.33388 23.55856 16.28305
25.39367 20.69225 19.91574 18.23203 15.56113 23.70885 16.37723 20.80172 25.3855 17.55584
27.84714 23.11219 21.9448 20.10713 17.51965 25.77378 18.0619 22.8724 27.42135 19.03138
30.78251 26.81721 25.07709 22.42441 19.44297 28.38076 31.78086 25.1743 30.09859 20.65143
41.49178 34.26036 35.624 38.14813 31.18848 42.30885 31.8611 39.98734 41.48778 33.35002
41.56391 34.31746 35.6926 38.21284 31.23847 42.4059 31.94021 40.08338 41.58794 33.41801
41.63628 34.37782 35.75914 38.27605 31.28595 42.50561 32.01929 40.17936 41.68791 33.48724
41.70834 34.43851 35.82501 38.33881 31.33462 42.60496 32.09829 40.27477 41.78695 33.55596
