12.63378 11.25218 11.81761 8.62366 9.58695 12.85547 9.90299 12.08446 12.28373 13.00336
12.71502 11.33018 11.88939 8.74686 9.65378 12.90317 10.00803 12.15777 12.37519 13.07319
12.94381 11.46712 12.07054 8.91841 9.73629 13.01551 10.15976 12.36388 12.54381 13.19871
13.15323 11.63671 12.33573 9.11445 9.87864 13.19697 10.40976 12.60713 12.78777 13.32538
13.61601 11.91854 12.71845 9.37592 10.05656 13.42362 10.52731 12.81977 13.0429 13.48564
14.28045 12.37018 13.21325 9.78959 10.33074 13.70791 10.81116 12.88038 13.44926 13.6474
14.48614 12.05794 13.59203 9.71748 10.31065 14.2158 11.08443 13.18515 13.95545 13.90831
13.94637 11.8334 13.37066 8.43814 9.68381 14.80829 10.77039 13.61895 14.64622 14.25527
14.08499 12.20395 13.53589 8.2221 9.82206 14.38295 10.34117 13.13476 14.03369 13.49194
14.78201 12.75415 14.30239 8.68106 9.94165 14.39105 10.33921 12.90143 13.61713 13.13749
15.40136 13.55927 14.90714 9.1217 10.61882 14.71619 11.10331 13.16551 13.81895 13.13569
16.45046 14.31516 15.74968 9.7205 11.08578 15.31873 11.62639 14.01141 14.57828 13.73063
17.57095 15.26132 16.84182 10.58312 11.9633 16.33781 12.47388 14.86892 15.19991 14.33727
18.91275 16.45753 18.21775 11.87874 13.05946 17.62479 13.50984 16.08688 16.38019 15.17736
20.53778 18.00041 19.81393 13.32754 14.40914 19.20452 14.77437 17.61843 17.78467 16.27614
22.46391 19.87512 21.59707 15.16939 16.03728 20.97074 16.18503 19.39475 19.57211 17.62768
24.53563 22.08969 23.75264 17.10295 17.67632 22.82952 17.77355 21.32081 21.39248 19.18694
27.08577 25.46569 26.11476 19.40841 19.69817 24.92945 19.48222 23.46791 23.33393 20.73818
29.87077 28.85961 29.23696 21.92961 27.65112 26.96667 32.18225 35.29736 25.2493 22.40467
35.31971 32.37714 37.1477 33.09658 30.38109 36.28813 32.23701 35.3602 35.01559 32.83407
35.37247 32.42096 37.2185 33.14422 30.42185 36.35124 32.28949 35.42303 35.07869 32.88273
