10.28877 10.98637 10.38235 11.19538 9.93533 14.08437 12.60988 13.18282 13.51757 9.36998
10.37424 11.06164 10.51463 11.31696 10.01017 14.14059 12.73278 13.27384 13.65378 9.51126
10.55972 11.28435 10.70698 11.54608 10.17263 14.32099 12.9395 13.46527 13.8546 9.71151
10.93202 11.60363 10.92873 11.9367 10.37832 14.53741 13.22084 13.74137 14.09983 9.93934
11.48207 11.90566 10.97345 12.24114 10.7152 14.89357 13.47337 14.16425 14.41316 10.21448
12.22507 12.55926 11.56279 12.68227 11.41187 15.37184 13.54619 14.69839 14.85012 10.50543
11.25191 12.79022 11.5556 12.56409 11.61161 15.99511 13.90945 15.62758 15.23517 10.93415
11.07148 12.92179 11.16414 12.40295 11.77656 15.87842 13.57866 15.76136 14.6138 10.58055
11.23803 13.38767 11.63745 12.3983 12.25734 15.27517 13.6511 15.56272 14.88409 10.86408
11.80002 13.93296 12.0465 13.16891 12.44604 15.88638 13.7884 15.51029 15.13187 11.01806
12.43759 14.68477 12.75693 14.15237 13.34563 16.62384 14.60483 16.1868 16.04558 11.84907
13.4922 16.14068 13.8245 15.60036 14.84708 17.80198 15.7151 17.09842 17.29444 12.97682
14.98089 17.61827 15.18108 17.25904 16.35636 19.19834 16.97128 18.58456 18.71921 14.2342
16.73381 19.54543 16.85534 19.25178 18.30347 20.86579 18.80899 20.34098 20.45868 15.67118
19.06346 22.11066 19.32349 21.74419 20.57403 22.87432 20.75642 22.75939 22.68237 17.64187
21.67529 27.31505 22.00001 24.56013 23.07039 25.08357 23.11614 25.51549 25.09807 19.84577
25.123 31.77191 31.41432 27.56941 30.87582 38.64454 32.95755 36.22415 27.77177 29.74956
34.38932 31.82561 31.48304 37.17676 30.92448 38.71754 33.02999 36.2975 37.0487 29.81171
34.44233 31.87725 31.53664 37.23372 30.97074 38.78966 33.10206 36.37078 37.12515 29.87322
34.49521 31.92857 31.58941 37.29148 31.01601 38.86115 33.17382 36.44245 37.20022 29.93475
34.5476 31.97935 31.64197 37.34849 31.0608 38.93237 33.24535 36.51372 37.27416 29.99517
