14.30248 12.78928 11.04551 12.11291 10.83905 14.33154 12.5313 10.71191 11.89077 12.66642
14.36622 12.88227 11.11954 12.16802 11.07216 14.42709 12.62707 10.77902 11.96087 12.71663
14.49928 12.9894 11.21892 12.26076 11.27578 14.5396 12.80272 10.90955 12.07645 12.81241
14.64112 13.17531 11.43568 12.42012 11.16291 14.61597 13.06991 10.96629 12.18438 12.97305
14.854 13.4292 11.66999 12.67869 11.21841 14.61786 13.34578 11.08249 12.32704 13.11022
15.05875 13.73481 11.93557 13.10346 11.34669 14.59792 13.66419 11.24683 12.34479 13.36862
14.73884 14.25664 11.51037 13.42406 10.85438 14.82624 13.76945 11.16433 12.37583 13.75383
15.01814 14.72373 11.91957 13.37647 10.72019 14.36052 14.05318 11.33472 12.49849 13.96028
16.13341 15.57845 13.231 14.21073 11.27581 14.32631 14.34768 12.07402 13.23915 13.66623
17.31467 16.59874 14.256 15.01193 12.03176 14.73686 14.43653 12.62084 13.92683 14.31502
18.06715 17.87684 15.04246 16.18201 12.90324 16.07469 15.46711 13.38507 15.10604 15.53361
19.00494 19.33697 16.00053 17.14577 13.68307 16.63341 16.67991 14.44782 15.6217 16.54388
20.09587 20.85664 17.44928 18.40971 14.53489 17.56913 17.85542 15.89766 16.99747 17.90287
21.61387 22.62777 19.25466 20.1042 15.77222 18.79647 19.37949 17.53633 18.16643 19.45123
23.68685 24.74718 21.42767 22.02414 17.04661 20.36544 21.28014 19.34302 20.02989 21.13669
25.67154 27.34348 23.8069 24.09998 18.74286 22.19862 23.30195 21.53335 22.11822 23.16297
28.15563 30.56736 26.52634 26.62305 20.69839 24.31786 25.51858 23.42367 24.41878 25.4137
31.34543 34.22934 29.70287 29.29013 23.7116 27.3597 28.71064 25.69792 26.84332 27.81813
39.52702 38.77746 35.64776 32.3042 26.69379 41.55861 43.27935 28.59856 42.78109 30.43132
41.91834 43.26267 43.94222 42.65202 34.22129 41.66492 43.38431 44.63722 42.89321 42.49601
41.99168 43.33537 44.03054 42.72894 34.28079 41.77067 43.4886 44.74667 43.00559 42.58857
