9.23289 7.65937 9.72765 9.91481 8.34188 11.47332 10.35407 10.45906 9.04599 13.29109
9.39486 7.72564 9.85452 10.02162 8.47607 11.54035 10.45117 10.55409 9.13521 13.40277
9.59566 7.91022 10.00536 10.19857 8.76788 11.60228 10.61393 10.78372 9.25406 13.66948
9.8533 8.21217 10.17582 10.52275 9.12554 11.79366 10.90359 11.03453 9.44206 13.99173
10.36213 8.74165 10.59406 10.83322 9.60794 11.97862 11.22562 11.31086 9.7454 14.36563
11.30933 9.93798 11.14186 11.44237 10.11951 12.31312 11.99547 11.65214 10.31418 15.10437
11.28301 9.97204 11.89825 10.77503 9.85598 11.97937 11.94179 11.72165 10.43889 15.51533
11.27022 9.97416 11.69012 10.80081 9.45127 11.46961 11.94749 11.48798 10.04005 15.1198
11.75394 10.3174 12.3683 11.22939 9.62927 11.79436 12.52749 11.9025 10.66862 15.15554
12.30946 11.01515 13.19212 11.88553 10.06798 12.39051 13.39306 12.79398 11.58276 15.78676
13.64714 12.01042 14.35262 12.71737 10.74208 13.78299 14.43626 13.5429 12.42025 16.97965
14.69072 13.05747 15.73777 14.01066 11.6519 14.92635 15.66211 14.7808 13.70829 18.23113
15.98647 14.48267 16.93082 15.29551 12.73143 16.16273 17.14274 16.14085 14.80289 19.71509
17.55752 16.22657 18.51721 16.96596 13.91204 17.26548 18.85086 17.71733 16.1563 21.21722
19.37498 18.25872 20.30157 18.99538 15.46151 18.88426 20.88581 19.64312 17.98304 22.85779
21.80476 20.53742 22.62501 21.44335 17.18323 21.02225 23.58369 21.98141 20.4394 25.15312
25.06417 23.34182 25.90255 24.38675 19.28816 23.86885 26.95137 24.92613 23.83174 27.59665
29.08778 26.82255 30.45674 27.96869 21.67005 27.39426 31.31072 28.94752 27.9011 31.27506
41.669 39.52948 36.57634 33.66422 25.22172 32.21052 41.96373 42.63145 41.23504 40.53793
41.79929 39.62591 40.8012 41.62659 33.44331 40.91172 42.10761 43.09476 41.39624 40.62894
41.87854 39.70103 40.87916 41.70333 33.49665 40.9977 42.18671 43.18773 41.48762 40.69462
