9.2384 8.93685 9.14727 8.83525 8.77543 10.06456 10.35986 10.03422 9.72105 6.85414
9.38445 9.064 9.22876 8.99499 8.87502 10.1793 10.46507 10.13684 9.82086 7.00482
9.6137 9.28317 9.42399 9.26781 9.02551 10.37928 10.75385 10.30494 9.97439 7.22905
9.99478 9.54937 9.70631 9.52256 9.27648 10.65497 11.18884 10.5616 10.24212 7.56708
10.5503 9.94052 10.10858 9.84395 9.65327 11.08676 11.69766 10.93864 10.85073 7.99084
11.4623 10.44867 10.56713 10.35837 10.36986 11.85801 12.46121 11.72385 11.34504 8.63644
11.70992 10.23167 10.20754 10.3507 9.50404 12.3184 12.23618 12.17209 10.85678 7.98344
10.96261 10.21506 10.14698 9.96136 9.38558 11.90916 12.13664 11.59582 10.73866 7.64963
11.16519 10.52694 10.46646 10.52427 9.62405 12.44138 12.492 12.22618 11.24394 7.95829
11.80814 10.72727 10.86118 11.03964 9.90636 13.18046 12.88874 13.15425 11.84064 8.45022
12.85898 11.6504 11.67263 12.10585 10.80153 14.57327 13.92919 14.20896 12.59867 9.10299
14.07017 12.64857 12.7933 13.26854 11.59869 15.70668 15.12952 15.22633 13.74304 9.8191
15.42575 13.81814 13.92143 14.44651 12.45776 17.18161 16.44859 16.39452 14.92091 10.66507
16.73327 15.12571 15.22787 15.97198 13.41062 18.73399 17.93305 17.8243 16.2088 11.72942
18.57529 16.6125 16.86214 17.75182 14.81668 20.48492 19.79059 19.64783 17.64197 13.0243
20.90798 18.75385 18.91168 19.93395 16.31745 22.82319 21.93956 22.14934 19.80321 14.70377
23.97468 21.22557 21.43569 22.70826 18.23717 25.80879 24.5201 25.25467 22.51971 16.58933
27.8889 24.484 24.71692 25.76442 20.54413 29.31299 28.3325 29.22086 25.73309 18.88955
32.55764 35.05076 35.43612 30.99256 31.43862 41.75236 38.8856 40.93687 39.6069 31.24263
41.79121 35.14068 36.11291 38.27031 31.50981 41.84324 38.98987 41.05693 39.73358 31.30384
41.86363 35.2046 36.18095 38.33857 31.56385 41.91643 39.05986 41.13563 39.80935 31.35589
