12.39207 10.64688 10.29345 12.22652 9.65596 12.86048 11.20405 12.83456 8.83761 10.44867
12.49662 10.75803 10.46017 12.2719 9.74694 12.99732 11.30307 12.91735 8.9472 10.58216
12.79065 10.92136 10.75898 12.43551 9.90887 13.24194 11.53638 13.09107 9.1216 10.85407
13.23219 11.10526 11.08878 12.76964 10.18377 13.61688 11.80327 13.325 9.3953 11.15568
13.67516 11.6341 11.51772 13.21699 10.55871 13.98237 12.10665 13.57189 9.69595 11.51624
14.05217 11.95606 11.86735 13.96678 11.02681 14.64449 12.70048 14.17016 10.18063 12.36468
13.8365 11.2752 11.66468 13.9063 10.98809 13.85143 12.68413 14.29405 9.37157 11.2979
13.93707 11.46721 12.07556 13.85547 11.17543 13.55427 13.18334 14.67026 9.15833 11.34932
14.39116 11.76614 12.55366 14.42961 11.63458 13.96231 13.84106 15.2592 9.65054 11.74027
15.16846 12.42624 13.10968 15.09418 12.07093 14.81871 14.54941 16.09241 10.20007 12.1837
16.35364 13.38437 14.24713 16.19454 13.11409 15.83609 15.84228 17.146 11.25652 12.94144
17.83551 14.63727 15.75407 17.81197 14.37451 17.4317 17.479 18.67255 12.88722 14.0701
19.53043 16.22558 17.54519 19.76558 15.91312 19.63131 19.58219 20.65994 15.12382 15.53202
21.4083 18.19855 19.66421 22.18197 17.74206 22.30792 21.89428 23.16723 17.80879 17.39654
23.6854 20.33963 22.07226 25.03847 20.18902 25.62245 24.38053 25.95735 21.03305 19.36292
26.17941 23.079 25.16107 28.57964 22.68767 29.38726 27.99689 29.06234 25.01346 22.3068
30.14351 26.60813 29.99379 35.50303 29.46645 34.39415 33.73496 33.10508 29.36825 29.7234
35.44515 30.98884 33.36093 37.58987 29.56598 40.99231 36.3853 37.87093 37.8096 31.33912
35.49119 31.03361 33.40786 37.64782 29.60532 41.05172 36.4427 37.95718 37.88121 31.38145
35.53599 31.07726 33.45234 37.70146 29.64303 41.10819 36.4965 38.01756 37.94109 31.42176
35.58069 31.12001 33.4965 37.75345 29.68042 41.16433 36.54998 38.07684 37.99995 31.46135
