13.79373 11.47435 10.32195 11.28518 10.42166 13.6555 10.86949 10.05294 11.04132 11.72752
13.8432 11.59255 10.40425 11.34844 10.60559 13.75596 10.97125 10.12297 11.16222 11.77226
13.9414 11.6605 10.52769 11.46233 10.89089 13.9081 11.14816 10.1973 11.30777 11.85753
14.12467 11.98363 10.81092 11.64781 10.95754 13.97647 11.35862 10.28898 11.45093 12.1107
14.50913 12.26071 11.03425 11.89443 11.24117 13.9115 11.56053 10.35234 11.67486 12.21429
14.58928 12.64369 10.93113 12.4027 11.3251 14.03766 11.69054 10.35074 11.96451 12.62785
13.81611 12.91432 10.31527 12.12362 10.78342 14.16915 11.75059 10.29636 12.39199 13.06883
14.3835 13.56086 10.99292 12.19835 10.704 13.29786 12.13296 10.39147 11.75076 12.75917
15.22364 14.51982 12.02376 12.84759 11.23797 13.11474 11.98763 10.73616 12.03815 13.25964
16.10575 15.60425 13.35577 13.80653 11.73637 14.17429 12.42589 11.99291 12.93049 14.44144
17.279 16.91516 14.65032 15.17372 12.47352 15.52608 13.74242 13.62225 14.20166 15.81781
18.88175 18.58262 16.60613 17.02573 13.82556 17.25388 15.19663 15.48637 15.89984 17.41518
20.75128 20.55894 18.7518 18.95089 15.32093 19.24641 16.86083 17.50907 17.67475 19.27409
23.21711 22.96515 21.35281 21.26988 17.50081 21.1672 18.93653 19.83511 19.95099 21.59569
25.94179 25.83132 24.30387 23.98133 19.63342 23.5349 21.23434 22.29365 22.42365 23.96028
28.28768 28.37148 26.83539 26.10299 21.44896 25.26009 23.20897 24.32513 24.48675 25.77919
31.07004 30.5976 29.89247 28.31891 23.83017 27.44624 25.20417 26.55094 26.67905 27.80777
34.6381 33.20523 33.76227 30.81736 26.30497 30.52412 27.12111 29.01596 28.67469 39.129
40.84312 37.57445 40.99372 33.43849 29.68858 40.56126 38.49031 36.13548 30.88812 39.20392
42.50522 41.58037 43.38142 41.69154 34.62991 40.64141 38.56285 43.58418 41.6687 39.27818
42.56502 41.63677 43.45057 41.75786 34.67546 40.72162 38.63559 43.6661 41.74797 39.35165
