16.81868 15.69683 13.49822 14.66664 13.12429 18.77112 16.04826 13.71072 16.63745 13.36151
16.89424 15.85573 13.63765 14.77478 13.23696 18.88381 16.24138 13.80474 16.72208 13.45059
17.03693 16.07628 14.02111 14.96963 13.43782 19.00873 16.46178 14.01781 16.90558 13.66483
17.26831 16.43547 14.42321 15.30185 13.75629 19.20559 16.68148 14.38731 17.21163 14.02278
17.65303 16.95395 15.1058 15.91149 14.02075 19.39913 17.14479 14.74203 17.49259 14.4672
18.25176 17.21849 15.77805 16.63543 14.10386 19.70053 17.82357 15.138 17.69363 14.91289
18.70246 17.63112 16.13971 17.12677 14.49159 20.31519 18.56094 15.40534 18.13601 15.50793
17.90405 17.92489 15.79619 17.03137 14.17057 20.33395 19.2123 15.39392 18.58007 15.34268
18.44529 18.6042 16.44534 17.35918 13.88221 19.97551 19.25712 15.28468 18.34795 15.01521
19.03364 19.2516 17.20463 18.04172 14.38349 20.19416 19.25623 15.04508 18.87499 14.5844
20.03835 20.32628 18.24031 18.98179 14.71162 21.6017 20.15363 15.8682 19.97957 15.20538
21.45915 21.76945 19.98201 20.43316 15.75678 22.73363 21.54337 17.11725 21.32989 16.20084
23.32295 23.57088 21.99196 22.35041 17.25292 24.09311 23.09168 18.42169 22.79973 17.60848
25.5406 25.70584 24.62991 24.69205 18.79072 26.42126 25.42961 20.43367 24.99362 19.69159
28.34471 27.99613 27.55212 27.35175 21.0482 29.0991 28.18406 22.62397 27.66585 21.65259
31.55446 30.86418 31.1639 30.3675 23.55925 40.395 40.08175 29.79626 30.84534 33.41453
38.32669 38.09211 40.61613 38.59431 30.48776 40.97443 40.16189 38.78985 40.42311 33.47901
38.38531 38.14624 41.68726 38.65828 30.53446 41.05154 40.24009 38.86833 40.50788 33.54227
38.44061 38.19969 41.75664 38.72068 30.57592 41.1283 40.31795 38.94793 40.59501 33.60454
38.49498 38.25296 41.8253 38.78252 30.61694 41.20475 40.39525 39.02745 40.68115 33.66665
38.54923 38.3055 41.89394 38.84381 30.65754 41.28024 40.47508 39.10703 40.76746 33.7283
