11.20471 10.5254 8.63003 10.26242 8.72964 13.3608 9.79501 13.72231 15.84847 13.27138
11.28805 10.63141 8.72795 10.3661 8.84055 13.47974 9.87496 13.85976 15.89994 13.34515
11.48571 10.90106 8.94123 10.55246 9.01403 13.63333 10.10696 14.00218 15.98994 13.56351
11.78929 11.24587 9.3871 10.79802 9.22298 13.85084 10.42936 14.22984 16.08248 13.83138
12.24666 11.64081 9.90765 11.08316 9.46609 14.15169 10.75961 14.46939 16.22922 14.10973
12.9126 12.01583 10.25793 11.12171 9.68146 14.62366 11.13683 14.66981 16.42879 14.30437
13.02439 12.19371 10.69942 11.258 9.5645 15.24542 11.376 14.87938 16.8381 14.50393
12.77264 11.66283 9.75647 10.50055 9.34714 16.06463 11.19641 15.33099 17.34108 14.67104
12.96655 11.92466 10.04982 11.16351 9.85779 15.61244 10.34417 15.01467 17.08011 14.16426
13.28587 12.6147 10.34054 11.84771 10.06489 15.85064 10.84129 15.26743 17.34644 13.92605
14.15185 13.16027 10.91379 12.53061 10.56579 16.59263 11.24201 16.20771 17.95071 15.00095
15.06343 13.96408 11.60164 13.62874 11.16611 17.83875 11.28641 17.27049 18.87705 14.72635
16.2413 15.07196 12.59428 14.67519 11.99314 19.64667 12.11199 18.47915 19.88313 15.73841
17.57007 16.47063 13.69908 15.62598 13.30482 21.28165 12.92456 20.13402 20.95776 16.29506
19.31325 18.16238 15.14443 17.13522 14.59135 22.84006 13.99375 21.68296 22.51019 17.18348
21.4129 20.14636 16.93694 19.05803 15.91596 24.82766 15.51903 23.88935 24.42311 18.47116
23.58098 22.1771 18.7522 20.98155 17.43573 26.90129 17.13916 26.70417 26.36286 20.00632
25.92602 24.26215 20.8463 23.28903 19.24778 29.32135 18.93279 30.00696 28.50087 21.5148
28.70631 26.61052 22.98641 26.64995 21.49685 31.56261 21.08464 40.51869 30.75793 23.25986
32.73326 36.72327 26.06855 30.99639 29.54942 45.11411 33.51955 40.98622 33.236 34.12763
39.71606 36.81641 35.10859 38.62752 31.15332 45.19873 33.57902 41.07346 44.21762 34.18788
