9.72359 10.1057 10.40012 9.61504 8.28628 11.59395 12.54565 12.14909 12.48157 8.91999
9.79396 10.30259 10.50532 9.73657 8.35528 11.6418 12.59175 12.21716 12.55271 8.97115
9.93661 10.50363 10.7085 9.91012 8.48114 11.81167 12.67934 12.36428 12.64739 9.12949
10.17424 10.76218 10.97779 10.10798 8.68923 12.00511 12.81775 12.48107 12.7643 9.30537
10.51622 11.08909 11.2689 10.3145 9.05446 12.19553 13.02848 12.60584 12.92192 9.51388
11.02006 11.4806 11.71604 10.65882 9.45928 12.4462 13.28052 12.81742 13.16742 9.78819
10.72967 11.62213 11.88515 10.6462 10.02062 12.73254 13.75254 13.17554 13.17443 10.1893
9.89349 11.399 11.62858 10.40062 9.69348 13.05568 13.9072 13.22816 13.43568 10.3825
9.64757 11.01501 11.68945 10.49112 9.45744 11.64131 14.15445 12.60714 12.30589 10.16137
9.89065 10.80596 11.99202 11.00082 9.61768 12.03205 14.07049 12.77065 12.46042 10.11332
10.35905 11.18817 12.62292 11.62123 10.15323 12.01768 14.0106 12.73746 12.61852 10.66901
10.76895 11.75763 13.35278 12.37447 10.88675 12.45814 14.59601 13.34368 13.14732 11.4488
11.39858 12.42246 14.35339 12.94063 11.61542 13.03152 15.43283 13.84734 13.46067 12.22188
12.43863 13.2964 15.56014 13.7738 12.53726 13.81338 16.36904 14.5992 14.4487 13.17707
13.53531 14.40634 16.97194 15.10102 13.59186 14.65512 17.37214 15.59273 15.27888 14.20371
15.07904 15.77414 18.41104 16.57791 14.85921 15.77817 18.53679 16.92289 16.46735 15.51113
16.74512 17.19151 20.27406 18.19001 16.22444 17.15977 19.72079 18.31959 17.79062 16.92587
18.66906 18.78338 22.2675 20.16914 17.62857 18.63009 21.14367 19.89422 19.25434 18.23529
21.02831 20.6758 24.49143 22.39411 19.07958 20.20379 22.49261 21.30441 20.65975 28.12918
32.29859 29.243 27.33974 32.62639 21.11426 21.73719 31.97496 32.41661 33.62454 28.17416
32.34555 29.42055 33.94562 32.67552 26.7671 33.78703 32.02269 32.47261 33.67724 28.21887
