11.56061 11.53275 11.01808 9.99998 9.21117 13.0924 11.52812 13.04111 15.65421 13.61993
11.64524 11.70624 11.11318 10.11369 9.30057 13.16121 11.62769 13.10573 15.70756 13.8532
11.88582 12.00444 11.3077 10.35017 9.49138 13.2991 11.80446 13.18635 15.78242 14.19168
12.19543 12.44195 11.82563 10.63057 9.74856 13.48482 12.02156 13.3368 15.84993 14.58294
12.75823 13.02394 12.4727 10.88856 10.144 13.70205 12.31163 13.57206 15.97687 15.09225
13.34411 13.83366 13.33402 11.26412 10.2324 14.06501 12.71854 13.89076 16.27367 15.75053
13.28091 13.20527 13.19097 10.28928 9.13764 14.5816 13.29207 14.28311 16.72957 15.90834
13.37158 13.19545 13.38921 10.3532 9.17373 14.00559 13.16588 14.04131 16.20318 14.98887
14.24277 13.90928 14.25863 11.08434 9.45075 13.67725 13.2933 13.69801 15.67106 14.67704
15.27669 14.59096 15.35062 11.75143 9.80423 13.78402 13.93259 14.14891 16.16749 14.62264
16.71423 15.53784 16.75579 12.95405 10.57152 14.61824 14.68313 15.24244 16.82597 15.13939
17.99656 16.64876 18.10212 13.88671 11.31912 15.32362 15.57651 16.39985 17.59104 15.79884
19.1942 17.88683 19.5885 15.10141 12.27102 16.36388 16.89743 17.80495 18.76086 16.87095
20.92685 19.88696 21.51636 16.80466 13.38884 17.81645 18.40543 19.51983 20.18302 17.91431
22.9367 21.96514 23.69279 18.7239 14.74721 19.36441 20.10155 21.27738 21.76416 19.53252
25.27503 24.45133 26.18561 20.96266 16.30387 21.38612 22.18837 23.32298 23.64864 21.21151
28.08096 27.27247 28.91232 23.78106 18.1194 23.48449 24.44882 25.62566 25.82454 23.1886
31.66114 30.48477 32.05209 27.01737 20.42262 25.94406 27.58167 28.10753 28.17676 25.21814
36.29919 33.93603 37.55441 30.75619 22.93917 28.70292 39.77337 30.65646 30.7874 27.40548
44.6724 42.0259 44.22754 41.39269 33.11405 44.9042 42.95345 42.8089 45.03511 38.23913
44.78939 42.14931 44.34069 41.51977 33.18202 44.99423 43.03074 42.9122 45.12651 38.30619
