11.40258 10.44726 11.82772 10.89969 10.84328 14.69715 14.26157 12.23714 14.83221 11.48477
11.51653 10.49929 11.8741 10.96568 10.90339 14.79751 14.29767 12.2939 14.91458 11.53972
11.739 10.62209 11.96941 11.17267 10.98105 15.0168 14.36141 12.43873 15.00748 11.70546
11.92927 10.90673 12.09139 11.54076 11.10647 15.25677 14.50476 12.6385 15.13522 11.87005
12.14449 11.20611 12.31762 12.03665 11.26406 15.48559 14.67154 12.85595 15.3066 12.03929
12.51311 11.39996 12.70009 12.53853 11.48485 15.89983 14.9259 13.10638 15.56442 12.27683
13.14167 11.47726 13.01089 13.15594 11.79935 16.61968 15.32779 13.42709 15.98266 12.56959
13.53362 11.11628 13.40978 13.34361 10.85674 17.3728 15.89151 13.91097 16.71021 13.2475
13.22051 11.04041 12.82158 13.10514 10.76241 17.47794 15.21561 13.97231 16.29642 13.08904
13.76738 11.84515 13.20006 13.33964 11.49372 17.72799 16.28051 13.67713 16.0573 12.8034
14.5959 13.47201 14.42857 14.28128 12.85283 18.41402 17.02962 14.32333 17.60583 13.4462
15.58797 14.5583 15.09325 15.21043 13.82962 19.68364 17.83759 14.79328 18.07778 14.35798
16.87485 15.61269 15.6596 15.98584 14.0989 20.90678 18.46334 15.72239 18.91144 14.40563
17.86946 15.92585 16.14532 17.08938 14.56915 21.96714 19.12745 15.84295 19.78255 15.18226
19.184 16.4464 16.63187 18.09497 15.16354 22.9774 19.95717 16.73972 20.64738 15.50595
20.65791 17.21241 17.66185 19.2921 15.61127 24.09467 20.88072 17.68447 21.62693 15.84469
22.47455 18.41565 19.00924 20.60315 16.39201 25.81413 21.97469 19.34948 22.83766 16.48636
24.75003 20.02456 21.32646 22.46245 18.49258 29.69152 26.94862 22.90825 27.23172 18.20151
27.27722 23.62172 25.91483 26.53849 21.90881 40.46423 35.80656 31.47845 32.65976 22.74386
40.76752 35.35952 31.48441 37.0261 31.04135 42.41347 35.87489 33.33879 38.2507 33.11191
40.84079 35.41853 31.53486 37.08406 31.08523 42.49987 35.9432 33.41147 38.33069 33.17029
