13.43569 11.19266 10.48646 11.36833 10.11355 14.27888 11.33165 10.15524 11.72728 11.51661
13.51456 11.29793 10.55618 11.42705 10.24478 14.36125 11.42037 10.21426 11.80822 11.5937
13.63159 11.52836 10.73452 11.52756 10.47007 14.48238 11.60266 10.30033 11.95031 11.77762
13.78111 11.82121 10.9593 11.72245 10.66329 14.65254 11.87911 10.42884 12.11409 12.07654
13.98795 12.09643 11.52682 12.03788 10.73838 14.85493 12.2022 10.62535 12.32733 12.51055
14.60976 12.45767 12.17111 12.40836 11.03236 15.0686 12.68466 10.92505 12.66131 12.96862
14.7833 12.90649 11.95008 13.39801 10.94587 15.27832 13.55212 11.31599 12.85551 13.32884
14.11247 12.83098 12.16343 13.15993 10.44315 15.36212 14.06374 11.03175 13.4347 13.52118
15.4873 13.24955 13.48869 13.61501 10.54548 15.14758 13.4036 11.34427 13.38188 12.31614
16.2986 14.28081 14.58149 14.43936 11.24656 15.94147 13.64255 12.01066 14.4929 13.40182
16.98318 15.3308 15.38294 15.10745 11.73653 17.11162 14.38409 13.08546 15.38675 14.13877
18.15973 16.41821 16.17398 15.95371 12.22175 17.56821 15.25423 13.42899 15.36361 15.48486
19.43989 17.5626 17.6428 17.21068 12.89328 17.7859 16.03591 14.30001 15.80966 16.21835
20.26065 18.55667 18.77865 18.10715 13.68356 18.68455 16.81466 15.14956 16.68569 16.83925
20.91781 19.74669 19.96549 19.28173 14.59257 19.32398 18.0406 15.78328 17.55789 17.84357
22.02212 21.21754 21.34971 20.58772 15.79709 19.87712 19.23132 17.01545 18.98365 18.81528
23.88103 23.2461 22.79848 22.5726 17.00369 20.92001 20.96231 17.89636 20.46583 20.00571
26.15398 25.88991 24.94333 24.86785 18.76835 22.47899 22.85485 19.294 22.18221 21.74098
29.37193 28.65601 28.56488 27.76477 21.37363 24.58585 25.04388 21.06718 24.44783 23.81184
41.01869 40.02855 43.57396 31.74612 25.6652 42.31052 43.02246 26.21579 43.40081 26.45744
41.13741 40.11072 43.7257 41.7227 34.05379 42.42919 43.13131 42.99589 43.52961 41.67927
