9.41792 9.20362 10.31785 9.67326 10.1796 12.07383 12.41937 11.20159 13.01357 10.33072
9.54999 9.32165 10.39827 9.81214 10.28628 12.14027 12.51132 11.30302 13.17035 10.44808
9.8015 9.48612 10.55386 10.10098 10.49148 12.38116 12.68233 11.46335 13.39587 10.66159
10.19704 9.78817 10.80311 10.47767 10.73822 12.67222 12.93568 11.67464 13.73504 10.9105
10.72723 10.31129 11.18495 11.09931 11.07873 13.05333 13.27814 11.94748 14.12813 11.21553
11.33472 10.8966 11.57989 11.76417 11.78177 13.68441 13.76579 12.2926 14.55528 11.5776
12.36983 11.11077 12.52327 12.16526 11.98895 14.59222 14.12317 12.84817 15.06173 12.33163
11.50417 10.32757 11.70442 11.39832 10.95222 14.53324 13.99888 12.56958 15.25294 12.33237
11.39181 10.48103 11.3317 11.68658 10.79398 13.69706 13.78631 12.17726 14.81762 11.72877
11.8166 11.00629 11.95932 12.0865 11.2794 13.92009 14.13082 12.19254 14.66385 12.07504
12.66286 11.90284 12.41391 12.85855 11.96769 14.69414 15.05773 12.88514 15.21391 12.79638
13.69927 12.92716 13.43948 14.08056 12.65417 15.38995 15.8671 13.454 16.02438 13.42394
15.0807 13.94408 14.69506 15.18572 13.59815 16.47447 16.82816 14.27528 16.92776 14.12205
16.6905 15.08773 16.00547 16.70914 14.69545 17.62979 17.98584 15.52816 18.15531 14.95527
18.47631 16.73915 17.485 18.31543 16.11533 19.27344 19.17939 17.10235 19.8752 16.25837
20.71876 18.68542 19.5453 20.30949 18.08552 21.9451 22.46113 20.00058 21.76602 18.10119
23.69663 21.64917 22.6308 22.66884 21.26937 26.32745 31.01633 23.97221 24.98839 21.67999
28.00497 27.2758 28.74148 30.87607 31.72801 39.53 35.8058 35.81025 32.38308 32.37235
41.63465 36.47883 32.65832 37.02992 31.79957 39.63836 35.89794 35.90599 39.30438 32.45756
41.72649 36.54835 32.72479 37.10268 31.86283 39.74604 35.99006 36.00344 39.41356 32.54241
41.80897 36.61802 32.78925 37.17406 31.9248 39.85287 36.08177 36.10081 39.52172 32.62675
