11.02649 11.03118 9.99962 9.32222 8.46824 12.17059 9.9006 12.84355 14.48039 12.04864
11.11558 11.09332 10.06469 9.41234 8.5958 12.25085 9.97434 12.93875 14.53968 12.11998
11.33499 11.22244 10.20369 9.57086 8.8458 12.39926 10.17157 13.07852 14.64781 12.28463
11.64212 11.47244 10.52702 9.78225 9.10954 12.56921 10.40437 13.20627 14.81207 12.43291
12.05762 12.03938 11.07914 10.08274 9.47242 12.76895 10.73412 13.29012 15.00409 12.71678
12.80111 12.7631 11.88544 10.48773 10.11204 13.10832 11.09306 13.41407 15.21769 13.15249
13.45448 13.65497 12.82597 11.20328 9.48635 13.78215 11.59846 13.75668 15.93874 13.88751
13.33064 12.79501 12.77899 10.37936 9.2273 14.34945 11.27416 14.624 16.17889 13.13211
14.18231 13.33349 13.20576 11.40593 9.87567 14.37159 11.59862 13.90814 16.05044 12.34613
15.2229 14.4217 14.30714 12.38363 10.97214 15.37572 12.58866 15.14016 16.78657 12.43794
16.52485 15.49062 15.58023 13.48839 11.72359 16.17722 13.46953 16.2081 18.03774 13.06007
17.52655 16.39818 16.92444 14.48876 12.00329 16.91042 14.12629 16.32532 18.16644 14.31059
18.749 17.55436 18.16461 15.42124 12.6505 16.9919 14.94045 17.27555 18.85559 14.73549
20.283 18.84457 19.53103 16.39077 13.47441 17.79577 15.62757 18.07284 20.07683 15.06093
21.6179 20.23743 20.84493 17.37886 14.34772 19.48102 16.32785 19.32994 20.81079 15.84607
23.38847 21.44544 22.61004 18.60696 15.22962 20.63827 17.47805 20.47681 21.85777 16.44977
25.4206 23.47259 24.6761 20.35916 16.58036 21.87258 18.78667 22.17288 23.23827 17.26309
27.84275 26.03442 27.21956 22.5108 18.20801 23.06848 20.24947 23.88844 24.71429 18.24046
31.13797 29.09733 30.74338 25.19362 19.94205 24.68565 24.50092 26.75653 27.02875 20.11794
44.2322 41.41567 35.26214 40.31928 22.37072 43.70928 40.0511 44.03805 45.70366 22.33696
44.35753 41.5251 43.48462 40.80983 33.31149 43.83765 40.16519 44.18407 45.82003 35.32499
