13.96769 12.77593 12.48038 9.53193 10.76451 13.2805 10.96145 13.0914 13.74335 14.21351
14.088 12.88882 12.57485 9.66619 10.84443 13.33387 11.07538 13.17938 13.86951 14.3038
14.29937 13.01672 12.80933 9.91376 10.91589 13.43803 11.35631 13.40265 14.02034 14.52192
14.73649 13.22922 13.13959 10.29098 11.03611 13.69685 11.69494 13.67737 14.26649 14.74825
15.27229 13.57079 13.40124 10.80199 11.21019 14.13612 11.9349 13.93078 14.72437 14.99534
15.88635 13.87028 14.10915 11.26468 11.64341 14.61846 11.81752 14.3074 15.33324 15.44468
16.09093 13.45619 14.24832 11.23234 11.35669 15.24674 11.92858 14.54336 15.95354 15.83715
15.58447 13.43408 13.77061 9.90868 11.22028 15.83423 11.63338 14.44081 15.62171 15.61013
15.54622 13.89518 14.13358 10.05056 11.43729 14.04609 10.90181 13.71339 15.31229 15.69719
16.21646 14.28141 14.29318 10.49993 11.75498 14.34887 11.19932 13.53757 14.86983 14.98064
17.21905 15.27316 15.4338 10.95628 12.50098 15.08767 11.9015 14.27272 15.53087 15.47981
18.54355 16.57621 16.71251 12.19782 13.68438 16.06077 12.73381 15.48518 16.29913 16.24738
20.2483 18.04647 18.36868 13.67129 15.176 17.31708 13.83082 16.54896 17.38983 17.30303
22.35567 20.12718 20.34065 15.65174 16.91269 19.09986 15.28294 18.33103 19.13034 18.81435
24.74303 22.68547 22.74293 18.07349 18.88793 21.27305 16.97979 20.62897 21.06418 20.6166
27.4653 26.7572 25.80624 20.70745 21.67505 23.67019 19.93757 23.15504 23.15109 23.03461
30.31414 32.91199 29.61176 24.38137 24.62696 36.05371 30.76688 34.09839 35.16675 33.80761
36.53961 32.96973 35.84589 33.89457 32.53583 36.12952 30.83337 34.16818 35.24811 33.87777
36.59517 33.02398 35.90965 33.95063 32.58387 36.20463 30.89966 34.23703 35.32886 33.94083
36.64865 33.07808 35.96745 34.00437 32.63026 36.27955 30.96576 34.30558 35.40909 34.00312
36.70207 33.13086 36.02528 34.05693 32.67512 36.35406 31.03184 34.37405 35.48836 34.0647
