11.82971 11.75459 11.34836 10.42505 9.46932 13.27296 10.93065 13.49035 15.9781 13.84052
11.88843 11.94278 11.46189 10.53429 9.51935 13.35176 11.07013 13.53472 16.051 14.03156
12.13406 12.23747 11.64662 10.7161 9.76635 13.45766 11.338 13.62746 16.17089 14.29506
12.46791 12.64268 12.18178 10.85928 10.05186 13.62046 11.61219 13.80509 16.3248 14.68105
13.15643 13.1158 12.88947 11.00296 10.48043 13.8134 11.8898 13.88693 16.58306 15.16976
13.82023 13.65195 13.53498 11.57637 10.62032 14.12831 12.3034 14.06489 16.8522 15.63835
13.94015 13.43533 13.84814 11.04196 9.50162 14.61659 12.61904 14.25782 17.24603 15.94553
13.99533 13.13777 13.85728 11.15871 9.73159 14.95017 12.60941 14.50597 17.73166 15.56371
14.73494 13.75533 14.60918 12.09343 10.06506 14.45625 12.61429 13.99371 17.0197 15.06656
15.74372 14.33037 15.43673 12.89279 10.53508 14.53391 12.97009 14.16087 17.54791 14.62615
16.77785 15.34047 16.3694 13.92758 10.86349 15.50491 13.59612 14.99811 18.29799 15.59726
18.38084 16.4946 17.67849 14.9893 11.4018 16.60153 14.35443 15.86361 18.85095 15.50391
19.64108 17.58603 19.12833 15.94246 12.40903 17.4541 15.01535 16.84318 19.13043 16.36922
21.16382 18.95457 20.83426 16.87086 13.41059 18.43506 16.1016 18.36124 20.17742 17.3645
22.82804 20.77113 22.74643 18.49036 14.54627 19.50353 17.5644 19.67719 21.72711 18.47083
25.05575 22.84284 25.05541 20.5185 15.89687 21.0903 19.43472 21.52844 23.54094 19.88358
27.1978 25.11816 27.42111 22.76514 17.46151 22.60739 21.62563 23.59705 25.4967 21.57861
29.93449 27.54133 29.91198 25.28468 19.12964 24.40413 24.99146 25.95399 27.46562 23.56663
33.79086 30.08822 33.72357 28.29143 21.08272 26.69718 37.90453 28.07179 29.72243 25.75513
39.28443 34.12072 42.64233 40.29491 23.77192 42.48712 37.9771 30.3028 32.15619 27.96019
43.59328 40.70792 42.97246 40.40179 33.00278 42.57624 38.04831 42.81214 45.20142 37.0729
