13.24286 11.76842 13.88339 11.5113 11.62546 14.67273 15.98326 15.75485 13.92934 11.31414
13.31439 11.84205 13.92736 11.55746 11.68661 14.73643 16.19534 15.88923 13.9925 11.36054
13.44204 12.00533 13.98663 11.68533 11.8097 14.84436 16.35218 15.97348 14.09562 11.45651
13.64226 12.26344 14.09293 11.85436 11.98403 14.96217 16.52782 16.12897 14.21052 11.60963
13.92902 12.54859 14.27588 12.03729 12.16938 15.12411 16.79738 16.33161 14.38227 11.79382
14.32312 12.74208 14.51103 12.26495 12.44496 15.37261 17.17835 16.52074 14.62202 12.06683
14.8567 13.28276 14.76683 12.58576 12.907 15.75356 17.74182 16.97441 14.78561 12.44481
15.31919 13.29089 14.79607 13.02936 13.23811 16.05796 18.66426 17.7578 15.31459 13.04801
14.66466 12.5421 14.76355 12.41549 12.33242 16.06968 18.98595 17.77017 14.84516 12.5413
15.39404 13.20152 15.38262 13.00295 12.96568 16.17431 18.85254 17.8683 15.57907 12.02857
16.73602 13.81971 16.09532 13.92867 13.67141 16.76516 19.47436 18.7306 16.57106 12.63634
17.75866 14.59485 17.16109 14.80787 14.55441 17.9522 20.34818 19.70319 17.13376 13.22417
18.34173 15.5381 18.03716 15.90232 15.10733 18.56381 21.47873 20.697 17.97476 13.99486
19.23974 16.44077 18.92634 17.01563 15.65805 19.56883 22.49427 21.87208 18.58259 14.68196
20.32861 17.33319 19.81424 18.07961 16.34851 20.64377 23.3568 23.09026 19.55961 15.25709
21.53051 18.29107 21.16662 19.15733 16.9651 22.17789 24.44893 24.06973 20.59873 15.67937
23.01896 19.53386 22.80701 20.7238 17.74312 22.76042 25.97319 25.49741 21.79394 16.20354
24.88078 20.90762 25.26944 22.50571 18.76647 24.02491 28.06764 27.24545 23.38909 17.06085
27.32613 22.79341 28.2715 24.97359 20.58271 25.47084 29.0581 29.94329 38.94912 18.35458
41.20275 34.72467 35.4001 36.54355 30.84171 41.35714 40.51844 39.93518 39.04646 32.17577
41.26837 34.78713 35.45966 36.60611 30.89453 41.43443 40.599 40.02093 39.13409 32.23377
