18.46199 15.67667 15.21061 15.15015 13.45035 22.15022 16.36081 16.18084 18.89289 15.44422
18.59223 15.7887 15.31622 15.26534 13.50604 22.252 16.44465 16.24224 18.96973 15.50586
18.80287 15.96824 15.43225 15.46051 13.60789 22.39913 16.58518 16.35453 19.11902 15.65885
19.02146 16.12889 15.73569 15.74026 13.72109 22.58492 16.75506 16.53756 19.30197 15.86852
19.24436 16.22602 16.15207 16.02546 13.9488 22.87347 17.01554 16.81057 19.51141 16.10996
19.44142 16.49665 16.74409 15.99848 14.24208 23.28692 17.33007 17.19817 19.79544 16.35101
19.52344 16.46216 16.47056 15.95007 14.26405 24.05722 17.77272 17.36374 20.07151 16.5167
19.81435 16.28545 15.86053 16.21573 14.44744 24.42626 17.67416 17.07086 20.5865 16.10817
20.02487 16.40193 16.11297 16.42792 14.82954 24.4556 16.34054 16.59815 20.54572 15.33164
20.56879 16.87113 16.99248 17.11206 15.53429 25.01103 16.01702 17.05007 21.01449 15.03972
21.4426 17.55182 18.16556 17.96165 16.61881 25.92571 16.21202 17.89564 21.73513 15.36943
22.41213 18.21643 19.16811 18.74776 17.42081 27.02615 16.65139 19.1638 22.81027 15.73529
23.53498 19.07832 20.40643 19.83109 18.51604 28.36074 17.2185 20.49255 24.0441 16.61909
25.0259 20.13813 21.85375 21.40065 19.60923 29.90708 18.19862 22.09972 25.55588 17.57712
26.85848 21.44973 23.89825 23.18378 21.22569 31.76686 19.48059 23.77963 27.61735 18.82545
28.86393 23.07661 26.30708 25.42928 23.40184 33.87891 21.06158 25.71384 30.16844 20.68471
31.32184 25.32406 29.31 27.71296 25.79864 36.35867 22.8478 27.77245 33.38317 23.19193
34.74417 27.92283 33.13453 30.56465 29.22831 39.43806 25.02577 29.75754 37.21473 27.2611
38.25608 32.7804 37.26565 36.15961 31.50918 45.21576 35.2267 33.44381 43.3711 31.76668
38.34472 33.02372 42.21448 38.25653 33.17242 45.5875 35.48872 43.15341 43.4996 32.44784
38.4097 33.07623 42.32723 38.34354 33.23473 45.66881 35.55413 43.24091 43.58048 32.50586
