13.58025 13.4303 13.66562 13.33367 11.84791 18.38566 15.73543 16.09812 16.47677 12.92986
13.67541 13.54086 13.80534 13.51684 11.89993 18.53987 15.80184 16.21716 16.64004 12.98596
13.84155 13.69546 13.97276 13.73983 11.99538 18.80384 15.92913 16.37348 16.75752 13.04402
14.18423 13.91887 14.20127 14.08173 12.19761 19.06082 16.09864 16.51755 16.86555 13.11974
14.64718 14.31648 14.48436 14.49817 12.66641 19.3531 16.26119 16.72613 17.04514 13.28619
15.37593 14.57428 14.60698 14.79267 13.14641 19.77101 16.42084 17.00668 17.27377 13.51866
14.8418 14.83057 14.06562 14.13209 12.95345 20.17771 16.66351 17.42202 17.17499 13.94689
14.01112 14.91861 13.61593 13.71192 12.91664 20.42479 16.14773 17.21789 17.27 13.90352
14.11273 15.2423 13.66704 14.13497 13.13277 20.33977 16.29409 16.07359 16.81925 13.67577
14.40545 15.72835 14.39969 14.63137 13.4657 19.82073 16.4521 16.43082 17.12129 14.04099
14.91788 16.15745 14.88502 15.34159 14.5398 19.74281 16.7537 16.55379 17.47808 14.55029
15.50367 17.02372 15.69843 16.29985 15.56334 20.29089 17.3347 17.05894 17.92565 15.35369
16.36805 18.13114 16.57255 17.41869 16.7096 21.24226 18.26988 17.7892 18.79411 16.15615
17.59719 19.36354 17.655 18.7322 17.81644 22.40191 19.27464 18.96047 19.89005 17.66542
19.10083 20.97479 19.05787 20.58399 19.16849 23.70603 20.5301 20.34045 21.19921 18.82322
20.84162 22.77334 20.7495 22.59546 20.79279 25.67714 22.71854 22.1084 22.77684 20.32
23.08305 24.92571 22.66113 24.81289 22.75319 27.69362 24.1186 24.07054 24.54033 22.30503
26.07104 28.25092 25.35995 27.16108 26.05498 30.14184 25.28926 27.51453 26.36598 25.16711
29.51915 30.86077 29.50573 29.77946 29.93867 39.74416 33.82938 35.90858 28.3136 32.3144
36.6776 34.08204 33.97805 37.55458 30.17628 39.81002 33.90329 35.97427 36.46089 32.36914
36.75006 34.15126 34.05659 37.61405 30.23499 39.87508 33.96759 36.0361 36.52916 32.42233
