12.22596 11.06083 11.06787 8.32976 9.17008 12.70656 9.82754 11.8818 12.36784 12.34617
12.26513 11.13976 11.14688 8.38397 9.21741 12.77651 9.94397 11.98677 12.43749 12.41058
12.36306 11.25341 11.2973 8.53223 9.28633 12.91223 10.18032 12.1956 12.57273 12.48477
12.65588 11.40745 11.61354 8.79699 9.38062 13.12994 10.44507 12.45573 12.85143 12.61963
13.1206 11.64064 11.96955 9.06409 9.47004 13.35275 10.61904 12.62019 13.19229 12.8356
13.41162 11.92391 12.41545 9.4842 9.69152 13.71933 10.66851 12.68589 13.66887 13.16119
13.42755 11.46579 12.34167 9.35934 9.16838 14.31115 10.84435 12.79851 14.31469 13.42065
12.91055 11.74685 12.30396 8.11664 8.88467 15.02326 10.42817 13.16807 14.75226 13.59106
13.14332 12.09274 12.66152 7.9357 9.20463 14.1854 10.19153 12.5777 13.70944 12.46854
13.86343 12.71958 13.26534 8.24912 9.54432 14.23372 10.2829 12.46713 13.92562 12.22036
14.60678 13.53833 14.07928 8.76733 9.96834 14.55534 10.7982 13.00965 14.00363 12.25262
15.5186 14.24426 14.76178 9.41821 10.66931 15.3536 11.4259 13.80083 14.88298 12.88121
16.58826 15.26854 15.92292 10.29518 11.48143 16.42159 12.24933 14.80034 15.81045 13.66419
17.96473 16.51693 17.38023 11.6222 12.58204 17.79395 13.22986 15.89524 17.16235 14.56853
19.66955 18.03121 19.06777 13.06058 13.86126 19.59556 14.49747 17.37661 18.63833 15.63136
21.59231 20.05148 20.91698 14.95687 15.41517 21.45984 15.90715 19.09853 20.44843 17.07604
23.62619 22.4459 23.0924 16.95126 17.09135 23.5242 17.51304 21.00318 22.49383 18.62914
26.07113 26.09316 25.75259 19.20727 19.13846 25.69558 19.21447 23.14181 24.60957 20.14367
28.79091 29.33276 29.00235 21.85543 21.34557 27.78131 32.45669 35.80673 26.69883 21.64894
35.8562 32.92792 36.13661 34.42125 31.67335 38.9981 32.51372 35.87626 37.52449 33.12022
35.91247 32.97336 36.20389 34.47822 31.72363 39.06852 32.57004 35.94516 37.59069 33.17055
