10.55665 10.15113 9.49019 8.84832 7.99989 11.75693 9.17232 12.23867 13.95027 11.21502
10.68101 10.24366 9.57 9.01546 8.1278 11.83427 9.30084 12.32529 13.99756 11.32147
10.9243 10.45184 9.77339 9.25288 8.40063 11.98984 9.59146 12.46837 14.09948 11.53858
11.25871 10.92565 10.27022 9.61928 8.70102 12.18456 9.8674 12.62525 14.2502 11.83358
11.75025 11.47289 11.02168 9.97867 9.14989 12.38869 10.1463 12.69649 14.33653 12.199
12.54893 11.95106 11.54175 10.22804 9.21474 12.72347 10.44091 12.73981 14.55296 12.55626
12.77996 12.0382 11.95134 9.89854 8.56096 13.25503 10.81107 12.92603 14.96289 12.56708
12.43446 11.34508 11.88024 9.79 8.45746 13.61585 10.64926 13.46811 15.42021 12.55404
13.63993 12.06267 12.50177 10.87559 8.91233 13.0666 10.64002 12.86471 14.47179 11.51738
14.48626 12.7376 13.21235 11.63141 9.32518 13.28039 10.83803 13.20474 14.5925 11.42136
15.63651 13.5332 14.16848 12.51456 10.0978 13.91455 11.33177 13.95333 15.38097 11.92316
16.94993 14.72494 15.55874 13.70078 10.45613 15.21799 11.90754 14.99539 15.86653 12.20469
18.25291 15.56842 17.03004 14.49409 11.13583 16.37444 12.79684 16.45669 16.67453 12.85828
19.91826 17.0328 18.71365 15.56379 12.1434 17.53232 13.92717 17.65249 17.7843 13.87578
21.73846 18.96913 20.68665 17.30411 13.34716 18.91676 15.49725 19.0353 19.39388 14.85458
24.07969 21.06691 22.97859 19.30114 14.91191 20.42599 17.20671 20.91027 21.26669 16.23826
26.387 23.30542 25.40416 21.48049 16.51001 22.20704 19.28082 23.1636 23.20823 17.90465
29.22996 25.90748 27.8772 24.11027 18.21501 24.2748 21.74684 26.00352 25.29585 19.71491
33.07936 28.67061 30.69266 27.25777 20.23016 26.32415 32.08676 28.0554 27.5133 21.48713
39.34468 32.52281 34.86019 32.69404 22.91381 29.37729 36.39332 42.72113 30.0234 32.29113
44.44738 39.29554 43.77506 41.02732 32.52413 44.73914 36.46448 42.82001 44.4136 32.35134
