11.08646 9.48937 11.90006 13.62929 10.28786 15.7696 14.45272 14.97223 14.05323 18.31751
11.23147 9.59598 12.04777 13.80516 10.43966 15.79952 14.57939 15.13566 14.12171 18.57455
11.60854 9.95474 12.23356 14.20626 10.73795 15.85115 14.8188 15.3022 14.31475 18.88038
12.04856 10.48117 12.59258 14.62586 11.13119 16.03386 15.14003 15.50329 14.60025 19.23001
12.78612 11.27511 13.10139 15.16442 11.69744 16.16454 15.62499 15.8276 14.95071 19.66485
13.53505 12.33395 14.00061 15.43954 11.7253 16.1735 16.48388 15.9823 15.39661 20.2663
13.35189 11.1657 14.71489 14.83083 11.1826 16.54275 16.89014 16.62148 15.70729 20.73825
13.25294 11.22539 14.31565 15.18326 10.80348 16.14638 17.11794 16.2908 15.33911 20.72995
13.96922 11.81374 15.48789 16.25784 11.28668 15.84406 17.47415 16.16828 15.19316 19.81957
14.80349 12.49598 16.25743 17.33632 11.43743 16.09395 18.18967 16.24318 15.98349 20.20173
15.88389 13.26375 17.49852 18.34093 12.23494 17.17883 19.5134 17.28233 16.97859 20.97694
17.32052 14.53219 18.59659 19.83505 12.9359 17.93841 20.72406 18.5192 17.68486 22.10388
18.74249 15.83592 20.23507 21.62899 14.05507 18.94373 22.42786 20.02175 18.71543 23.64933
20.82173 17.54264 22.5211 24.03199 15.50864 20.38938 24.53618 22.02449 20.27607 25.49802
23.58793 19.5501 25.3101 26.7966 17.29754 22.6082 27.24442 24.58674 22.65375 27.66873
26.7816 22.03494 28.97394 30.30119 19.38555 25.12986 31.34904 27.58023 25.54948 30.23641
30.9205 35.4321 33.9229 35.79881 22.0028 40.58761 40.87722 42.04169 40.07532 33.37033
41.62469 35.50033 40.79498 41.30978 32.53523 40.69065 40.97475 42.14788 40.18037 41.83139
41.69901 35.56412 40.87081 41.38144 32.58707 40.79309 41.07021 42.2533 40.28467 41.90826
41.77197 35.6271 40.9458 41.45208 32.63701 40.89471 41.1639 42.35783 40.38828 41.98439
41.84348 35.68962 41.02016 41.52216 32.68569 40.99584 41.25783 42.4621 40.4906 42.05911
