14.29152 12.09315 11.57904 11.31203 10.31888 17.89198 12.64743 12.11736 13.64165 11.02501
14.42755 12.28015 11.72238 11.40696 10.53606 18.04117 12.73928 12.27357 13.78683 11.15748
14.66128 12.57391 12.20553 11.58646 10.6321 18.32881 12.9321 12.54895 14.04802 11.39137
15.12796 12.90312 12.66426 11.89238 10.87942 18.63142 13.2879 12.81496 14.37564 11.72524
15.88161 13.19075 13.24172 12.24717 11.12276 19.053 14.05988 13.01426 14.71043 11.978
16.49131 13.46217 14.30578 12.77052 11.19772 19.61399 14.69637 13.51219 14.9125 12.39297
15.6964 13.19709 13.14812 12.56129 11.28917 19.98451 15.39735 14.00272 15.66114 12.23002
16.24919 12.88194 13.17183 12.92532 11.66912 20.13563 13.92585 13.29895 15.13649 11.03948
16.54503 13.36868 13.46436 13.34286 11.97145 20.2838 13.86208 13.63503 15.77328 11.40339
17.14786 13.963 14.30122 13.97159 12.67171 21.11437 13.88829 14.08412 16.33083 11.48522
18.53864 14.83855 15.7767 14.97593 13.71545 22.45593 14.56334 15.20295 17.33109 11.99792
20.12365 15.66892 17.42737 16.4668 14.78479 24.06364 15.41992 16.75665 18.74796 12.95965
21.94729 17.06973 19.43851 18.11223 16.30661 26.13643 16.49806 18.54835 20.54399 14.19075
24.09081 18.9143 21.98172 20.25374 18.2434 28.5201 18.18898 20.81277 22.93667 15.76725
26.6039 21.00482 24.89544 22.53839 20.40544 31.64014 20.08954 23.18632 25.39046 17.60984
29.25179 23.46832 28.30008 25.3902 23.81579 35.20823 22.37717 26.76113 28.57647 20.01401
32.38935 34.1721 32.41859 28.93231 31.8704 45.86629 37.19565 41.63886 40.79962 31.24507
39.87843 34.22577 42.50856 37.22457 32.02777 45.95996 37.27237 41.736 40.89853 31.31825
39.94324 34.27788 42.58929 37.28862 32.07551 46.05218 37.34865 41.83294 40.99719 31.39146
40.00651 34.32957 42.66634 37.35036 32.12205 46.14346 37.42451 41.929 41.09469 31.46468
40.06955 34.38114 42.74282 37.41138 32.16817 46.23481 37.49947 42.02563 41.19049 31.53783
