11.509 10.96396 9.56581 11.42383 9.785 14.23373 11.09956 16.18716 16.36891 15.04297
11.58646 11.0494 9.62971 11.50272 9.89815 14.34447 11.16553 16.26179 16.40663 15.11204
11.79802 11.22091 9.76663 11.59294 10.11424 14.53228 11.29309 16.41734 16.51006 15.20248
12.06703 11.47199 10.05229 11.69796 10.28987 14.79751 11.43215 16.61979 16.67003 15.36736
12.4193 11.79449 10.30844 11.89388 10.46165 15.07943 11.59635 16.82921 16.85289 15.53679
12.94526 12.07793 10.66848 12.37655 11.03873 15.46107 11.74227 16.98623 17.12742 15.64361
13.04354 12.47765 11.07441 12.59763 11.18514 15.99762 11.97135 17.18465 17.61075 15.85806
12.54465 11.82415 10.13177 11.82872 11.05635 16.94554 11.81347 17.71131 18.4903 16.17741
12.36279 11.94863 10.03461 11.73191 11.23636 16.2024 10.90235 17.50136 18.07588 15.9897
12.90577 12.48166 10.21466 12.12734 11.39183 16.48724 11.09485 17.61854 17.95189 15.97881
13.27801 13.0784 10.58418 12.78089 12.0049 17.03374 11.24184 18.3113 18.64369 16.46895
14.20547 13.78985 11.28127 13.70622 12.63063 18.08206 11.71876 19.48286 19.43458 16.96886
15.1088 14.65447 11.9669 14.61698 13.3868 19.0631 12.44311 20.56068 20.32061 17.72094
16.3615 15.67524 12.8621 15.77974 14.51114 20.38306 13.27545 21.92827 21.49817 18.3637
17.76859 17.01127 14.04273 17.22006 15.80474 21.93553 14.11693 23.64621 22.99221 19.25181
19.3995 18.41252 15.38172 18.88709 17.36926 23.6424 15.5135 25.93449 24.67088 20.44909
21.30888 20.06086 16.85443 20.89822 19.28691 25.56572 16.73268 28.84383 26.57295 21.94927
23.37929 21.98709 18.49512 23.35663 21.87133 27.52418 18.2958 31.92375 28.61358 23.47987
26.74656 24.38639 20.05242 26.36664 23.95819 29.67553 30.01663 40.82264 30.97134 24.60712
33.55721 32.04108 30.28912 34.46954 30.62925 41.05497 30.0666 41.17386 40.27818 31.73615
33.61027 32.10257 30.38439 34.52542 30.66759 41.12236 30.11569 41.2511 40.34427 31.78492
