11.63995 11.23178 13.80236 13.45878 13.02022 14.51568 15.1541 13.81833 16.17918 12.6544
11.72882 11.49772 13.97867 13.57487 13.16962 14.57388 15.25065 13.94662 16.2941 12.73475
11.88098 11.72436 14.06277 13.8373 13.48381 14.7892 15.1356 14.18535 16.4446 12.91585
12.24588 11.89192 14.14436 14.21016 14.04541 15.06163 15.3135 14.46412 16.65299 13.29528
12.71999 12.21657 14.30057 14.57247 14.72034 15.4935 15.44217 14.60213 16.94724 13.595
13.24485 12.3777 14.85648 14.70729 15.19313 16.00974 15.92374 14.86075 17.30689 13.94643
12.76977 12.47275 14.24021 13.55954 15.77987 16.53626 16.19407 15.25263 17.56135 14.69275
12.33991 12.22439 14.38274 14.0329 15.93484 16.10615 16.81069 15.10509 17.03601 14.87337
12.95206 12.6102 14.81815 14.77945 16.32896 15.81292 16.6867 14.76575 17.17842 14.89022
13.46444 13.14116 15.36305 15.48139 16.95624 16.11233 16.84011 15.61686 17.10697 14.82022
14.56521 13.52505 16.24897 17.15472 17.79045 16.79002 17.42204 16.06606 18.0491 15.64171
15.5226 14.26511 17.12828 18.26346 18.98969 16.99485 17.93115 17.40139 18.58129 16.5437
15.79285 15.32859 17.93244 19.07716 20.2393 17.9609 18.06812 18.20664 19.89378 17.77609
16.94128 16.13354 19.59433 20.14918 21.37277 18.99455 19.67502 19.80905 21.08236 18.811
18.43524 17.5156 21.17577 21.43725 22.86374 20.83116 21.435 21.19973 22.26054 20.09141
20.25458 19.13129 22.92829 23.07044 24.80117 24.40513 25.47714 23.11604 23.67854 22.37477
22.52411 21.60226 26.18884 24.7978 27.80314 27.4969 31.18932 25.54068 25.70726 26.11506
25.1915 25.7571 30.14715 29.47175 30.39824 32.74597 31.25059 33.20743 31.40602 31.67704
33.79262 29.85511 31.94143 35.61081 30.44233 32.81061 31.31067 33.29479 35.31475 31.73119
33.84704 29.89787 31.99037 35.65892 30.48157 32.87417 31.37022 33.3556 35.3779 31.78534
33.89677 29.93898 32.03628 35.70477 30.51987 32.93614 31.42866 33.41587 35.44015 31.83845
