15.66767 12.96716 11.83191 12.771 11.879 16.69777 13.44383 12.09849 14.42607 12.02085
15.83071 13.19291 12.00545 12.93007 12.04421 16.80278 13.64248 12.24972 14.51925 12.26551
16.03787 13.61997 12.4248 13.19654 12.26407 16.96189 14.0323 12.40106 14.71084 12.66341
16.29798 14.11021 13.08878 13.58511 12.5708 17.09268 14.45998 12.71542 14.97489 13.12281
16.91669 14.4779 13.79797 14.22864 12.90676 17.23539 15.02654 12.8533 15.14128 13.58236
17.81138 14.74663 14.7039 15.03452 13.39057 17.7281 15.87392 13.18215 15.50753 13.94015
17.2075 14.44928 13.84386 14.94475 12.38952 18.1068 16.6132 13.37536 15.83086 14.41855
17.20744 14.79277 13.9423 14.90258 12.11591 17.94311 16.20908 13.06204 15.67188 13.57416
17.8067 15.44314 14.73972 15.50497 12.49189 17.98955 16.149 13.30222 16.05039 13.40887
18.55184 15.99967 15.62662 16.17498 12.93615 18.73062 16.71098 13.79541 16.57857 13.7481
19.88632 16.95822 17.2522 17.08368 13.62894 19.34778 17.504 14.93467 17.90539 14.09967
21.11638 18.22688 18.63614 18.40455 14.34923 20.34218 18.8602 15.94977 18.76035 15.15072
22.55073 19.67534 19.98339 19.78437 15.65015 21.38925 20.56425 16.99251 20.06291 16.3189
24.57016 21.73479 22.30182 21.90229 17.11554 22.72914 22.56889 18.49815 21.75654 17.82213
27.17309 24.02946 24.81672 24.48427 19.08087 24.98488 24.947 20.44645 23.84539 19.83885
30.11095 26.6379 28.24494 27.39184 21.38037 27.9351 30.90676 22.9383 26.68774 22.26717
34.04706 36.5852 32.28164 31.5974 24.45364 41.24527 40.40357 38.87491 40.52933 24.71474
39.87712 36.64676 41.31947 39.56771 32.59994 41.34179 40.49789 38.97255 40.63725 36.41762
39.94597 36.70699 41.40186 39.63796 32.64861 41.43792 40.59132 39.07246 40.74616 36.49479
40.01341 36.76669 41.48324 39.70713 32.69588 41.53387 40.68442 39.1717 40.85463 36.57155
40.0803 36.82608 41.56375 39.77684 32.7422 41.6298 40.78012 39.2697 40.96193 36.64742
