12.47702 9.55633 13.12328 14.16475 11.04059 17.47377 15.94032 16.72758 14.56522 19.83135
12.59255 9.62549 13.18499 14.27154 11.13999 17.54439 16.02687 16.85051 14.64199 19.90391
12.78918 9.78171 13.29956 14.41905 11.32215 17.60377 16.15943 17.02226 14.73983 20.06294
13.05038 10.03552 13.43087 14.66705 11.58846 17.64183 16.34467 17.2231 14.85723 20.2625
13.45586 10.4185 13.72452 14.99082 11.99831 17.76331 16.61889 17.48794 14.99814 20.46072
14.0294 11.18934 14.33393 15.16753 12.18983 17.82516 17.04262 17.73661 15.17845 20.78321
14.13039 11.00859 15.52619 14.77276 11.7117 17.82113 17.63074 18.12301 15.4373 21.16783
14.07653 10.67742 15.39765 14.79319 10.93747 17.61903 17.81128 17.988 15.35815 20.93604
14.97149 10.64881 15.66125 15.87662 11.17182 18.04483 18.06381 17.89868 15.15573 20.40166
16.21025 11.16852 16.39526 16.72733 11.54308 18.85995 19.04768 18.21134 15.45903 20.60929
17.34417 12.02247 17.44976 17.59949 12.0601 19.61367 20.2396 19.2109 16.19201 21.25671
18.68117 12.74503 18.77142 18.62307 12.68632 20.54612 21.35348 20.32766 17.3351 22.38825
19.70178 13.40419 20.09958 19.89846 13.24259 21.72069 22.87753 20.98864 18.33663 23.44904
20.92847 14.40756 21.46711 21.31063 13.82171 22.00188 24.23806 22.03713 18.86139 24.28198
22.45715 15.15446 22.74083 22.55296 14.70173 22.76177 25.57351 22.89933 19.71373 25.4619
23.88895 16.1073 24.37373 24.1776 15.94369 23.54874 27.28662 23.89819 20.37914 26.754
25.98415 17.47041 26.54001 26.17544 17.4211 24.39059 29.86368 25.37494 21.21393 28.04565
28.60189 19.28781 29.76447 29.15059 19.09599 25.92659 33.52819 27.32927 22.89059 30.167
33.42774 21.56394 34.2152 33.22919 21.06674 28.15533 40.13458 30.14658 25.12772 32.79053
44.21358 34.61939 42.08545 43.7052 34.05377 42.74033 42.83416 43.84385 42.19574 41.62465
44.31753 34.70487 42.19293 43.81022 34.13506 42.85997 42.95161 43.96147 42.31953 41.7127
