17.09761 13.59993 14.55015 14.53002 11.38327 16.9313 15.90144 16.93045 13.09972 16.94644
17.22048 13.72403 14.68657 14.64899 11.51063 17.03016 15.99196 17.03686 13.18312 17.09316
17.50088 13.91692 14.926 14.85189 11.71369 17.16839 16.17199 17.11517 13.30298 17.42595
17.8327 14.10943 15.23505 15.09155 11.95684 17.40967 16.36567 17.22212 13.38269 17.82056
18.23431 14.24548 15.61752 15.29212 12.13647 17.67127 16.69876 17.3928 13.46755 18.26499
18.84976 14.32466 15.96785 15.4639 12.05263 17.95994 17.09972 17.54947 13.58463 18.799
19.03118 13.7856 16.20573 15.70692 11.94043 18.38075 17.61724 17.65779 13.72777 19.56707
19.00845 13.55966 16.33191 14.93977 11.44643 18.62876 18.10817 17.55948 13.78804 20.62017
19.8548 13.81624 16.64094 15.76057 11.757 17.34691 18.43654 17.63989 13.56184 21.23879
20.70522 13.98289 17.25382 16.34356 12.17312 16.97619 18.63783 17.56317 13.60248 20.55137
21.47161 14.53862 18.19188 17.57143 12.97805 17.49835 19.29279 18.76023 14.52805 20.90087
22.95912 15.12247 19.4311 18.14977 13.54177 17.73117 20.54776 19.57751 14.75301 21.70139
24.13046 15.97851 20.49516 18.88951 13.9771 17.86094 21.9281 20.59685 15.21565 22.83627
25.60042 16.92917 21.93214 20.30962 14.84448 18.93628 23.24292 22.20304 16.5007 24.31345
27.10572 18.44613 23.8294 21.79605 15.85053 20.39193 24.78111 23.81216 17.87888 25.97565
28.99761 20.237 26.01432 23.69111 17.34174 22.22084 26.56794 25.7139 19.64786 27.91088
30.9438 22.14363 28.38128 25.81285 18.8981 24.42628 28.65629 27.80697 21.72903 30.17833
33.32641 24.32784 31.50968 28.60998 20.64887 26.75439 30.75743 29.73525 24.04977 32.29577
36.00241 26.98261 36.37356 32.36653 22.67267 29.1421 34.92334 36.40317 26.59021 34.88609
43.37971 32.40089 41.02099 40.90493 31.87399 44.41848 42.68859 39.3779 40.43448 41.88683
43.43474 34.8992 41.09276 41.15505 31.93203 44.4952 42.7681 39.46782 40.52095 41.95438
