19.34844 14.89292 15.77642 16.1237 12.37422 20.03167 20.4412 21.01844 22.06442 13.61716
19.43042 14.98307 15.82793 16.28534 12.44217 20.14758 20.54892 21.08773 22.14707 13.66814
19.52018 15.09593 15.89207 16.39346 12.49565 20.26909 20.70657 21.19846 22.2722 13.75861
19.69835 15.27412 15.97043 16.64228 12.6147 20.44416 20.96987 21.33544 22.39799 13.85724
19.94485 15.27056 16.01569 16.88957 12.92813 20.67112 21.22488 21.51235 22.56351 13.9985
20.29734 15.44591 16.10583 17.03523 13.25 20.8463 21.5128 21.83181 22.74101 14.22081
20.61261 16.04246 16.35068 17.44995 13.57967 21.15481 21.9133 22.25674 22.82515 14.60179
21.35166 16.7091 16.76867 17.98077 13.78019 21.73329 22.91967 22.90499 23.30581 14.87664
22.06653 17.54407 17.14358 18.3714 14.23758 22.14592 23.73047 23.15939 24.07754 14.54368
23.08815 18.46807 17.99394 19.02614 14.78577 23.19295 24.3307 23.76074 24.92052 14.82258
24.3521 19.12623 19.07652 20.06261 15.42368 24.60792 24.92369 24.84868 26.37117 15.49764
25.68997 19.6102 20.32397 21.11302 15.95226 26.45493 26.24862 26.2786 29.22887 16.40074
27.1164 20.82222 21.50238 22.38164 16.60023 27.68347 28.04591 27.37982 29.76658 18.05035
28.43606 22.37669 22.68978 23.80411 17.25518 29.15501 29.6849 29.07071 31.6834 19.63427
29.79143 23.88412 24.84039 25.66291 18.9601 29.99945 30.01997 30.64924 32.40508 20.75555
31.28754 25.19501 26.68515 27.74726 19.9464 30.04761 30.06914 31.4846 32.45547 21.17023
31.8436 25.69312 27.35528 29.11669 20.47015 30.09518 30.115 31.53603 32.50549 21.20166
31.89042 25.73852 27.42249 29.18466 20.49561 30.14245 30.16015 31.58678 32.55501 21.23233
31.93044 25.76841 27.45818 29.21973 20.51961 30.18971 30.20547 31.63767 32.60414 21.26296
31.9665 25.79575 27.4928 29.25364 20.54319 30.23726 30.25089 31.68881 32.6531 21.29339
32.00124 25.82266 27.52721 29.28761 20.56633 30.28493 30.29617 31.73983 32.70214 21.32331
