9.43321 8.86709 10.43485 10.14074 10.2044 11.70977 11.67754 10.95434 13.05621 10.16442
9.49894 8.94723 10.5027 10.22361 10.265 11.75995 11.74102 11.00508 13.14444 10.24482
9.68848 9.05287 10.61981 10.43486 10.39702 11.8761 11.84955 11.10341 13.29165 10.37062
9.99136 9.23071 10.76372 10.72841 10.55346 12.1228 11.97722 11.20657 13.45778 10.54259
10.33231 9.47693 10.9936 11.11536 10.73324 12.44231 12.06991 11.32067 13.73284 10.6979
10.79615 9.6966 11.27125 11.69502 11.00961 12.86165 12.28717 11.49431 14.05318 10.86017
11.71153 10.04754 11.77118 12.06622 11.2529 13.44603 12.68881 11.77572 14.36433 11.03129
11.22224 9.4746 11.60221 11.5066 10.13285 14.55615 12.64294 12.14452 14.84121 11.69422
11.03736 9.60402 11.02522 11.59754 10.33165 13.43108 12.71412 11.60682 13.98726 11.03187
11.41674 10.47823 11.28952 12.11867 10.7511 13.42185 12.88172 11.6144 13.98045 11.15518
12.12463 11.48841 11.99096 13.04192 11.59367 14.05924 13.93987 12.42269 14.54166 11.52731
13.21607 12.38493 12.71213 13.78086 12.37705 14.8026 14.46655 13.14644 14.85995 12.11387
14.34364 13.17773 13.3839 14.91996 13.30851 15.88703 15.28713 14.02869 15.95174 12.88133
15.42765 14.1967 14.35981 16.19001 14.01172 16.81428 16.15798 14.65375 17.07201 13.6657
16.71849 14.97706 15.32798 17.18249 14.39803 17.87305 17.08676 15.41424 18.05 14.4297
18.35481 16.11572 16.47671 18.4132 15.30394 19.29397 18.03451 16.2212 19.08273 14.95955
20.3764 17.65817 17.96797 19.9171 16.40014 20.99405 19.07106 17.99302 20.43939 15.17879
22.83624 19.78309 20.19198 21.82196 18.50754 24.54229 25.62041 20.91434 22.5043 17.21119
25.95745 24.97546 24.94165 25.08663 23.01775 34.91459 32.60293 26.54542 27.48308 21.36246
38.8814 33.80138 32.43519 36.5752 31.24737 37.31242 32.68063 35.45014 40.06593 32.97089
38.95798 33.86398 32.49498 36.64433 31.30203 37.40179 32.75689 35.52672 40.15365 33.03867
