14.03108 12.75887 12.35384 9.6204 10.75331 12.599 11.00757 13.22863 14.23324 14.10247
14.09781 12.85731 12.4808 9.737 10.80596 12.6547 11.11684 13.30628 14.38221 14.20113
14.31223 13.04674 12.74384 9.97732 10.88109 12.78503 11.37123 13.44259 14.6131 14.35976
14.72722 13.26131 13.07562 10.33767 11.01805 13.1305 11.65741 13.71779 14.86433 14.52972
15.2919 13.68519 13.48555 10.82213 11.31529 13.52716 11.96242 14.05125 15.30972 14.8066
15.86508 14.13671 14.12561 11.19923 11.76381 13.99143 11.93469 14.34775 16.00989 15.1749
15.91998 13.7252 14.16087 11.03323 11.81147 14.55394 11.97193 14.53254 16.72098 15.54672
15.45363 13.69834 13.67851 9.80502 11.43098 14.82525 11.70397 14.32349 16.50032 15.75885
15.54025 13.95947 14.11366 10.03592 11.77383 13.57946 11.06952 13.70998 15.85331 15.16871
16.26264 14.44629 14.30055 10.44763 12.12241 13.60429 11.30693 13.69689 15.40076 14.9336
16.98151 15.492 15.4399 11.04742 13.02424 14.33746 11.88229 14.78816 16.25324 15.57924
18.30782 16.9672 16.67865 12.13858 14.23464 15.23847 12.75639 15.88142 17.25445 16.25785
19.94368 18.41396 18.3932 13.63499 15.7495 16.46174 13.7272 17.36004 18.30977 17.3352
21.9217 20.55861 20.37826 15.66333 17.45508 18.23843 15.28088 19.23304 20.17292 19.06094
24.39772 23.15698 22.83175 18.01476 19.50011 20.31509 17.05114 21.39944 22.24015 21.01006
27.23064 27.75609 26.22719 20.69317 22.34551 22.6747 20.91233 23.70886 24.52277 23.47746
30.56788 32.96708 32.632 23.96796 25.4211 32.87982 30.65279 34.22676 27.70276 32.02492
35.51382 33.02307 34.64863 35.05516 32.556 32.95235 30.71821 34.30139 37.2665 32.08817
35.57054 33.07635 34.70791 35.11154 32.60363 33.02426 30.78366 34.37483 37.34814 32.15093
35.62588 33.12924 34.76639 35.16432 32.64963 33.09591 30.8483 34.44803 37.4286 32.21239
35.68058 33.18163 34.82464 35.21694 32.69539 33.16717 30.91296 34.52033 37.50838 32.27354
