6.63269 7.20839 8.55185 7.20172 8.41259 8.8447 9.95959 8.10182 10.83831 7.81911
6.63269 7.20839 8.55185 7.20172 8.41259 8.8447 9.95959 8.10182 10.83831 7.81911
6.63269 7.20839 8.55185 7.20172 8.41259 8.8447 9.95959 8.10182 10.83831 7.81911
6.63269 7.20839 8.55185 7.20172 8.41259 8.8447 9.95959 8.10182 10.83831 7.81911
6.63269 7.20839 8.55185 7.20172 8.41259 8.8447 9.95959 8.10182 10.83831 7.81911
6.63269 7.20839 8.55185 7.20172 8.41259 8.8447 9.95959 8.10182 10.83831 7.81911
6.63269 7.20839 8.55185 7.20172 8.41259 8.8447 9.95959 8.10182 10.83831 7.81911
6.63269 7.20839 8.55185 7.20172 8.41259 8.8447 9.95959 8.10182 10.83831 7.81911
6.63269 7.20839 8.55185 7.20172 8.41259 8.8447 9.95959 8.10182 10.83831 7.81911
6.63269 7.20839 8.55185 7.20172 8.41259 8.8447 9.95959 8.10182 10.83831 7.81911
6.63269 7.20839 8.55185 7.20172 8.41259 8.8447 9.95959 8.10182 10.83831 7.81911
6.63269 7.20839 8.55185 7.20172 8.41259 8.8447 9.95959 8.10182 10.83831 7.81911
6.63269 7.20839 8.55185 7.20172 8.41259 8.8447 9.95959 8.10182 10.83831 7.81911
6.63269 7.20839 8.55185 7.20172 8.41259 8.8447 9.95959 8.10182 10.83831 7.81911
6.63269 7.20839 8.55185 7.20172 8.41259 8.8447 9.95959 8.10182 10.83831 7.81911
6.63269 7.20839 8.55185 7.20172 8.41259 8.8447 9.95959 8.10182 10.83831 7.81911
6.63269 7.20839 8.55185 7.20172 8.41259 8.8447 9.95959 8.10182 10.83831 7.81911
6.63269 7.20839 8.55185 7.20172 8.41259 8.8447 9.95959 8.10182 10.83831 7.81911
6.63269 7.20839 8.55185 7.20172 8.41259 8.8447 9.95959 8.10182 10.83831 7.81911
6.63269 7.20839 8.55185 7.20172 8.41259 8.8447 9.95959 8.10182 10.83831 7.81911
6.63269 7.20839 8.55185 7.20172 8.41259 8.8447 9.95959 8.10182 10.83831 7.81911
