11.91609 9.05257 12.06804 14.55116 10.68353 17.40619 15.43252 16.0069 15.157 18.10941
12.09337 9.16584 12.1369 14.71149 10.7873 17.46036 15.53277 16.12346 15.23057 18.27852
12.33029 9.38447 12.29753 15.01887 10.98495 17.50429 15.73619 16.28447 15.40559 18.5178
12.71777 9.66666 12.52253 15.42534 11.26269 17.5654 15.92986 16.33599 15.62115 18.73189
13.17145 10.01129 12.88981 15.85057 11.5992 17.70453 16.17092 16.49837 15.82221 18.77412
13.78085 10.41996 13.70287 15.73746 11.68379 17.85841 16.54095 16.63856 16.03049 18.96983
13.93629 10.19521 14.28273 15.71369 11.51649 18.07357 16.93872 16.88878 16.1535 19.3012
14.00046 9.70534 14.61015 16.02584 10.93505 18.2698 17.36593 17.08017 16.30181 19.28656
14.71582 9.73527 14.92788 16.78168 11.31968 17.97314 17.64657 17.00473 15.85066 18.53835
15.62979 9.86218 15.47429 17.63122 11.68925 18.22617 18.18086 17.05985 16.0941 18.53443
16.61308 10.6356 16.43002 18.59399 12.49475 18.98064 19.13406 17.23708 16.81131 18.78409
17.6522 10.98062 17.54826 19.46625 12.33503 19.97547 20.54212 17.98148 17.29496 18.87288
18.59066 11.58644 18.85871 20.55123 13.0499 20.58671 22.02339 18.67304 18.05544 19.77323
20.01861 12.43744 20.21619 21.92785 13.94978 21.58008 23.78057 19.96678 19.468 20.61478
21.97622 13.65584 22.08521 23.88425 15.16939 23.15275 25.79211 21.55898 20.80417 21.77321
23.99458 15.34856 24.09469 26.10782 16.62779 24.93533 28.00972 23.39626 22.59785 23.29089
26.11449 17.13181 26.30162 28.62777 18.28092 26.89459 30.80729 25.71851 24.34417 24.92791
28.6173 19.00489 29.0477 31.42596 19.97058 28.98636 33.9722 28.35128 26.55582 27.1771
31.85907 21.0325 33.22553 35.29816 22.30456 31.25763 38.85421 40.42937 32.10646 29.24703
40.94159 32.76368 40.87901 38.99564 32.43168 43.02646 42.9334 40.52438 40.493 37.31988
42.7213 32.84395 40.95709 43.31142 32.48941 43.10754 43.00789 40.60437 40.57367 37.36957
