14.19206 12.60865 14.40042 12.68459 12.11946 17.19823 16.28395 17.12494 14.58724 12.10871
14.33418 12.6872 14.47004 12.79979 12.21638 17.28138 16.39673 17.20534 14.66045 12.19729
14.60671 12.87924 14.5919 13.01836 12.37315 17.45585 16.61846 17.35158 14.79611 12.37912
14.98431 13.12834 14.80003 13.2903 12.59887 17.64865 16.88988 17.52652 15.00227 12.61401
15.44092 13.46453 15.11862 13.61086 12.86072 17.96294 17.25855 17.77401 15.3963 12.95866
15.97918 13.86337 15.53206 14.10466 13.22708 18.42319 17.73098 18.1506 15.8101 13.35034
17.04123 14.46351 16.10714 14.6704 13.98789 18.90344 18.51618 18.87689 16.2925 13.89595
17.18825 14.31276 15.93452 14.68157 13.37245 19.6286 19.4096 19.98702 16.68588 14.39687
16.72044 14.25161 16.06814 14.85135 13.26257 19.65144 18.51239 19.50261 15.53894 13.22432
16.90034 14.6724 16.20937 15.30815 13.71534 19.71761 19.43656 19.81381 16.1804 13.37768
17.75748 15.42664 16.712 16.26956 14.04142 20.27676 20.28321 20.64953 16.76306 13.88872
19.21824 16.28766 17.96016 17.30404 14.88861 21.64786 21.11915 22.19036 18.19097 14.82511
20.84367 17.56361 19.36754 18.79298 15.94407 22.75165 21.91928 23.30268 18.96388 15.55528
22.58871 18.88781 20.68884 20.25822 16.91274 24.23574 23.20624 24.43459 19.76636 16.56311
24.42577 20.51315 22.58967 21.91238 18.20423 25.56458 24.76039 26.39517 21.28382 17.64807
26.7033 22.56224 25.0513 24.17098 19.86172 27.40836 26.97709 28.49376 22.99078 19.06435
29.524 33.69146 28.81554 27.06042 21.85054 29.49032 38.24011 38.94484 25.22885 30.89457
42.28333 34.39838 36.13492 37.59955 30.18905 43.69104 38.32613 40.81193 38.97819 30.96672
42.34899 34.45747 36.20075 37.6631 30.2406 43.78021 38.40973 40.90945 39.06846 31.04053
42.41462 34.5187 36.26239 37.72996 30.29148 43.8702 38.49569 41.00831 39.16014 31.11419
42.47905 34.57958 36.32395 37.79669 30.34224 43.95992 38.58251 41.10706 39.25154 31.18663
