11.24946 9.96535 10.19162 7.1692 8.02105 10.01365 7.5777 9.24048 9.72423 9.04505
11.32974 10.08506 10.24841 7.28561 8.09814 10.09471 7.73541 9.37269 9.82579 9.15168
11.49991 10.27496 10.34666 7.4808 8.25864 10.24263 8.02542 9.61653 9.99516 9.32747
11.90688 10.53247 10.64318 7.73558 8.44507 10.46506 8.31605 9.92533 10.28874 9.63049
12.4969 10.93453 11.00678 8.12882 8.68949 10.9655 8.70487 10.43965 11.03788 10.12292
13.46057 11.51376 11.54347 8.93884 9.06743 11.80412 9.03029 11.16782 12.02423 10.81353
13.49456 10.95583 11.68426 8.55282 8.47925 12.52738 8.78581 11.26888 11.9732 9.88881
13.42011 11.02379 11.69749 7.65238 8.09565 11.8196 8.64548 10.70443 11.83228 9.66306
13.64981 11.2985 12.0321 7.85076 8.51409 12.03443 8.99471 11.10022 12.20472 9.95766
14.27184 12.07611 12.85293 8.33531 8.8847 12.49285 9.62288 11.59822 13.07783 10.38075
15.7566 12.94081 13.75801 9.18774 9.65782 13.57345 10.21355 12.58114 14.03132 11.17565
16.975 13.97872 14.81578 10.01585 10.63982 14.79374 11.07197 13.60513 15.31966 11.8779
18.41524 15.38553 16.10735 10.97052 11.70451 16.07319 12.1375 14.78796 16.8534 12.9948
20.13158 16.64163 17.51521 12.02027 12.79729 17.67529 13.39904 16.32933 18.38736 14.10058
21.9527 18.24834 19.33018 13.46955 14.25459 19.4543 14.95978 18.01804 20.12242 15.33221
24.15629 20.56406 21.37586 15.1087 15.98246 21.81825 16.69791 20.08501 22.21483 16.97321
26.89421 23.40857 24.27708 17.23595 17.94472 24.28708 18.78531 22.37847 24.78678 18.87904
30.56973 29.08274 27.91316 19.63652 20.40246 27.49557 21.3198 25.41977 27.83485 21.08124
35.49827 34.30411 37.31279 25.17228 31.51066 40.04389 32.68143 38.40692 40.51811 32.17956
40.11827 34.36636 37.43572 34.42521 31.57222 40.14612 32.74281 38.50624 40.6083 32.29527
40.18971 34.42434 37.50421 34.48502 31.62248 40.21762 32.79864 38.57307 40.68006 32.34923
