10.47587 7.41086 10.2835 11.31049 8.88148 15.35611 12.99507 13.0667 11.84894 15.46356
10.63987 7.48582 10.39959 11.41725 8.9774 15.42861 13.11202 13.20634 12.01474 15.62779
10.83484 7.64673 10.6123 11.59108 9.11552 15.40079 13.32168 13.48286 12.21585 15.71173
11.09649 7.8495 10.87417 11.88138 9.37507 15.49726 13.61154 13.78273 12.45264 15.61336
11.65315 8.12395 11.26875 12.30461 9.70224 15.7061 13.75653 14.24185 12.70514 15.75382
12.31178 8.34489 11.97463 12.87727 10.11443 15.83299 14.26803 14.50787 12.95997 16.06295
12.54031 8.25125 12.61489 12.26251 9.71194 16.02136 14.72539 14.68411 13.01041 16.06573
12.14363 7.69406 12.57463 12.37972 9.15043 16.07676 14.98422 14.77161 13.05347 16.42149
12.95911 7.97456 12.957 13.38851 9.48818 16.0086 14.96603 14.43872 12.84256 15.52294
13.65297 8.56938 13.352 14.23293 9.86122 16.23985 15.65083 14.67939 12.85223 15.7268
14.87636 9.17318 14.29962 14.94263 10.73754 16.93257 16.4381 14.55953 13.84897 16.1961
15.8108 9.52945 15.57247 15.62053 11.06365 18.13551 17.61443 15.37965 14.28319 16.03344
17.26296 10.10111 16.8822 16.65744 11.5509 18.96223 18.89929 16.22273 15.05787 16.9884
18.74915 11.05192 18.23879 18.07936 12.30149 20.00495 20.49367 17.44219 16.2479 17.54482
20.52747 12.36498 20.05809 19.89589 13.42119 21.30033 22.22558 19.28656 17.57856 18.5126
22.59711 14.01533 22.1332 22.21598 14.75545 23.05224 24.37853 21.19255 19.53761 19.9439
24.82717 15.87629 24.13998 24.52181 16.32405 25.03089 26.69051 23.37652 21.49004 21.48845
27.24796 17.69846 26.70635 27.38098 18.13792 26.9698 29.93092 25.90137 24.0105 23.37344
30.36907 19.72628 29.78645 30.91549 20.66798 29.38529 33.28992 28.97925 26.82429 25.31525
34.01859 24.43226 34.48143 34.85435 27.28776 43.72155 42.62633 40.46065 29.83452 28.58826
42.69244 32.40721 40.97807 43.55568 31.30145 43.81776 42.70682 40.54249 42.82365 35.98405
