14.45882 11.82381 12.05439 11.7161 10.84663 16.97109 12.06113 12.03407 13.79589 11.69267
14.52623 11.90576 12.13854 11.76823 10.91087 17.05875 12.12083 12.09247 13.85872 11.7756
14.65624 12.1287 12.38912 11.85547 11.01865 17.19031 12.27193 12.16785 13.97392 11.92868
14.81964 12.39705 12.73271 11.95527 11.1356 17.33657 12.49648 12.31775 14.09165 12.14705
15.08788 12.7613 13.11075 12.16613 11.20327 17.49517 12.78845 12.51112 14.25095 12.42045
15.77565 12.89768 13.74494 12.62365 11.42896 17.71431 13.31253 12.8158 14.65505 12.76697
16.47725 13.19018 14.2891 13.38157 11.64779 18.13246 13.80946 13.16036 15.08504 13.19299
15.43648 13.20819 13.61741 12.66868 11.3679 18.6731 14.33401 13.7645 15.76354 13.13024
16.19798 13.52396 14.06604 13.42147 11.51371 18.57686 13.29051 13.3005 15.57905 12.43004
17.1264 14.03565 15.05175 14.151 12.23071 19.49995 13.73754 13.96087 16.00611 12.80059
18.34191 14.7523 15.95964 14.99705 13.24468 20.34209 14.60362 14.96696 16.65586 13.29672
18.8807 15.35203 17.41929 15.89501 14.35748 21.36602 15.36853 15.89981 17.61793 14.2013
19.85647 16.247 18.73523 16.85291 15.11619 22.61953 15.86937 16.48 18.45087 14.78944
20.8762 17.03338 19.72776 17.79083 15.6223 23.73189 16.42628 17.40448 19.84624 15.48908
21.86489 17.66994 21.00236 18.6793 16.72686 24.70169 16.79686 18.54487 20.82193 16.02462
23.28965 18.66465 22.56574 19.90964 17.85653 26.0661 17.35006 19.87021 21.96346 16.38719
24.99418 19.8984 24.33464 21.39343 19.17305 27.87044 17.91545 21.27853 23.11578 16.80193
27.00265 21.42058 26.5546 23.03459 21.09807 30.30967 19.05907 23.17977 24.91263 17.77167
29.65966 23.37132 29.52958 25.24622 24.17497 40.01006 20.86004 25.24953 27.31529 18.99973
33.48493 33.72683 43.58443 28.39722 33.28915 43.04058 35.07647 44.096 41.54557 33.3926
39.89127 33.78394 43.70188 38.40372 33.59568 43.14098 35.16178 44.20605 41.6569 33.4727
