15.45095 13.32134 11.03901 12.96533 12.5153 15.08834 13.48487 10.79473 13.5871 13.0896
15.5385 13.4466 11.13325 13.04815 12.61145 15.17909 13.58371 10.8587 13.65084 13.20416
15.70525 13.67223 11.32878 13.17539 12.78542 15.30819 13.73613 10.96825 13.77567 13.36086
15.9128 14.05358 11.62928 13.37552 13.00497 15.46278 13.94614 11.15807 13.93355 13.77111
16.13829 14.51868 11.92164 13.66898 13.24971 15.683 14.18514 11.40781 14.15362 14.18663
16.44344 14.61379 12.59257 14.18676 13.78179 15.96994 14.60758 11.71309 14.44794 14.74132
17.16667 15.08508 13.4342 15.10575 14.59396 16.27434 15.28239 12.19403 14.96869 15.35337
17.1 15.52896 13.42823 15.65158 14.3469 16.54224 16.14641 12.8226 15.17564 16.11422
16.91572 15.94072 13.14977 15.55872 14.30926 15.95146 16.18298 13.0941 15.3837 16.54311
17.71285 16.96111 13.78519 15.92204 14.19743 16.01839 16.22399 12.19793 15.37766 16.40773
18.87783 18.06427 14.71923 16.67222 14.81731 16.77339 16.47721 13.15143 16.33583 17.00383
20.15682 19.27841 15.8418 17.7909 15.57021 17.78824 17.30489 14.18337 17.56823 17.89208
21.50865 20.99047 17.37775 19.2059 16.7146 18.71674 18.56711 15.30225 18.24906 19.31451
22.96738 22.67121 18.86982 20.61651 17.92892 19.53128 19.71774 16.53174 19.40821 20.89656
24.61222 24.50936 20.69994 22.28355 19.59284 20.61961 20.93808 17.75773 20.83323 22.4035
26.70849 26.84464 23.1534 24.47363 21.4767 22.17438 22.64894 19.59842 22.31582 24.06818
29.52865 30.15547 26.22803 27.18822 23.8862 24.27862 25.28453 21.80883 24.33999 26.19938
40.75071 39.85118 38.214 30.97386 27.15916 39.75699 40.62053 35.77986 40.71931 40.18093
40.82669 39.92104 40.45457 40.81823 35.80474 39.85086 40.72105 40.01068 40.82282 40.27277
40.89804 39.99076 40.53859 40.89251 35.86265 39.94904 40.82071 40.1184 40.92875 40.36289
40.96889 40.06091 40.62089 40.96596 35.91889 40.04684 40.92008 40.22525 41.03441 40.45738
