19.6434 16.06617 16.37379 17.65278 14.1199 23.26005 18.91357 21.47598 16.68036 20.64323
19.74644 16.1622 16.52656 17.83824 14.33175 23.35291 19.01485 21.62287 16.7803 20.75786
20.02247 16.23495 16.73805 17.96269 14.50292 23.56382 19.20805 21.64978 16.98409 21.01399
20.41309 16.22806 16.99579 18.3102 14.75653 23.81337 19.47291 21.75573 17.21992 21.34185
20.69147 16.37466 17.34718 18.81788 15.10141 24.08604 19.6605 21.89431 17.43947 21.74735
21.24171 16.53481 17.76151 19.37978 15.54428 24.36312 19.91153 22.17557 17.74206 22.06158
21.41298 16.33532 17.53278 19.14812 15.29963 24.84344 20.35309 22.63282 18.11114 22.43611
21.23234 16.43248 17.31026 19.34009 15.65365 24.44933 20.96608 23.12349 18.07694 23.04963
21.88609 16.93916 17.57187 19.76507 16.36045 23.781 21.25723 23.31329 16.67763 22.89735
22.56572 17.46332 18.27825 20.71838 17.21762 24.46423 21.48471 23.72798 17.00521 21.70114
23.15615 18.52082 19.14541 21.79779 18.21293 24.60253 21.84317 24.99376 17.73237 21.69443
24.09327 19.38394 20.41058 22.72286 19.23349 25.35097 23.29708 26.28151 18.27959 22.20104
25.40627 20.87758 21.77638 23.99362 20.15537 26.10945 25.09419 27.75641 19.33793 23.05364
27.07488 22.3962 23.51789 25.74978 21.60716 27.34897 26.77232 29.34425 20.92314 24.30894
29.19321 24.21206 25.54876 27.9227 23.30051 29.21352 29.1391 31.70157 22.60366 25.68623
31.51241 26.29495 27.86582 30.41801 25.27434 32.65818 31.694 34.47359 24.75095 30.39211
34.86855 28.53154 31.28018 33.44386 27.69384 36.9624 34.97217 37.64374 27.14659 32.851
38.68494 32.0004 34.47344 37.54131 30.9664 42.23215 40.27648 39.35582 29.66712 35.54917
38.82938 33.787 37.67367 42.5316 32.29855 44.84377 40.356 42.24759 42.50759 35.60954
38.88481 33.83902 37.73001 42.61384 32.34348 44.92368 40.43403 42.33869 42.60075 35.66892
38.93601 33.88828 37.78227 42.6783 32.38451 45.00218 40.5096 42.42688 42.69228 35.72784
