16.6741 14.11596 12.22307 13.62286 12.78915 16.40581 14.6308 11.6932 14.35463 14.23214
16.76303 14.16113 12.29591 13.67436 12.85931 16.47522 14.69682 11.75257 14.40254 14.35813
16.84673 14.25199 12.43229 13.79229 12.97207 16.56234 14.8659 11.8311 14.48287 14.53962
16.95831 14.46034 12.63352 13.94617 13.08587 16.66374 15.07552 11.97411 14.60972 14.82287
17.09345 14.68012 12.81279 14.14568 13.2427 16.81096 15.28869 12.10601 14.7776 15.17663
17.37072 14.94053 13.24286 14.4308 13.50699 16.93798 15.54998 12.34479 15.01937 15.58283
17.99433 15.31965 13.87287 15.04495 13.93619 17.09591 15.92944 12.64558 15.36284 16.10977
18.53464 15.71208 14.2036 15.87975 14.26556 17.55017 16.59024 13.01595 15.41038 16.83159
17.85844 16.073 13.70266 15.96488 13.71447 17.7486 17.09155 13.39172 15.6474 17.23896
19.3587 16.5337 15.11653 16.16976 13.48653 17.70456 17.00676 13.42502 16.11797 16.58163
20.31843 17.53237 16.17818 16.73928 13.81768 18.49676 17.10043 14.40073 16.71723 16.73585
20.92107 18.69217 17.41288 17.81055 14.57884 19.01896 18.16272 15.35354 17.74162 17.60702
22.29305 19.8914 18.78331 19.0946 15.34126 19.86852 19.41378 16.10251 18.54174 18.86599
23.52589 21.0782 20.06592 20.11976 15.82338 21.07947 20.60874 16.767 19.64101 20.01607
24.32587 22.29716 20.87856 21.36698 16.61924 22.19981 21.93921 17.96234 20.9863 21.01686
25.45328 23.99882 22.09507 22.3119 17.49269 22.78036 22.35942 19.23955 21.83006 22.28761
26.93115 26.01705 23.55228 23.684 18.87074 23.8568 23.60863 20.6919 22.84727 23.85448
29.03403 28.74978 25.70335 25.56893 20.80087 25.20779 25.51617 22.47932 24.27881 25.64919
31.89404 31.85269 28.72603 28.16429 23.39115 27.28627 28.58552 24.6321 26.72322 27.71463
40.78333 39.59392 40.23863 39.0638 31.86668 41.22945 42.28526 39.86852 39.49725 40.42962
40.85051 39.65592 40.33408 39.13425 31.91762 41.30872 42.36981 39.96241 39.5927 40.50735
