14.91205 12.17115 11.06294 12.07534 11.1957 15.31119 12.17321 10.93547 13.07803 12.43298
14.99147 12.31799 11.19334 12.14907 11.32984 15.38385 12.28329 10.98954 13.1816 12.5927
15.08873 12.62493 11.45227 12.31029 11.51564 15.47795 12.48576 11.14519 13.34966 12.91419
15.28372 12.93348 11.81794 12.58871 11.6641 15.54631 12.82526 11.24907 13.52701 13.33613
15.67844 13.30429 12.37073 12.97393 11.85627 15.5768 13.25697 11.47938 13.28078 13.68559
16.30489 13.67788 12.9077 13.67673 11.65795 15.5821 13.66988 11.71853 13.37426 14.08461
15.75859 13.64266 12.38972 13.88681 11.23179 15.91517 14.07362 11.85414 13.62124 14.63646
15.63553 13.90027 12.22508 13.94059 10.93673 15.88058 14.38433 11.69668 13.31855 14.94276
16.90375 14.29891 13.34919 14.62049 11.17248 15.72748 14.20677 12.0098 13.52661 14.02549
17.60595 14.8613 14.20387 15.12329 11.68735 15.63153 13.74543 12.18878 13.66425 14.23513
18.57099 15.57425 15.5233 15.75784 12.11626 15.88179 14.60423 12.89935 14.31296 15.02899
19.54195 16.59365 16.58489 16.58541 12.68385 16.81439 15.38878 13.51112 15.42863 15.55524
20.38467 17.71223 17.47515 17.5766 13.08097 17.08825 16.81804 14.49553 15.89681 16.96326
21.28308 19.27019 18.78649 19.13536 14.17246 18.19182 18.07422 16.10542 17.00663 18.17245
22.91471 21.15553 20.52763 20.92758 15.58735 19.17797 19.96184 17.37579 18.77612 19.80719
24.92949 23.28995 22.66238 23.1765 17.26679 20.79836 21.63719 19.10239 20.61721 21.71469
27.12971 25.55556 24.92317 25.66746 19.19077 22.51306 24.36292 20.75682 22.61493 23.88063
29.73481 28.39538 27.71732 28.42133 21.72911 24.52429 26.80327 22.79467 24.70108 25.86041
33.60875 31.5778 31.58111 31.26642 24.91438 26.93648 32.51778 25.14235 27.07195 28.1182
41.50562 35.98363 42.48546 41.19134 27.83726 41.29825 39.73766 27.94409 30.05583 30.88593
41.61245 39.63386 42.62076 41.28152 33.48397 41.37779 39.81971 42.72666 42.70752 40.91107
