14.24646 11.51503 10.74894 11.45319 10.58719 15.14956 11.70589 10.25007 12.31032 11.07466
14.3453 11.67012 10.90835 11.52252 10.79566 15.23887 11.76272 10.28799 12.36812 11.19065
14.49269 12.03725 11.21679 11.73247 10.94079 15.34756 11.99214 10.39173 12.43176 11.48688
14.71045 12.32869 11.73473 12.1081 10.90361 15.4495 12.29518 10.4235 12.5929 11.85669
15.1381 12.71175 12.29634 12.52983 11.12641 15.43737 12.63554 10.59327 12.96331 12.2304
15.74329 13.02065 12.86603 13.18955 11.20321 15.52509 13.19708 10.73216 13.07398 12.5221
15.2073 12.7765 12.24828 13.37937 10.59835 15.89357 13.41718 10.66444 13.25389 12.77874
15.279 12.9814 12.30647 12.90876 10.39716 15.89504 13.89261 10.28193 13.41556 13.01571
15.81491 13.21522 13.36334 13.67146 10.71112 15.31346 13.54698 10.55894 13.43938 11.62819
16.73061 13.97045 14.47282 14.52136 11.10991 15.49756 13.37289 10.98758 13.76716 11.69445
17.42281 14.66183 15.75018 15.27069 11.58562 16.1737 14.11814 11.82446 14.46085 12.34405
18.22986 15.66678 16.74665 16.24447 12.18331 16.72468 15.01028 12.36335 15.14179 12.75442
19.1785 16.48148 17.68435 17.09403 12.78232 17.12405 16.22818 13.15518 15.7265 13.93051
20.14807 17.90227 19.01472 18.53256 13.79392 18.30787 17.70304 14.85869 16.91576 15.01942
21.98154 19.58929 20.9693 20.21126 15.08418 19.33321 19.27446 15.98472 18.47023 16.60806
23.99611 21.63337 23.22154 22.36818 16.81919 21.04821 21.12951 17.62492 20.4705 18.28046
26.24721 23.8754 25.76224 24.92492 18.66431 22.66531 23.18519 19.30638 22.49035 20.04455
28.63581 26.36665 29.20105 27.53025 20.9628 24.5693 25.66921 21.49903 24.66343 22.07812
31.7212 29.0752 33.56887 30.5616 24.029 26.98883 33.01569 23.93713 27.19896 24.21944
39.81314 31.84288 42.98358 38.05449 27.18519 29.6823 39.85327 39.33655 42.46576 26.14254
41.85769 39.77714 43.09212 41.32703 32.50203 43.82206 39.9351 39.42303 42.55832 38.02121
