15.78424 13.69302 12.19158 13.26563 11.88638 16.09247 13.31293 12.0273 13.3061 14.21909
15.8467 13.73322 12.27263 13.33507 12.06923 16.17197 13.39216 12.08765 13.38326 14.27501
15.95399 13.73912 12.38194 13.42628 12.26701 16.27411 13.53024 12.19501 13.49781 14.31805
16.08935 13.86489 12.59457 13.60337 12.3118 16.33971 13.70167 12.31804 13.6444 14.42265
16.29117 14.13207 12.80353 13.90985 12.23327 16.37373 13.94489 12.45489 13.68063 14.46144
16.51458 14.364 13.0186 14.34883 12.18626 16.41211 14.18483 12.61594 13.71263 14.63534
16.38204 14.72434 12.59881 14.58234 11.83003 16.61627 14.27924 12.79471 13.76206 15.08473
16.5737 15.08694 13.1862 14.80475 11.72454 16.14513 14.55398 12.79056 13.56875 15.35832
17.87823 15.89299 14.562 15.64778 12.13751 16.35323 14.62587 13.41829 13.96768 15.30035
18.8527 16.90384 15.76157 16.43576 12.48635 16.70879 15.15142 14.10778 14.63515 15.84657
19.48433 18.0016 16.32354 17.37921 13.45979 17.61282 16.01652 15.37437 16.17104 16.96433
20.67335 19.43189 17.47311 18.25666 14.42647 18.38641 17.46097 16.32417 16.49769 17.75902
21.90055 21.1311 19.02745 19.69876 15.34465 19.47226 18.3307 17.591 17.53714 19.33829
23.63374 23.04844 20.83521 21.3944 16.49827 20.64646 20.0458 19.15344 18.8428 21.02355
25.50727 25.19805 23.1764 23.40098 18.17191 22.23871 22.03427 21.18414 20.41869 22.69744
27.57277 27.6991 25.79126 25.63755 19.88924 24.1628 23.91218 23.15874 22.52705 24.79153
30.17778 30.79991 28.20087 28.1669 22.13883 26.28732 25.93594 25.42455 24.70097 27.07093
33.11608 34.70581 31.60973 30.97297 25.18764 28.74824 29.05151 27.83448 27.14397 33.60371
40.89225 42.41596 39.99662 34.54016 30.78105 44.55069 42.81409 32.49873 43.1776 42.92194
43.3355 42.48975 44.63473 43.02075 35.48166 44.64932 42.91651 45.29833 43.28788 43.0192
43.40808 42.55825 44.72121 43.09749 35.53989 44.74608 43.01573 45.41106 43.39847 43.11433
