14.04242 12.58081 12.19492 11.98531 9.99365 12.56177 12.92747 16.11533 12.08227 15.18022
14.12084 12.71109 12.35654 12.08818 10.17735 12.6691 12.99368 16.20688 12.15028 15.24283
14.2485 12.9169 12.52481 12.24096 10.50504 12.84697 13.00853 16.31538 12.25893 15.357
14.39002 13.06493 12.71661 12.30763 10.93297 13.11409 13.03638 16.51543 12.25712 15.53377
14.59757 13.39867 13.09238 12.45234 11.1868 13.38136 13.10334 16.77449 12.42311 15.8237
14.95957 13.64166 13.21815 12.9385 11.03025 13.68587 13.20075 17.06145 12.55663 16.24197
13.90813 13.0653 12.96002 12.25068 10.03521 14.11583 13.4486 17.30346 12.55456 16.7875
13.94404 12.98527 13.42138 12.14186 9.61106 14.44047 13.33588 17.21501 12.32418 16.8547
14.50797 13.37658 14.15468 12.86352 9.72718 12.95868 13.26563 16.71529 12.20561 16.98603
15.11669 13.93995 15.16214 13.51583 10.03071 12.4573 13.40784 16.90154 12.634 17.47977
16.07525 14.98967 16.3739 14.59808 10.57237 12.59163 14.0413 17.80975 13.66979 18.40886
16.55704 15.94996 17.42428 15.75636 11.26393 13.374 14.6115 18.81694 14.97371 19.60913
17.47449 17.19973 18.74716 16.96121 12.19562 14.72517 15.91797 20.48249 16.56064 20.70416
19.11542 18.87209 20.58936 18.57638 13.48821 16.3281 17.3208 22.29971 18.32678 22.63194
20.94046 20.86453 22.86086 20.68993 15.0195 18.2618 19.18969 24.44353 20.33615 24.62386
23.21106 23.14944 25.48748 23.13651 16.79758 20.43775 20.90394 26.98891 22.69726 26.65361
25.85742 25.87473 28.67154 25.88812 18.76012 22.88889 22.85105 29.80228 25.4333 29.03384
29.16142 29.17191 32.72015 29.25641 20.73468 25.53264 25.24311 32.42623 28.35896 31.51837
33.30696 34.05694 39.61179 33.9848 23.17655 27.7924 28.05189 35.27477 31.50647 34.49519
42.71924 39.61284 44.0143 43.16739 33.81815 30.47658 42.14107 47.01922 47.70657 44.72233
42.82248 39.72301 44.14964 43.33153 33.90062 44.20257 42.23668 47.13636 47.83715 44.80477
