21.34064 15.23798 16.93186 15.8182 13.40515 21.77168 18.91743 19.7526 15.73713 20.44275
21.48088 15.30705 16.99385 15.89577 13.44292 21.86401 19.075 19.854 15.79834 20.55433
21.80558 15.43768 17.19806 16.05039 13.56307 22.03034 19.2759 19.93935 15.92766 20.79823
22.29098 15.36252 17.40672 16.32912 13.72413 22.20315 19.47361 20.07346 16.06259 21.19079
22.97408 15.45018 17.6372 16.74548 13.8424 22.29722 19.76455 20.22143 16.20995 21.74373
23.64556 15.42012 18.07309 17.36856 14.01764 22.36509 20.09033 20.47158 16.44124 22.28405
23.93332 15.15415 18.23898 16.8499 13.48756 22.59364 20.60132 20.89287 16.65785 22.92664
24.39852 15.02023 18.2021 16.54954 13.5751 21.68338 21.13954 20.90417 15.99373 23.42381
24.97578 15.23429 18.515 16.97699 13.80085 20.88815 21.56966 20.6821 15.38039 23.41303
25.9067 15.64921 19.31015 17.75825 14.3129 20.38252 22.38541 21.13239 14.74892 22.27092
27.22549 16.48591 20.42504 18.60873 14.85113 20.82714 23.48731 22.07023 15.60964 21.55293
28.36658 17.07568 21.44158 19.58638 15.77254 21.09292 24.84688 23.06928 16.01787 21.96642
29.99116 17.91056 22.79532 20.64237 16.59591 21.92734 26.1953 24.14869 17.11315 22.61075
31.758 19.03365 24.48264 22.06135 17.64084 23.35925 28.09902 26.01246 18.4345 23.89917
33.84499 20.53544 26.56075 23.91671 19.03289 25.04383 30.1244 27.80283 20.05423 25.59916
36.13987 22.25414 28.78125 26.14498 20.52584 27.42839 32.61127 30.00166 21.87208 27.93267
38.98566 24.58122 31.7115 28.69625 22.77258 30.65062 35.61743 32.25461 24.09929 32.92538
42.73246 27.83493 35.5325 32.02369 25.44208 34.505 39.51066 36.23188 26.5282 35.36713
44.97359 31.6288 39.0707 36.44311 29.90675 42.65995 43.1059 38.53633 29.15527 37.83811
45.09284 33.59669 40.82382 40.83293 32.28572 45.46952 43.19477 42.06795 42.00607 37.90605
45.17505 33.67029 40.89986 40.95525 32.34266 45.55078 43.27636 42.15511 42.10403 37.96676
