8.95021 9.9242 11.32961 9.67609 10.84863 11.65053 12.29907 11.10849 11.86755 10.64431
9.11374 10.02491 11.4508 9.8212 11.0189 11.78739 12.41194 11.1918 12.01803 10.72333
9.45723 10.22878 11.67416 10.08463 11.11522 12.00265 12.60211 11.39245 12.28439 10.8969
9.89955 10.69028 11.95382 10.40234 11.27379 12.34241 12.88472 11.6768 12.50379 11.12075
10.38503 11.19381 12.34432 10.84689 11.7633 12.8727 13.25191 12.09259 12.7707 11.3749
11.07565 11.57857 12.87903 11.49496 12.08535 13.42119 13.47536 12.20334 13.22725 11.71986
10.30275 11.40719 12.47456 11.07585 11.87424 13.76783 13.64289 12.52974 13.81136 12.11122
9.40099 11.21291 11.95182 10.20289 11.93633 13.24102 13.56241 11.83352 13.23921 11.86787
9.38709 10.97973 11.96425 10.45857 12.18081 12.59306 13.33396 11.28313 12.33643 11.59857
9.56307 11.46258 12.26286 10.63305 12.5511 12.56984 13.20137 11.62088 12.13026 11.74225
10.40407 12.3279 13.16086 11.24941 13.69566 13.26597 13.84917 12.35557 12.87636 12.60706
11.17793 13.30897 14.24449 12.19579 15.00784 13.8778 14.7601 13.30668 13.67888 13.58599
12.47795 14.66911 15.70728 13.49412 16.37909 15.31275 16.11826 15.19533 14.64815 14.61734
14.20427 16.39516 17.38266 15.20884 18.3374 17.52036 18.53275 18.02465 16.27744 16.85529
16.31893 18.89238 20.10435 17.79578 20.8716 20.39914 23.32554 20.81106 18.92604 19.98727
19.06287 22.00591 23.74482 21.1954 24.23988 24.32919 30.63166 24.49593 22.67147 24.45093
23.12294 26.52863 28.46286 27.48161 29.41236 31.67643 30.70319 31.1533 32.16195 31.21528
32.77037 31.66818 31.03317 33.6944 31.28599 31.75282 30.77422 31.22735 32.23644 31.28641
32.83779 31.72331 31.08765 33.75046 31.33818 31.82821 30.84461 31.30098 32.31025 31.35669
32.89567 31.77645 31.14121 33.8048 31.38903 31.90227 30.91329 31.37398 32.38272 31.42675
32.95255 31.82951 31.19466 33.85836 31.43871 31.97586 30.98075 31.44651 32.45427 31.49515
